1078 952
992 957
924 950
841 957
1151 934
1076 933
1028 937
985 937
950 932
915 935
876 938
829 922
1134 919
1082 916
1039 892
966 913
880 892
840 911
1147 894
1106 885
1013 887
969 890
932 894
890 898
794 890
1168 876
1134 861
1086 859
999 861
946 846
1036 848
952 846
896 852
853 849
805 843
763 849
1004 814
913 812
762 821
1212 793
1150 787
1110 783
1050 784
1004 783
958 784
896 786
853 788
802 784
756 788
1206 731
1166 760
1109 758
1044 755
843 750
792 761
1258 718
1213 727
1100 720
1043 716
936 724
817 715
770 715
1234 664
930 668
872 665
769 673
1292 629
1160 643
1105 643
1041 636
973 633
917 643
735 640
1087 596
1019 590
964 580
829 593
691 574
1224 534
1139 502
1086 530
938 536
797 539
662 537
1349 475
1129 490
1053 481
989 471
912 476
681 485
1262 423
1180 425
1018 413
945 427
879 420
724 426
1343 330
1259 359
1177 338
1109 351
1017 357
861 326
757 345
680 346
1383 236
1111 264
1034 253
936 247
854 246
772 255
678 258
580 257
1388 172
1315 144
1200 162
1027 156
931 154
828 143
642 154
564 141
1358 51
1262 45
1064 44
851 42
758 66
639 34
