1148 711
1121 711
1076 712
1051 708
946 710
916 713
840 711
1124 698
1084 706
1017 707
985 708
909 704
873 705
835 708
1151 699
1006 705
890 702
852 697
816 700
1147 693
1108 697
1063 697
1023 692
940 696
903 698
867 698
820 692
1183 691
1138 694
1087 685
1049 691
1015 682
963 667
884 690
837 690
799 686
1193 690
1061 690
875 685
830 691
796 688
1042 680
997 678
949 682
861 672
821 678
1219 669
1121 662
1083 675
1033 674
972 674
932 673
880 644
836 679
788 678
1264 663
1231 662
901 655
849 668
1236 624
1184 648
1123 659
1057 653
995 657
953 654
832 653
773 645
1324 646
1195 641
1059 646
1008 631
937 647
869 642
809 647
749 603
1358 591
1218 631
1166 630
1006 613
741 632
1390 608
1307 621
1093 612
1000 623
932 579
1475 590
1356 574
1291 591
1190 588
1107 572
959 545
845 576
787 598
690 600
1353 559
1151 565
1060 579
989 515
875 564
781 577
1402 546
1275 552
1180 540
754 539
639 536
555 529
1568 495
1448 454
1332 514
1214 508
1115 510
1005 503
863 484
765 519
596 519
507 516
1775 450
1582 451
1465 445
1300 449
1157 431
991 368
833 447
1826 342
1688 382
1133 397
587 373
397 391
1623 254
1450 122
953 167
658 201
431 196
176 242
1432 8
