1067 951
851 953
1218 959
1160 947
1033 949
972 955
921 960
730 954
1251 937
1203 917
1136 914
1014 917
941 894
1068 902
948 899
869 907
808 902
738 895
679 904
1023 855
892 853
672 866
1333 827
1241 819
1183 812
1093 813
1025 813
956 814
864 818
800 821
725 815
658 820
1328 736
1271 780
1186 777
1088 773
782 764
706 782
1422 717
1352 731
1178 719
1088 713
923 726
738 711
663 711
1403 629
911 635
817 631
654 643
1509 569
1291 591
1199 592
1093 581
981 575
889 592
588 587
1177 505
1060 496
967 478
736 502
498 469
1438 382
1274 337
1187 376
920 394
668 395
424 390
1698 253
1277 286
1136 266
1014 245
869 261
437 277
1564 124
1393 136
1076 100
930 134
797 120
494 139
