1824 422
1861 423
1797 429
1719 392
1581 443
1855 421
1790 402
1716 413
1605 429
1654 421
1516 423
1481 442
1434 435
1714 391
1640 397
1527 425
1431 421
1646 396
1524 416
1327 429
1307 439
1602 371
1534 403
1432 419
1370 423
1345 426
1256 438
1239 433
1476 361
1400 405
1376 413
1278 427
1246 434
1227 424
1337 316
1259 405
1220 418
1159 431
1114 432
1130 414
1117 423
1087 436
1062 439
1068 441
1016 388
1021 401
1020 421
999 416
995 429
996 429
1000 432
868 383
899 402
897 402
913 425
910 416
907 400
915 427
917 440
696 361
714 400
767 395
784 406
835 436
849 427
588 327
635 350
700 417
720 423
764 431
783 428
336 382
405 383
483 383
667 437
683 426
314 387
403 405
437 396
554 410
578 426
624 440
648 436
105 378
308 407
516 416
584 435
61 388
194 409
260 404
307 405
470 429
489 440
179 406
247 405
302 421
370 431
493 431
11 414
199 411
307 418
353 435
396 431
53 416
119 420
197 435
295 439
344 440
47 432
139 433
209 437
44 428
119 402
64 427
