1054 704
1017 706
899 705
1116 698
1076 698
958 697
886 701
838 700
1146 698
1102 688
1069 696
1025 688
978 692
934 691
900 690
865 688
827 696
1182 689
1131 687
1100 688
1047 680
961 692
841 683
1165 681
1122 678
1029 675
905 681
999 648
854 672
806 680
1200 659
1101 671
996 670
939 640
887 673
792 660
1175 666
951 663
905 654
780 650
1293 653
1234 646
1055 657
992 656
935 617
875 655
814 640
1342 640
1293 632
1144 647
1084 627
1031 605
837 647
766 645
1331 592
1281 624
1216 624
1143 622
1061 635
985 633
853 633
713 623
1389 614
1231 611
1074 611
978 607
838 613
754 569
676 569
1319 539
1142 574
889 574
722 591
1500 507
1412 556
1324 571
1236 577
1141 549
1026 556
931 553
852 555
749 565
1394 518
1258 531
710 537
590 533
1444 484
1310 490
1050 499
954 498
796 481
693 495
1754 357
1141 432
1002 403
828 428
689 407
530 354
344 428
1551 328
1400 331
995 326
779 298
250 352
1900 187
1480 228
1266 229
974 207
548 148
