1658 668
1609 667
1514 680
1418 685
1661 662
1575 673
1511 673
1443 681
1734 652
1648 659
1601 665
1559 669
1525 669
1495 673
1464 676
1421 671
1703 652
1645 656
1598 640
1530 665
1452 655
1425 670
1704 646
1657 643
1563 654
1523 661
1491 666
1458 670
1381 672
1714 643
1675 634
1622 640
1539 647
1489 640
1562 651
1488 655
1443 662
1409 662
1371 665
1344 671
1519 644
1443 649
1334 666
1715 624
1645 628
1604 629
1548 633
1506 637
1467 641
1417 651
1386 655
1348 656
1319 660
1689 591
1647 622
1588 628
1528 633
1365 645
1334 654
1727 601
1678 613
1560 624
1511 622
1424 638
1335 644
1304 648
1669 595
1398 630
1355 634
1290 641
1713 581
1579 606
1529 611
1473 610
1418 615
1379 629
1259 641
1491 607
1435 610
1391 610
1302 627
1214 630
1588 581
1507 557
1464 594
1356 604
1265 623
1189 633
1684 553
1481 588
1418 594
1367 596
1318 603
1185 625
1568 562
1498 567
1367 588
1322 598
1278 603
1192 614
1607 522
1535 552
1458 558
1410 569
1347 580
1240 584
1188 597
1150 607
1598 504
1380 555
1324 560
1262 548
1213 584
1173 591
1127 592
1085 611
1569 501
1491 510
1410 522
1287 560
1231 570
1173 569
1088 590
1049 575
1489 486
1406 518
1278 504
1159 557
1121 574
1061 574
1450 471
1285 504
1228 530
1164 541
1120 551
1567 388
992 559
1391 391
1308 432
1213 463
1135 479
1073 500
1009 514
972 523
913 536
882 558
1225 401
1130 434
847 523
1267 263
1016 405
815 488
768 513
737 529
1450 118
1249 216
1159 270
1050 319
960 369
876 388
830 433
760 447
721 482
669 491
1170 112
1036 169
926 253
786 355
721 399
643 419
569 454
558 489
899 61
797 158
703 151
620 299
602 310
499 406
432 452
549 35
512 150
463 218
419 283
340 363
334 388
298 424
