1141 688
1091 693
1007 697
974 694
935 693
884 692
848 687
1163 687
1118 686
985 678
944 688
890 690
849 684
803 688
1206 670
1108 674
1069 683
969 672
920 678
832 684
1146 676
998 674
945 674
895 678
852 673
799 676
1235 668
1116 660
1004 655
958 663
854 661
797 663
1276 648
1209 652
1105 655
1044 642
864 651
801 659
760 645
1232 646
1120 631
921 640
1272 635
1202 633
1134 627
997 641
923 595
788 634
711 640
1345 573
1129 610
1039 623
969 598
828 612
738 604
677 619
1227 603
1147 605
1055 607
978 580
886 605
817 589
736 590
658 602
1490 575
1404 570
1318 572
1226 538
1023 571
764 562
663 564
1418 552
1101 558
558 529
1650 480
1408 513
1276 499
1171 517
933 499
664 504
1727 430
1132 461
827 421
679 429
557 429
404 467
1895 370
1729 346
1557 371
1375 367
1020 370
794 376
627 377
465 370
232 347
1683 200
1407 193
407 212
