1163 685
1094 707
1055 710
952 705
880 709
839 710
1134 683
991 705
963 698
886 702
848 707
1115 702
1065 699
1032 695
991 698
951 698
921 700
872 690
834 699
1202 692
1162 696
1075 691
1038 696
987 685
948 692
867 696
1198 683
1160 686
1076 688
1027 690
981 682
941 681
896 688
847 687
806 689
1191 674
1010 684
961 686
1251 673
1198 679
1101 668
858 672
797 675
1271 669
1206 668
1117 661
1003 669
956 672
1166 661
1123 662
1014 661
956 664
899 666
836 647
777 657
1303 656
1246 646
1113 650
1060 649
885 652
818 647
1286 631
1236 636
1173 637
1098 634
962 643
1217 630
934 626
870 623
785 633
726 618
1395 616
1233 591
1066 569
996 606
849 563
688 612
1241 589
1081 583
985 589
809 584
724 584
1330 547
1128 540
1031 560
734 513
1522 533
1423 527
1064 521
595 524
1669 477
1376 479
1247 481
949 480
849 489
719 453
579 491
395 465
1890 327
1779 425
1427 422
1307 419
937 404
765 374
648 383
424 411
1831 262
1565 317
1344 296
1137 269
907 287
679 296
510 298
1608 53
403 63
53 95
