1161 772
1095 764
948 771
800 776
737 768
1208 738
1164 734
1109 740
988 743
942 734
889 733
830 738
777 736
719 738
1252 696
1018 670
959 694
902 695
839 699
795 696
720 689
1254 648
1215 641
1074 643
1031 657
962 639
900 647
711 647
1209 603
1147 600
1089 599
693 612
1320 551
1249 528
856 529
781 544
1281 500
1121 497
1043 494
988 480
899 482
768 502
694 487
1334 426
1263 430
1197 420
1022 420
883 434
817 420
1266 360
1181 368
1107 376
1011 345
934 351
859 351
688 374
1372 262
1215 272
1042 279
846 266
681 275
590 274
