1094 957
1055 954
938 952
867 957
820 958
1120 942
1078 934
1046 939
1003 934
957 936
915 937
882 933
847 931
810 942
1150 916
1102 916
1072 918
1021 907
939 919
826 910
1129 896
1089 891
1003 891
887 896
973 847
840 869
796 873
1149 841
1062 850
968 851
919 822
871 852
787 838
1122 829
927 827
888 814
780 814
1216 799
1165 792
1014 796
961 796
914 769
863 800
812 785
1243 760
1201 752
1082 768
1032 747
990 734
833 768
776 762
1218 702
1182 724
1131 726
1075 725
1011 735
951 729
848 731
739 723
1246 683
1130 683
1015 686
944 683
839 685
779 662
723 658
1178 611
1056 632
879 627
760 644
1279 564
1227 594
1168 600
1110 604
1046 586
971 592
908 586
856 592
788 589
1190 535
1109 544
771 545
699 539
1192 479
1117 481
973 487
919 486
831 484
774 479
1314 391
1010 414
940 401
855 403
786 406
709 390
621 403
1364 338
1171 334
1102 330
931 326
842 318
610 343
1368 257
1292 233
1224 236
1099 260
1022 259
918 248
772 238
1408 138
1318 150
1241 138
1147 125
1043 133
948 156
839 157
657 139
1374 0
1158 43
1065 14
933 30
