1826 430
1879 412
1782 412
1711 428
1848 410
1771 402
1674 376
1627 427
1906 369
1795 404
1720 410
1793 393
1599 406
1503 428
1439 425
1731 364
1481 411
1405 378
1576 379
1317 427
1774 294
1565 307
1239 413
1531 214
1245 363
1226 372
1179 383
1154 403
1107 417
1087 355
1109 383
1055 373
1040 391
1015 421
849 247
908 336
888 369
890 372
905 398
930 414
910 400
923 416
928 431
457 223
628 319
756 371
787 397
832 407
846 417
61 266
551 337
643 399
688 412
712 410
728 406
764 382
214 316
322 347
513 391
561 407
145 354
295 390
403 378
530 413
542 374
590 417
203 393
278 388
475 401
530 389
106 391
398 429
328 385
156 398
236 425
89 422
194 430
