1862 683
1640 694
1588 705
1515 710
1476 713
1416 705
1910 689
1845 693
1670 701
1612 704
1533 707
1413 709
1369 715
1327 715
1866 673
1697 675
1542 684
1419 698
1326 704
1898 652
1798 664
1642 692
1553 677
1417 690
1663 674
1574 677
1510 687
1361 690
1309 705
1253 700
1915 632
1599 680
1436 691
1383 694
1310 682
1892 636
1804 653
1679 662
1398 680
1332 687
1265 689
1213 685
1870 637
1716 620
1439 653
1361 677
1288 683
1870 617
1695 633
1591 647
1480 650
1401 668
1317 652
1227 662
1176 677
1117 678
1739 603
1491 634
1391 654
1289 638
1155 673
1762 580
1576 611
1438 596
1333 576
1248 648
1028 671
1686 536
1375 612
1273 624
1100 645
1043 656
1696 532
1505 571
1060 628
967 621
922 650
1751 463
1516 483
1346 524
859 634
823 651
1157 499
1050 543
958 570
862 587
801 607
1170 471
791 579
1391 149
1139 295
931 394
690 516
488 602
573 384
434 538
347 585
296 193
108 382
112 459
96 517
144 553
