1237 646
1157 633
978 643
798 650
720 641
1309 629
1256 632
1184 633
1030 637
973 629
906 628
831 629
763 632
690 635
1388 617
1076 573
998 619
922 613
839 614
780 618
678 611
1418 590
1368 589
1167 592
1103 603
1006 576
920 589
653 585
1383 571
1291 570
1204 566
613 576
1596 539
1485 487
847 512
726 533
1586 508
1306 503
1170 497
1076 475
916 473
689 512
556 488
1762 425
1629 442
1504 423
1159 421
887 453
756 429
1740 379
1537 380
1369 394
1171 335
995 348
828 345
460 390
1786 256
1299 253
772 239
325 262
97 222
