1184 689
1056 689
1021 685
968 690
888 690
1233 674
1194 671
1143 683
1049 678
918 651
861 679
1194 673
1094 645
1047 665
949 674
898 673
796 672
1270 664
1202 663
1099 658
1049 654
899 672
835 671
794 668
1205 655
1159 656
1102 647
1053 652
996 645
1295 650
991 644
810 644
1356 621
1225 640
1146 618
1093 636
1025 639
956 640
882 632
819 638
1225 626
1078 623
913 622
839 623
1289 606
1217 603
1143 554
810 582
714 600
1429 564
1345 587
1248 581
1156 574
1046 588
699 589
604 590
1434 544
1221 502
1131 550
898 535
800 557
701 531
1289 505
1039 442
923 527
810 527
689 495
545 499
1713 454
1402 449
1307 466
824 473
724 473
1344 391
1228 361
1037 353
806 344
457 373
305 389
1734 294
845 290
