1105 867
1058 890
1017 893
892 888
809 894
1206 866
1163 864
1069 858
1026 873
894 866
1190 848
1092 854
992 853
948 850
901 848
869 850
1192 816
1093 818
990 823
943 814
899 818
749 818
945 782
898 792
844 792
746 789
1161 742
1057 763
1003 756
965 755
900 759
856 745
801 762
1187 723
1077 712
1009 719
903 686
853 722
733 720
1263 678
1198 674
1145 682
1089 688
1020 675
956 677
897 678
728 678
1278 631
1097 648
1047 650
976 638
925 644
867 645
731 642
1245 596
1111 591
986 593
800 587
1338 530
1264 538
1118 532
989 535
706 542
1313 457
1221 453
1072 474
929 458
773 476
700 459
641 457
1218 395
1052 384
972 386
890 384
821 386
655 385
1378 291
1329 301
1239 323
960 314
890 316
703 301
641 300
1405 208
962 212
589 216
1424 79
1126 104
1014 76
915 80
833 102
