1893 411
1817 431
1864 410
1896 405
1792 404
1679 420
1590 376
1551 431
1676 384
1513 411
1468 424
1891 329
1546 388
1488 407
1444 400
1771 340
1446 407
1358 402
1316 404
1282 425
1737 319
1376 367
1348 396
1293 389
1246 416
1471 343
1351 374
1310 352
1262 382
1202 383
1168 406
1213 358
1131 385
1123 394
1090 390
1074 405
1115 185
1039 260
997 335
1023 374
994 395
1000 408
991 415
981 421
987 420
716 287
768 341
835 392
844 370
868 402
885 426
180 151
556 292
629 368
697 399
766 416
804 421
348 324
449 343
590 401
636 412
668 401
677 428
246 339
319 367
412 329
465 409
585 422
618 428
143 370
283 401
514 426
197 381
304 395
342 420
147 413
374 419
164 424
256 422
93 415
187 430
