1810 423
1823 419
1846 390
1765 399
1690 427
1886 401
1755 403
1665 414
1635 420
1544 410
1851 398
1710 388
1635 396
1559 421
1516 423
1877 334
1737 390
1501 422
1445 427
1786 356
1633 379
1519 385
1462 396
1408 410
1318 416
1558 350
1463 381
1329 406
1268 423
1373 371
1324 382
1197 402
1159 415
1290 289
1205 301
1208 363
1093 410
1071 418
1057 214
1073 292
983 330
1002 352
999 385
977 404
977 395
745 295
798 334
841 384
873 355
878 395
891 417
518 309
570 341
656 367
723 392
770 392
774 417
782 427
806 425
184 285
354 342
462 283
510 315
603 392
652 421
705 405
717 429
229 281
335 382
489 411
543 412
603 426
100 348
207 386
370 396
445 415
501 418
387 406
58 405
177 403
316 423
71 418
245 378
62 405
143 415
