1880 427
1837 418
1873 361
1804 426
1721 431
1807 391
1714 422
1849 398
1760 400
1607 415
1547 410
1798 388
1730 368
1631 407
1540 412
1494 424
1439 379
1811 359
1562 367
1354 428
1523 373
1454 404
1396 353
1691 231
1563 317
1422 350
1325 351
1261 341
1223 394
1213 420
1180 429
1393 275
1205 369
1200 395
1161 332
1123 405
1130 419
1164 310
1109 363
1053 375
1026 413
1013 420
1029 414
936 213
934 204
953 347
940 367
940 384
951 386
927 392
956 417
946 429
945 430
464 247
646 308
684 339
753 362
764 372
802 332
808 411
288 223
429 327
668 399
755 412
782 425
368 359
415 300
548 379
598 408
639 408
679 425
198 347
346 388
482 390
505 401
10 355
275 368
318 397
385 409
509 419
115 399
368 421
66 398
165 403
287 417
378 419
207 420
269 425
99 420
9 404
112 426
59 418
