1721 712
1663 716
1490 723
1825 700
1746 704
1557 711
1463 722
1407 723
1867 700
1780 690
1720 704
1646 697
1574 707
1515 709
1468 710
1424 710
1385 721
1815 689
1758 693
1661 688
1535 710
1384 709
1861 681
1775 681
1618 687
1449 705
1548 660
1373 701
1322 714
1876 652
1692 682
1532 691
1448 662
1396 704
1291 698
1801 672
1454 691
1392 686
1266 691
1881 641
1563 680
1479 685
1404 647
1347 693
1280 683
1671 664
1565 647
1489 628
1284 693
1216 697
1875 619
1749 632
1627 640
1510 666
1409 673
1273 685
1151 686
1708 626
1477 648
1362 655
1224 675
1153 640
1093 649
1789 520
1510 607
1225 643
1105 671
1911 538
1732 585
1590 609
1447 593
1321 618
1224 629
1164 638
1081 660
1740 521
1530 571
1022 651
951 659
1678 502
1476 545
1206 600
1126 612
1025 613
955 639
1175 556
1061 556
950 604
895 596
825 575
752 645
1420 408
1232 468
940 545
838 553
683 627
1719 164
1398 303
1097 438
952 489
797 531
668 539
1214 113
913 220
722 400
680 438
574 516
442 567
634 152
419 249
398 348
