1272 863
1082 872
1010 881
938 873
1258 817
1183 827
1112 829
1039 836
979 827
884 822
823 837
746 821
1382 766
1283 784
1217 784
1126 770
1060 785
982 775
902 770
816 778
1398 723
1217 726
1126 709
1043 715
961 712
678 714
1367 660
1253 664
1064 661
970 657
629 646
1415 590
1330 571
1233 570
1041 583
909 575
837 582
726 583
528 564
1531 484
877 484
742 463
657 503
541 474
1584 381
1289 388
1180 390
1063 383
932 385
695 365
1631 190
1241 228
1081 236
948 250
818 247
679 233
497 230
395 248
1707 44
1549 97
1420 70
1197 65
918 91
422 51
