1899 426
1778 440
1707 444
1861 417
1716 433
1681 443
1918 408
1811 423
1750 426
1704 433
1628 424
1600 439
1882 406
1817 420
1728 408
1665 425
1567 438
1778 411
1688 422
1627 413
1566 419
1524 433
1473 437
1443 441
1571 423
1519 432
1859 371
1746 398
1585 395
1365 430
1331 438
1747 372
1581 394
1459 399
1377 424
1335 434
1423 402
1390 411
1303 424
1275 432
1251 437
1220 423
1203 436
1430 385
1377 377
1266 410
1247 414
1167 435
1168 431
1232 371
1169 398
1146 409
1135 411
1100 433
1077 407
1017 432
1023 431
1026 442
1016 434
951 392
947 383
958 377
939 425
944 398
960 440
843 406
847 418
865 427
881 431
886 434
688 394
740 406
760 427
817 405
525 397
558 407
691 416
748 439
354 388
494 413
546 417
615 430
647 433
656 425
692 440
698 438
137 294
245 393
421 407
443 423
538 426
571 418
599 421
620 441
188 391
299 416
353 425
418 406
454 428
496 434
532 432
145 402
234 408
443 428
486 437
507 440
125 417
336 435
362 432
421 430
440 441
177 416
225 421
278 438
351 426
168 426
267 442
39 431
89 418
213 426
3 427
52 424
