1179 831
1040 831
1001 824
943 829
856 831
1225 794
1183 788
1131 804
1029 794
891 767
828 796
1178 762
1073 742
1024 756
921 765
868 768
761 762
1250 728
1180 725
1074 724
1023 719
868 740
802 738
760 734
1178 693
1130 689
1073 687
1024 690
966 678
1258 652
959 648
782 647
1303 590
1180 603
1102 584
1053 596
989 609
922 605
853 601
792 605
1171 556
1033 552
882 550
813 554
1217 497
1153 496
1083 458
791 470
704 482
1317 411
1250 430
1164 417
1086 412
993 421
696 430
616 428
1297 337
1128 332
1054 339
868 333
788 347
710 333
1162 253
972 209
885 260
800 255
712 245
605 236
1418 120
1212 134
1144 126
815 146
746 140
1139 7
