1888 402
1826 423
1802 421
1853 388
1762 412
1667 419
1611 426
1799 406
1525 409
1461 422
1855 332
1609 392
1520 410
1853 328
1729 355
1498 391
1430 407
1379 418
1321 399
1290 420
1901 245
1491 357
1428 371
1256 415
1247 411
1599 222
1385 310
1300 348
1253 363
1170 409
1184 339
1044 407
1050 408
1050 426
1036 417
935 245
936 295
956 314
928 394
937 362
960 426
744 343
779 379
816 399
848 410
859 416
439 314
602 358
651 397
762 376
164 334
538 378
672 424
122 357
265 373
443 405
505 411
531 401
593 424
611 424
95 384
331 398
401 390
454 397
498 426
114 364
209 402
296 413
362 413
232 405
314 420
353 426
57 414
116 412
223 411
263 427
130 405
13 427
