963 964
1241 936
1118 942
1068 952
941 937
877 943
764 953
1164 926
976 923
908 923
844 926
789 918
722 922
1271 885
1121 875
980 870
922 881
793 880
720 878
1314 837
1233 846
1103 841
1027 827
804 840
725 850
676 834
1255 804
1115 783
873 796
1297 760
1211 747
1127 741
963 767
875 713
708 752
613 763
1361 647
1113 675
1008 693
924 664
756 683
652 678
575 696
1222 628
1129 626
1021 637
931 603
823 636
744 618
650 624
555 630
1511 551
1413 553
1314 548
1205 529
978 550
684 531
569 543
1408 447
1056 456
460 441
1615 293
1371 331
1229 320
1117 322
862 303
576 296
1647 136
1056 162
752 145
602 133
481 148
314 173
