1878 712
1789 716
1740 714
1572 723
1531 728
1433 730
1864 695
1788 710
1669 717
1620 720
1508 721
1462 724
1418 729
1905 697
1640 717
1475 720
1427 718
1388 723
1879 691
1801 701
1722 704
1652 702
1531 712
1480 717
1436 720
1382 716
1839 697
1741 690
1675 702
1619 693
1539 680
1443 712
1387 716
1346 713
1684 700
1419 710
1370 719
1335 718
1630 694
1559 696
1496 705
1389 700
1345 708
1736 666
1673 688
1598 691
1508 697
1457 699
1390 670
1352 711
1300 714
1400 685
1343 703
1890 605
1793 648
1686 672
1573 674
1491 685
1435 685
1306 694
1248 689
1771 647
1543 672
1475 659
1394 684
1317 685
1262 695
1200 658
1756 641
1661 648
1434 647
1176 692
1886 619
1512 644
1404 666
1320 626
1889 558
1764 598
1591 614
1463 610
1297 601
1199 646
1158 671
1086 681
1806 554
1468 609
1373 635
1283 579
1183 645
1122 663
1802 548
1580 587
1432 595
1057 646
985 654
948 652
1756 433
1574 550
1406 571
1296 591
1199 598
1075 605
1029 640
930 657
887 661
1794 449
1571 487
1370 529
1208 545
1085 511
979 608
1710 397
1091 556
808 604
748 629
1277 396
1093 329
805 494
704 556
653 570
605 609
901 253
807 420
570 486
498 514
680 50
452 325
302 411
286 474
277 552
13 490
