1208 932
1094 923
966 924
842 931
733 932
1238 894
1176 900
1061 919
992 892
859 894
1301 866
1095 874
1024 870
963 880
814 865
742 885
674 872
1343 834
1278 823
1062 844
914 842
853 847
772 828
1380 779
1283 793
1232 797
1150 792
898 795
826 791
744 787
673 781
1380 733
1291 754
1199 723
972 729
888 743
804 740
1316 692
1207 691
1126 702
1034 692
954 703
872 673
757 677
680 686
586 686
1461 631
1389 613
1273 608
1088 610
985 629
877 608
690 627
1320 538
1205 525
1090 506
992 482
870 545
541 531
1550 443
1320 422
1080 433
955 455
721 452
636 440
1638 341
1492 335
1372 342
1242 343
731 347
596 301
468 347
1645 185
1469 196
1337 159
1178 196
472 171
345 209
624 5
478 5
