1164 689
1127 688
1041 697
995 670
954 684
1220 686
1129 685
1086 689
952 682
1224 679
1166 674
1079 674
1028 681
990 683
938 652
797 683
1189 672
1083 677
1043 663
992 665
892 670
1248 665
1037 664
871 655
826 669
761 658
1168 645
1110 643
980 655
872 641
1218 641
1102 644
781 632
723 640
1326 619
1246 633
1127 634
1061 630
979 629
770 628
704 618
1341 598
1261 617
1201 621
1037 618
893 620
822 604
1366 547
1226 594
1147 598
898 596
633 579
1265 575
1056 576
896 580
675 571
606 575
1464 528
1350 534
1227 548
1120 527
901 533
704 525
596 526
1691 490
1567 506
1413 487
1154 501
922 464
772 416
621 462
501 486
1873 395
1745 415
1407 379
1234 380
701 420
602 401
1882 185
1644 183
1269 296
1055 293
583 299
161 255
659 114
316 25
