1728 645
1598 646
1510 660
1472 664
1406 667
1379 676
1703 642
1654 638
1610 641
1525 652
1486 661
1448 661
1420 663
1741 620
1589 642
1548 651
1464 656
1419 657
1716 625
1666 628
1404 658
1357 640
1331 666
1726 614
1559 638
1435 640
1351 651
1319 658
1716 612
1649 609
1589 597
1548 621
1413 637
1376 645
1343 642
1573 616
1422 637
1340 637
1301 639
1262 651
1676 601
1606 607
1454 615
1405 628
1361 626
1292 641
1573 605
1512 612
1462 606
1414 617
1371 617
1290 630
1518 601
1448 609
1366 616
1311 615
1275 623
1686 563
1622 569
1478 583
1442 599
1385 607
1336 616
1288 621
1244 626
1207 628
1591 561
1512 574
1397 595
1339 587
1306 604
1208 622
1659 526
1506 548
1446 573
1316 589
1222 606
1142 615
1454 542
1382 550
1276 582
1217 592
1168 589
1126 607
1628 503
1537 506
1373 533
1315 546
1247 531
1207 575
1119 594
1082 602
1617 476
1452 509
1307 533
1241 555
1039 590
1567 459
1493 480
1371 454
1194 534
1125 549
1079 567
1556 415
1450 447
1356 459
1196 501
1083 541
939 567
1186 465
947 545
915 554
1286 414
1195 428
1037 470
885 525
847 549
