1759 419
1703 437
1591 438
1804 421
1671 434
1579 437
1837 417
1754 405
1666 415
1573 418
1534 423
1495 442
1672 413
1630 417
1562 429
1504 428
1460 434
1449 438
1396 428
1824 381
1730 385
1632 405
1526 429
1463 419
1426 422
1388 439
1367 439
1653 385
1499 395
1449 424
1344 439
1313 442
1542 369
1469 410
1418 412
1365 420
1316 420
1294 425
1270 432
1224 434
1297 407
1268 420
1208 431
1181 439
1198 418
1183 421
1125 426
1103 434
1118 390
1092 385
1103 414
1054 431
1041 435
997 380
1012 395
973 401
984 407
985 421
972 429
972 421
859 394
865 395
882 418
901 395
903 421
909 433
741 396
744 404
781 414
804 422
829 420
828 436
830 442
844 439
515 379
581 386
627 405
666 364
679 378
724 423
742 439
773 425
779 442
340 377
539 366
579 421
640 434
667 433
696 440
315 385
453 403
490 422
559 423
596 435
626 435
51 394
163 384
260 404
342 419
544 427
186 408
249 423
361 431
421 427
488 439
302 419
341 438
435 405
151 424
266 418
315 426
360 433
