1860 408
1765 430
1830 418
1676 412
1864 401
1752 398
1607 407
1799 401
1713 345
1644 414
1561 403
1801 350
1714 323
1501 423
1433 429
1782 345
1636 393
1520 406
1417 421
1335 421
1659 346
1463 384
1383 394
1298 419
1276 377
1236 389
1549 184
1352 345
1204 394
1183 420
1411 248
1301 336
1248 369
1186 350
1157 379
1120 391
1120 397
1083 420
1070 289
1058 350
1007 419
993 425
835 319
859 358
896 397
899 404
917 399
899 422
429 79
745 385
759 380
773 413
809 399
824 378
819 431
51 248
475 329
531 364
637 395
675 391
760 425
47 320
199 355
412 377
478 393
534 406
608 394
19 348
165 343
296 394
413 381
479 408
549 421
52 378
147 383
296 373
98 390
231 403
284 405
348 403
113 399
208 420
334 426
107 416
179 376
238 426
28 365
211 430
51 381
116 412
22 415
