1121 922
1005 918
970 927
920 928
892 928
848 916
1149 907
1120 908
1029 908
994 908
943 908
857 900
817 906
780 904
1138 872
1056 867
964 867
875 872
797 873
1158 844
1113 848
1031 861
983 843
889 844
1197 822
1054 828
1005 825
962 832
859 821
808 835
761 826
1222 798
1178 791
1030 805
929 803
887 807
831 794
1242 760
1176 770
1141 771
1086 768
919 770
871 768
817 765
768 761
1233 729
1176 743
1117 723
968 726
913 735
859 733
1186 703
1117 702
1066 709
1008 702
957 710
904 690
830 693
782 699
721 699
1268 666
1222 655
1152 652
1039 653
976 665
909 651
794 663
1174 612
1104 606
1037 594
979 577
907 616
713 609
1299 561
1166 550
1028 559
957 569
824 567
777 562
1336 511
1253 509
1186 514
1114 515
834 516
761 491
689 516
1316 443
1224 449
1154 432
1075 446
710 439
642 456
1362 353
1041 356
980 357
900 366
796 372
726 373
1411 275
1097 303
823 306
1245 188
1154 207
1050 211
868 208
583 196
1371 71
952 99
756 109
545 102
