1653 630
1606 654
1567 659
1457 663
1393 674
1760 630
1706 637
1605 641
1567 654
1448 662
1726 632
1621 646
1526 654
1486 657
1447 659
1422 661
1710 626
1606 635
1509 650
1468 646
1433 655
1324 666
1458 638
1422 649
1381 654
1312 660
1639 610
1542 634
1494 632
1459 641
1410 646
1374 640
1340 654
1649 614
1538 620
1480 631
1389 614
1362 645
1282 653
1711 590
1641 593
1584 613
1535 619
1473 619
1422 627
1377 634
1266 646
1704 575
1524 613
1483 616
1423 615
1386 625
1344 631
1257 641
1642 584
1513 598
1411 612
1282 632
1709 556
1633 570
1495 583
1391 605
1214 630
1641 547
1549 561
1431 588
1323 595
1233 619
1188 621
1158 622
1520 551
1383 572
1328 580
1274 594
1235 600
1147 611
1636 483
1576 527
1501 552
1295 582
1254 589
1150 602
1120 602
1606 495
1265 570
1079 601
1563 472
1334 539
1256 535
1201 531
1164 558
1605 432
1427 487
1276 513
1103 564
1589 411
1392 464
1147 514
999 563
951 576
1494 392
1292 448
1139 494
1060 507
1005 510
970 544
923 548
888 559
1459 353
1216 418
1149 457
1070 479
1007 480
871 533
831 557
