1168 702
1062 691
977 698
937 699
863 695
829 703
1165 698
1124 688
1085 688
1004 690
962 698
921 694
889 693
1211 680
1081 687
1040 693
954 690
901 686
1208 683
1169 681
896 687
843 657
800 688
1238 674
1084 682
950 669
843 672
797 676
1251 672
1196 661
1141 639
1092 661
940 662
890 668
846 659
1146 660
971 665
861 653
803 649
739 660
1270 657
1199 654
1039 642
966 651
910 640
804 650
1191 648
1126 648
1064 631
1001 638
949 629
820 634
1163 634
1083 633
959 628
879 615
820 620
1388 615
1327 611
1159 602
1100 617
1024 618
944 621
865 619
787 617
713 612
1353 593
1256 595
1089 602
1000 574
935 595
746 602
1503 557
1306 553
1218 577
1012 569
817 573
629 565
1321 522
1206 512
988 540
858 539
743 515
632 537
1697 499
1575 475
1284 467
1180 468
1029 407
918 486
653 496
534 500
1870 432
1585 430
1272 417
1088 441
431 424
1860 359
1615 230
1067 335
828 332
658 348
1917 138
1325 147
825 178
