1607 661
1563 663
1527 668
1495 666
1465 675
1396 661
1726 649
1662 634
1588 654
1441 671
1403 668
1676 642
1620 644
1579 653
1537 657
1460 665
1433 661
1398 667
1662 635
1519 655
1344 666
1716 626
1627 641
1566 638
1494 651
1713 617
1612 635
1549 633
1513 638
1469 650
1425 651
1360 656
1327 660
1648 619
1599 631
1559 632
1497 635
1452 620
1340 650
1306 656
1687 604
1640 607
1580 620
1531 630
1483 630
1433 638
1398 644
1287 653
1648 607
1582 608
1532 612
1483 628
1440 628
1356 643
1314 645
1275 645
1672 598
1602 605
1548 606
1318 638
1251 644
1630 580
1577 594
1518 605
1463 587
1280 632
1242 639
1551 595
1500 596
1448 603
1386 607
1346 616
1306 626
1210 626
1635 557
1577 575
1400 594
1333 580
1294 586
1182 635
1595 563
1453 569
1354 594
1309 604
1216 610
1566 547
1492 550
1429 574
1326 591
1262 602
1226 600
1131 618
1567 537
1371 538
1260 589
1206 597
1160 578
1571 508
1342 555
1251 567
1145 591
1106 600
1428 523
1301 542
1190 567
1085 579
1047 594
1574 453
1482 482
1252 538
1199 550
1144 560
1044 570
1377 473
1294 505
1062 551
1529 416
1316 455
1250 484
1105 512
1069 538
919 566
1462 366
1171 450
1095 467
995 517
927 523
890 538
846 556
1531 287
1367 330
1274 371
926 463
870 519
834 524
1444 255
1315 266
1200 337
1042 408
900 453
836 449
761 528
1114 299
931 377
867 412
793 413
