939 964
1151 959
1107 957
1063 953
995 946
961 948
912 955
845 950
798 950
1148 935
1098 931
1023 937
982 910
860 937
819 931
1173 912
1123 906
1044 888
1008 903
968 914
882 909
833 907
794 913
1167 885
1132 892
1075 889
1044 892
990 889
911 880
861 880
825 882
781 882
1099 862
1017 868
968 858
924 866
884 852
783 869
1206 840
1156 837
1073 834
973 830
795 835
1093 814
983 802
932 812
898 807
835 813
1114 750
1067 778
1020 772
961 778
1252 745
1200 729
1150 745
1044 743
982 744
877 730
817 737
772 744
1243 679
1211 700
1140 700
1039 699
926 709
854 697
801 686
754 692
1178 669
1061 667
950 641
830 657
779 666
1102 611
1031 612
913 622
858 615
733 609
1283 567
1073 566
1003 572
945 582
813 581
1299 513
1237 507
1155 501
1008 504
951 509
792 507
739 494
653 514
1261 445
886 448
820 436
737 416
1205 366
1117 347
1037 341
875 349
785 357
1358 242
1184 242
1013 258
922 265
631 249
1468 133
1396 140
1284 145
1203 162
1089 166
900 139
690 141
1391 3
1172 20
1076 17
