1159 921
1095 954
1038 959
866 951
751 959
1303 924
1245 922
1112 913
1053 934
867 924
1286 901
1148 909
1006 909
943 905
876 902
830 904
1297 859
1152 861
1003 869
935 856
872 862
653 861
938 811
868 825
789 826
643 821
1264 753
1106 785
1025 774
967 773
869 778
803 757
720 782
1313 724
1141 707
1035 718
872 667
793 722
605 720
1442 652
1337 647
1257 658
1166 667
1056 648
954 650
858 651
589 651
1480 574
1186 600
1102 605
986 586
903 595
806 596
583 591
1446 507
1218 499
1004 502
683 488
1635 379
1503 394
1241 385
1011 386
507 400
1630 219
1457 209
1172 253
901 221
605 256
459 217
352 219
1475 68
1146 38
984 44
815 29
676 36
340 39
