1733 637
1647 653
1559 654
1484 659
1445 670
1375 672
1734 636
1690 636
1552 654
1472 663
1406 666
1750 620
1689 639
1647 642
1601 646
1552 643
1503 648
1436 652
1401 656
1368 667
1709 629
1560 640
1521 645
1483 651
1434 652
1393 657
1371 661
1324 656
1689 619
1635 622
1574 632
1494 646
1441 643
1410 645
1371 656
1340 658
1648 616
1536 623
1490 639
1368 653
1332 656
1670 600
1609 619
1562 622
1508 628
1458 629
1420 634
1377 641
1292 646
1538 613
1480 623
1391 633
1313 643
1512 612
1469 617
1334 627
1290 634
1602 584
1535 584
1499 603
1303 625
1255 631
1673 565
1609 577
1524 581
1480 589
1413 602
1320 613
1273 611
1582 564
1436 571
1330 593
1293 582
1249 603
1169 619
1537 554
1462 561
1416 574
1303 588
1258 593
1206 607
1168 616
1119 619
1601 518
1520 529
1445 548
1381 527
1328 538
1275 579
1182 599
1132 595
1098 613
1615 494
1374 509
1329 555
1200 578
1155 584
1069 599
1497 491
1327 522
1267 543
1162 557
1109 576
1069 583
1563 458
1470 464
1387 491
1307 515
1015 561
1309 477
1230 500
1104 528
1062 537
957 564
1579 358
1357 429
1057 503
981 530
908 517
1509 301
1277 381
1039 473
918 491
870 511
842 530
