1626 671
1591 675
1482 683
1682 662
1637 665
1524 673
1464 681
1427 683
1699 660
1654 655
1619 664
1577 661
1534 668
1497 671
1467 672
1439 673
1413 681
1721 650
1667 653
1637 656
1582 654
1509 669
1413 671
1686 646
1641 648
1556 653
1455 666
1514 637
1409 664
1376 672
1681 629
1590 647
1504 654
1455 638
1424 663
1358 661
1639 639
1459 653
1423 651
1345 657
1726 621
1668 622
1518 644
1473 648
1431 628
1398 655
1357 650
1734 611
1683 611
1567 633
1516 626
1478 617
1364 654
1322 657
1686 584
1647 611
1596 616
1543 621
1488 635
1437 639
1361 648
1287 650
1689 602
1572 613
1471 625
1414 629
1339 641
1295 623
1258 629
1596 570
1486 605
1347 623
1275 639
1679 544
1626 580
1568 596
1516 606
1458 599
1401 610
1353 615
1320 620
1275 632
1561 575
1490 591
1252 626
1209 631
1533 571
1469 583
1362 602
1325 607
1269 608
1234 620
1621 513
1362 587
1312 585
1259 604
1220 600
1174 591
1135 623
1626 532
1454 551
1398 564
1282 583
1227 584
1116 614
1588 521
1508 530
1453 544
1369 560
1316 570
1250 580
1168 580
1588 455
1497 508
1427 527
1357 528
1290 555
1241 556
1182 576
1092 590
1481 477
1334 532
1267 536
1197 539
1240 511
1184 529
1124 546
1085 551
1013 554
1439 423
1196 509
1124 481
1073 528
1030 550
927 568
1546 347
1252 452
1103 496
1042 497
995 534
941 510
901 554
1505 325
1108 469
920 480
836 552
988 431
880 476
791 484
747 518
1101 316
1003 359
928 394
811 456
776 437
702 503
1133 174
1009 238
703 421
617 467
1001 116
777 260
525 440
587 109
519 285
401 364
385 400
371 425
