840 184
826 182
796 183
853 180
767 185
736 190
737 180
710 184
678 183
744 151
725 181
664 188
639 186
742 169
691 180
665 176
638 180
781 157
744 147
675 172
654 168
590 168
575 181
585 174
547 186
538 187
530 191
603 133
570 147
503 187
555 84
524 147
497 142
503 149
489 176
470 160
461 180
461 189
393 107
424 162
416 157
419 178
425 187
279 123
324 136
328 163
355 172
364 175
382 187
389 191
87 119
183 120
241 151
256 163
296 143
325 185
348 188
27 137
112 156
167 153
206 169
235 178
297 189
218 182
80 169
117 167
200 184
224 191
16 173
61 148
106 178
141 175
168 184
192 189
44 177
87 185
117 186
149 191
34 184
50 187
80 170
16 183
