849 192
851 193
821 195
853 187
823 197
797 193
847 189
818 177
793 190
770 195
832 189
809 185
773 194
748 196
828 185
793 188
760 191
744 194
727 194
829 186
796 181
764 193
734 193
711 195
697 196
833 181
796 185
752 188
726 192
702 188
687 195
666 190
839 172
787 173
757 185
725 169
692 192
683 188
655 190
639 181
802 174
747 180
727 174
697 189
672 170
656 190
632 187
621 195
603 194
799 168
750 177
715 180
678 183
656 163
631 183
622 189
603 192
591 189
579 194
714 164
680 179
644 183
621 184
602 187
595 170
577 190
564 190
555 195
552 197
673 164
635 167
612 178
592 182
579 177
565 184
546 190
542 191
539 194
524 192
603 172
573 170
560 180
536 186
530 186
518 191
517 191
505 188
499 189
500 194
522 159
503 179
499 184
487 184
490 183
480 191
478 191
469 189
472 190
466 190
464 174
452 170
451 171
450 181
450 178
448 189
439 193
445 191
439 194
440 194
385 162
389 172
386 176
389 174
393 189
395 190
403 184
402 188
404 196
411 191
318 169
323 179
338 176
355 180
362 188
360 190
364 191
375 192
377 193
378 182
224 168
250 174
284 183
287 176
314 185
321 190
324 191
335 192
335 191
349 195
160 167
187 173
210 152
239 184
261 178
276 182
283 185
296 195
301 192
314 196
89 160
127 163
165 178
191 180
214 188
230 184
250 188
259 195
271 192
280 191
20 160
55 173
104 177
143 177
174 186
197 188
208 173
230 186
236 190
254 197
16 173
47 181
101 186
128 188
165 189
180 184
199 191
208 195
230 191
43 179
72 187
111 188
133 191
156 177
172 195
188 195
212 191
28 163
66 188
93 190
119 173
141 193
162 195
180 194
0 184
48 191
71 186
100 189
123 190
143 197
39 187
71 192
94 194
116 195
34 192
57 192
80 196
102 197
13 192
45 195
59 196
14 196
36 196
5 190
