1171 890
1051 879
956 887
912 886
829 885
790 892
1163 866
1117 859
1074 859
985 862
939 870
893 865
859 863
1208 829
1067 835
1024 842
929 835
871 835
1202 810
1159 805
866 813
811 780
762 814
1227 776
1065 785
923 773
810 772
761 777
1235 749
1176 735
1118 717
1070 743
911 741
860 746
815 739
1120 705
942 710
830 702
773 698
706 707
1238 675
1168 676
1007 656
936 673
880 660
774 671
1154 640
1090 636
1029 627
968 632
917 616
792 625
1119 591
1041 581
926 588
850 574
795 575
1317 536
1259 528
1105 520
1053 539
983 532
909 539
837 535
765 530
698 531
1264 461
1180 459
1034 466
956 447
900 465
733 467
1368 381
1206 383
1134 395
961 377
799 387
644 387
1195 287
1104 279
937 298
835 295
748 285
662 280
1441 195
1348 180
1142 179
1065 166
961 149
880 168
690 194
604 199
1495 69
1310 66
1107 60
990 74
568 55
