516 308
479 301
463 311
444 311
429 311
395 312
382 310
362 311
525 306
483 305
469 309
448 306
435 309
411 311
394 310
377 306
361 307
528 306
509 305
492 308
472 307
437 306
415 306
547 306
526 305
468 305
442 306
387 301
538 302
469 302
388 303
364 303
348 300
521 300
500 299
477 296
436 297
409 296
530 290
434 296
408 294
387 293
366 296
342 295
504 285
474 288
424 290
397 275
368 290
346 289
578 284
488 282
435 287
409 287
603 277
541 261
512 275
451 279
357 263
588 276
517 274
486 273
453 274
415 275
381 272
314 272
618 266
474 260
438 263
398 266
363 266
659 254
618 250
571 252
530 253
489 246
309 251
269 256
713 228
656 240
604 234
368 230
557 220
508 211
387 220
328 212
276 208
817 173
675 176
594 183
519 183
848 148
570 145
490 153
404 139
319 136
122 143
767 79
646 77
420 70
314 61
216 39
71 72
