1767 659
1717 664
1676 670
1634 666
1594 670
1563 672
1532 671
1499 676
1440 686
1747 660
1695 662
1646 663
1575 664
1545 667
1501 677
1444 678
1408 680
1728 655
1673 654
1595 666
1550 651
1450 677
1417 675
1745 647
1686 647
1601 640
1568 655
1533 665
1457 668
1417 672
1390 676
1723 639
1685 648
1625 650
1593 657
1541 657
1470 659
1429 662
1402 666
1369 669
1636 641
1555 655
1509 649
1473 660
1436 655
1365 672
1739 630
1682 634
1594 641
1501 646
1362 664
1602 637
1498 640
1457 650
1428 652
1383 657
1601 604
1560 632
1515 636
1465 645
1736 606
1671 605
1623 621
1522 631
1469 636
1383 638
1343 648
1315 651
1702 574
1662 606
1592 611
1497 625
1410 638
1354 639
1316 635
1287 642
1611 606
1502 617
1408 603
1325 631
1294 642
1515 598
1454 612
1368 627
1328 629
1249 636
1668 572
1472 593
1415 612
1377 617
1288 630
1654 564
1589 569
1513 575
1394 599
1355 604
1253 617
1219 615
1178 630
1579 562
1292 603
1248 602
1196 591
1492 558
1417 561
1355 572
1255 593
1207 605
1571 521
1425 544
1311 567
1257 576
1105 607
1633 469
1562 493
1467 510
1410 527
1330 551
1209 565
1107 591
1496 476
1337 520
1274 532
1206 536
1144 545
1096 562
1565 425
1228 518
1172 525
1126 544
1063 552
1006 568
978 579
1515 419
1392 441
1328 457
1245 490
1052 533
998 545
956 555
1551 347
1425 388
1309 426
1090 487
960 512
921 544
1395 337
1210 387
1100 414
1027 452
956 474
932 498
824 520
1263 299
1190 324
979 418
874 446
829 486
780 468
727 514
1417 160
1115 288
929 331
861 413
761 461
669 500
758 335
664 424
632 449
588 432
908 40
726 221
684 273
570 381
532 405
503 433
473 463
568 204
466 318
402 346
398 394
346 429
400 6
322 112
318 209
244 263
224 313
