1238 653
1086 665
1028 668
971 662
1233 642
1171 652
1114 651
1054 654
1006 648
929 648
881 657
817 643
1341 632
1257 640
1204 644
1130 630
1075 642
1012 633
945 627
877 641
1360 627
1210 628
1136 614
1067 624
999 621
763 627
1345 613
1248 612
1089 610
1010 612
718 592
1399 588
1328 572
1244 572
1075 582
961 582
900 587
804 592
628 571
1520 564
937 546
815 536
744 571
636 548
1593 531
1321 527
1221 515
1114 528
994 532
772 505
1705 405
1303 471
1148 476
1018 484
895 492
760 478
584 479
487 483
1823 381
1638 425
1513 421
1291 340
1000 420
495 413
1832 324
1479 337
1262 301
828 335
462 297
236 343
1902 156
1349 112
1129 122
847 42
