446 421
547 421
519 420
493 407
467 420
441 421
421 416
386 416
366 421
339 417
305 422
577 404
549 404
524 405
490 406
463 409
438 409
405 405
380 410
350 408
327 402
568 377
544 393
511 386
480 392
452 390
422 388
393 388
358 388
326 392
295 387
582 372
543 367
518 371
484 370
453 369
424 367
389 374
351 370
327 364
291 376
592 355
562 358
519 348
485 360
451 352
422 356
380 355
351 360
323 342
287 351
616 334
581 337
539 336
510 339
465 329
429 329
400 336
365 329
326 328
289 335
633 309
597 304
558 303
515 299
481 307
439 307
406 300
359 303
318 312
276 312
635 278
589 277
547 282
507 277
458 268
422 280
385 279
343 285
296 277
253 281
645 243
599 236
553 234
508 241
461 239
408 231
359 229
308 232
258 244
216 245
694 190
640 193
580 198
526 201
473 182
422 202
367 193
317 195
264 189
221 197
716 139
660 149
604 141
543 141
488 133
428 140
372 135
315 144
259 148
189 144
759 61
682 77
609 60
537 56
477 58
403 71
348 57
280 67
200 75
150 76
