1906 443
1876 431
1831 438
1899 434
1843 437
1781 432
1800 431
1731 436
1694 432
1722 433
1674 443
1647 441
1900 417
1808 421
1748 431
1649 425
1603 435
1862 417
1797 419
1695 427
1651 429
1606 396
1571 442
1524 444
1549 419
1499 439
1903 324
1794 384
1695 414
1584 418
1537 427
1496 427
1425 434
1393 429
1818 387
1644 397
1478 424
1456 409
1414 432
1367 433
1345 440
1314 406
1697 297
1490 407
1437 413
1350 408
1250 442
1543 362
1452 401
1304 416
1282 431
1255 395
1350 373
1294 367
1267 398
1224 407
1183 402
1161 388
1144 420
1141 438
1122 443
1172 381
1108 414
1112 427
1093 383
1073 429
1081 437
1060 398
1043 415
1016 418
1007 433
999 436
1011 431
950 368
947 345
956 408
948 413
948 420
954 419
937 420
957 436
950 443
949 443
762 388
807 397
812 405
839 412
837 413
856 383
855 433
662 367
694 404
774 429
814 432
829 440
625 412
634 373
685 413
708 430
730 429
753 440
332 316
396 386
512 403
576 423
631 419
639 425
146 378
233 365
323 391
415 409
516 408
528 425
560 432
628 436
350 418
420 429
535 438
135 411
322 425
372 427
417 428
474 435
526 435
44 409
203 405
415 437
447 439
343 438
43 419
182 428
275 426
330 441
74 426
121 432
191 422
229 442
288 434
97 424
39 420
92 429
69 426
37 444
