1149 685
1029 684
992 691
940 692
911 692
865 682
1184 689
1152 689
1056 689
1019 689
965 688
874 683
832 687
792 685
1180 675
1091 668
990 667
892 672
806 672
1208 660
1158 663
1065 677
1012 659
907 662
1261 657
1096 661
1039 658
991 663
871 656
815 667
760 659
1300 649
1249 642
1073 659
953 659
905 659
838 643
1338 630
1256 641
1214 647
1148 646
942 643
884 645
817 641
758 633
1345 625
1268 637
1196 614
1006 619
937 634
867 633
1298 618
1206 618
1137 622
1061 616
994 625
924 602
827 603
764 613
684 609
1430 606
1371 602
1273 593
1114 596
1025 606
931 581
772 601
1324 573
1225 578
1125 551
1038 520
930 578
642 574
1549 538
1345 526
1124 549
1010 550
799 547
724 549
1658 499
1522 500
1406 514
1285 521
809 512
677 481
563 512
1709 449
1532 459
1411 436
1248 445
555 455
436 475
1915 306
1234 354
1101 369
921 377
695 373
544 379
1423 304
726 306
1721 82
1388 88
818 101
