559 427
536 422
508 428
482 420
429 422
406 428
376 419
353 423
324 425
559 398
533 410
505 413
482 411
449 413
422 412
402 411
370 407
340 414
312 413
566 403
531 395
502 400
473 398
447 396
421 394
392 401
361 402
326 394
299 400
585 375
554 383
524 382
490 384
456 378
428 376
391 363
359 379
333 381
303 375
608 358
568 359
531 362
501 352
467 356
433 343
403 360
361 355
329 362
291 359
615 333
582 342
539 336
508 339
466 334
439 343
393 338
362 336
320 335
288 338
617 308
575 313
533 305
492 309
455 308
419 313
370 316
336 310
303 304
255 304
628 283
579 289
549 281
508 285
465 280
415 279
379 284
337 283
287 285
247 288
633 253
600 251
540 252
505 247
458 247
415 251
364 250
313 242
266 249
218 243
701 201
635 200
597 212
545 208
487 208
431 202
389 206
330 200
277 211
227 213
705 148
661 147
607 149
558 151
489 150
437 148
385 138
316 154
255 152
199 143
737 76
659 81
617 68
539 83
472 81
405 81
342 75
279 88
229 83
147 69
732 4
592 9
389 0
