534 299
489 291
471 303
448 303
430 303
389 305
372 302
349 303
546 297
496 295
478 300
453 296
437 301
408 302
387 302
366 297
347 298
552 295
528 294
508 298
483 297
439 295
413 296
577 295
551 294
478 294
446 295
377 289
568 290
480 289
378 290
347 291
327 287
549 286
522 284
491 281
439 282
404 280
562 272
436 279
402 276
374 275
346 279
315 278
531 262
491 266
423 269
386 248
346 269
317 267
640 258
513 256
439 263
402 262
680 245
592 222
550 242
462 247
326 225
671 239
564 236
516 233
466 236
409 236
358 233
256 233
732 217
502 205
446 210
380 216
324 215
839 180
761 175
680 179
608 182
535 168
217 174
147 184
784 117
310 110
749 30
633 2
327 25
68 14
