1184 679
1061 689
1015 691
969 687
1176 672
1127 681
1082 679
1035 681
996 677
936 677
897 684
847 673
1254 667
1191 672
1149 676
1092 665
1049 674
1000 668
949 663
896 674
1263 665
1150 667
1093 655
1041 664
989 662
812 666
1244 658
1173 658
1055 656
997 658
781 643
1276 644
1225 632
1164 633
1043 639
961 640
917 644
849 647
722 632
1345 634
944 619
860 614
811 638
737 622
1377 618
1199 615
1134 605
1062 615
982 619
836 600
1425 549
1173 591
1077 594
996 597
920 604
836 595
728 596
665 597
1457 553
1357 575
1279 575
1156 522
984 572
694 573
1551 546
1420 543
1231 551
1115 538
892 552
699 530
578 552
1627 489
1379 506
1131 490
1036 490
908 446
1842 450
1640 432
1543 445
1406 439
1090 422
773 454
498 447
1418 356
1218 280
408 333
1580 235
833 199
531 241
