513 315
498 315
481 310
465 311
452 313
435 314
419 313
402 315
389 313
374 315
516 314
503 309
485 310
471 311
454 313
436 309
420 313
405 309
388 314
372 310
530 311
514 307
493 309
477 311
463 311
444 307
425 310
412 308
390 310
376 308
525 309
506 297
486 309
472 305
454 307
430 306
414 306
398 308
381 309
363 310
528 305
508 307
488 307
473 306
455 303
432 303
417 302
393 295
374 306
354 308
536 305
513 302
496 303
476 303
450 304
437 304
414 304
396 303
371 300
351 303
551 300
528 298
510 298
487 298
464 297
442 299
420 301
401 299
377 300
356 299
548 298
533 298
503 300
480 297
463 293
440 299
417 295
394 298
368 298
343 298
567 288
536 293
515 291
486 291
468 289
437 294
419 296
394 295
365 296
344 295
566 284
532 290
509 287
480 285
457 288
431 287
407 288
379 289
354 291
327 285
594 282
572 285
537 283
511 284
481 285
459 283
429 287
400 270
371 285
340 282
592 273
560 277
527 279
492 279
462 276
440 278
401 282
369 280
339 279
318 261
626 271
587 267
550 271
516 272
492 271
456 270
418 270
388 269
352 265
320 271
646 239
618 259
576 262
535 256
499 263
453 263
415 263
375 264
345 263
303 265
681 241
631 245
598 240
544 252
504 243
466 253
425 241
376 249
323 249
277 243
690 230
644 235
589 238
541 233
482 231
430 235
395 240
338 207
291 238
237 230
759 222
705 215
642 221
586 220
538 221
488 220
424 212
362 215
296 218
249 214
783 195
708 194
647 182
587 174
514 194
429 187
364 196
280 191
219 183
155 191
766 125
700 146
601 129
496 153
427 153
332 148
249 109
149 128
785 74
702 95
567 98
446 30
352 68
234 96
127 93
