841 305
795 309
771 309
730 314
703 313
680 310
652 313
629 314
613 316
844 304
801 306
770 304
741 312
705 310
679 312
644 301
630 316
601 307
846 300
805 303
768 300
731 308
703 310
673 313
642 312
621 301
597 318
578 318
846 300
793 304
751 305
719 301
681 302
652 311
626 311
599 316
580 317
849 294
798 294
746 301
717 302
683 306
644 302
615 309
593 296
569 311
852 289
783 294
752 299
705 301
667 304
633 304
609 303
576 294
554 311
845 289
792 283
742 293
704 299
664 303
633 297
597 305
574 304
545 306
850 283
773 262
727 287
693 290
642 292
609 299
578 303
555 298
529 302
818 276
751 275
699 286
646 283
600 293
572 290
541 301
516 304
492 304
820 230
748 259
702 271
643 281
595 278
561 271
532 292
495 297
476 302
852 242
773 251
697 266
641 277
604 277
550 280
518 287
487 294
461 291
776 243
698 224
623 263
589 271
525 270
487 285
462 289
437 270
836 217
723 235
642 250
590 257
527 256
487 262
447 277
422 277
397 283
757 210
666 218
585 229
508 253
453 265
414 265
389 269
356 272
761 92
627 187
555 215
463 223
426 241
384 257
342 265
322 264
298 276
643 114
518 158
423 181
368 227
329 245
282 256
261 251
251 241
441 71
318 138
294 195
255 205
227 234
189 234
182 253
177 82
98 155
90 174
95 199
99 229
76 251
