597 385
566 387
533 381
503 388
469 390
435 387
406 387
383 387
351 389
320 389
586 368
555 371
510 369
487 370
455 372
419 370
380 366
356 375
323 371
287 372
597 350
570 356
536 348
494 353
466 355
427 351
393 352
361 329
324 352
293 354
597 308
561 326
518 329
481 326
448 324
413 332
372 324
332 332
293 330
266 327
623 298
582 302
539 298
500 299
467 300
419 298
389 303
349 296
307 307
266 302
666 273
612 261
574 251
539 263
492 263
446 273
405 266
352 273
321 269
270 266
655 225
610 229
555 226
506 226
462 233
411 222
363 205
317 229
274 224
230 227
669 165
622 190
568 179
516 182
464 170
416 179
362 185
305 176
252 181
200 185
734 138
670 136
630 134
570 132
496 138
439 134
385 126
317 120
273 142
200 138
786 61
711 50
648 46
597 51
518 51
450 52
390 41
319 56
244 63
179 60
