1176 677
1114 667
974 675
834 680
774 673
1228 666
1186 669
1131 669
1014 672
970 666
919 666
862 666
810 668
754 671
1279 660
1047 626
989 662
932 657
869 658
826 661
751 656
1292 644
1254 645
1109 646
1064 653
994 634
931 644
738 641
1256 636
1191 635
1130 632
717 638
1387 621
1315 584
885 604
804 617
1360 609
1181 605
1094 601
1034 588
932 586
787 611
703 596
1444 568
1361 580
1286 569
1079 568
917 586
839 574
1387 563
1281 560
1189 567
1075 540
980 545
887 544
681 564
1564 516
1354 534
1126 526
871 527
656 535
534 508
