1695 649
1572 659
1541 666
1497 671
1472 673
1434 669
1712 651
1679 654
1586 661
1553 663
1507 667
1433 670
1404 674
1376 675
1682 641
1597 644
1511 651
1437 661
1378 667
1691 629
1644 636
1565 653
1516 645
1437 655
1721 624
1572 641
1526 644
1491 651
1404 655
1371 665
1336 663
1736 616
1683 617
1536 644
1449 652
1419 655
1374 650
1739 603
1666 619
1628 627
1572 632
1429 645
1392 650
1352 652
1319 651
1706 605
1648 619
1584 611
1452 629
1411 642
1370 647
1638 609
1569 617
1525 624
1473 626
1433 636
1389 629
1337 635
1307 644
1269 646
1704 596
1647 600
1579 603
1477 617
1430 628
1378 621
1302 640
1580 594
1511 607
1454 600
1406 591
1362 625
1237 639
1684 565
1546 579
1429 607
1381 612
1290 623
1260 629
1699 548
1609 563
1543 579
1480 592
1281 615
1231 612
1198 627
1637 545
1549 563
1482 565
1424 575
1189 617
1158 626
1652 495
1365 569
1322 583
1275 591
1217 597
1179 605
1662 477
1383 567
1213 595
1453 524
1392 534
1321 547
1211 575
1073 603
1506 494
1227 545
1130 582
1039 597
1471 484
1382 490
1258 531
1125 548
1080 562
1029 576
1001 586
1481 449
1403 451
1316 488
1231 504
1113 528
1047 545
951 569
1557 377
1444 414
1347 439
1235 448
1169 490
1122 500
1058 517
917 555
1517 335
1380 383
1199 444
846 542
1209 385
1133 421
988 459
912 471
793 531
1314 252
1219 284
1006 354
931 416
776 493
727 498
1399 41
1212 160
1074 256
823 372
773 395
701 447
665 463
628 466
