533 306
513 306
492 307
474 301
435 302
416 304
395 304
374 303
355 300
538 302
497 304
419 292
397 304
376 299
351 298
552 297
446 299
400 299
360 299
553 293
534 294
508 297
490 299
465 284
443 293
414 292
393 297
368 292
345 294
562 278
544 288
520 292
494 292
445 292
415 288
388 287
337 295
545 289
516 284
492 284
459 287
437 288
411 282
382 286
358 285
330 286
581 285
522 279
486 282
463 281
432 282
400 284
374 285
342 285
313 284
618 280
548 270
518 276
461 269
421 279
625 272
578 254
550 272
519 264
485 273
446 269
381 274
299 269
622 264
592 263
550 259
502 262
474 264
276 254
571 252
490 244
437 253
391 255
270 256
711 239
605 241
497 237
405 241
254 237
697 217
631 221
581 212
521 220
406 221
338 217
281 213
216 213
739 181
589 183
457 191
395 191
242 190
158 182
818 149
643 146
554 151
454 137
372 107
112 133
