517 310
503 313
484 314
472 313
452 315
438 313
425 310
406 311
390 311
378 312
527 312
508 312
490 312
476 310
461 314
442 311
428 311
407 302
395 312
374 303
512 310
495 310
480 307
461 310
445 311
428 311
408 309
395 300
375 312
359 311
531 308
515 310
494 310
475 309
460 305
438 304
419 309
403 308
382 310
366 310
537 307
521 306
501 304
478 306
463 305
445 306
421 302
401 305
386 294
365 304
547 302
527 303
501 303
486 304
462 304
441 304
420 302
403 300
381 291
358 303
556 296
529 302
509 297
488 300
468 302
445 303
427 297
402 300
383 298
359 298
562 283
538 299
511 284
489 296
471 296
441 294
421 297
396 298
378 292
354 293
557 293
535 294
509 290
484 293
456 288
426 292
405 287
377 293
355 294
330 292
577 284
548 271
520 281
497 285
465 286
438 281
411 272
388 286
354 286
330 289
596 281
567 279
539 279
506 281
479 284
456 281
419 278
389 280
361 283
331 277
614 274
582 274
553 275
524 259
484 274
461 276
419 269
386 276
355 276
329 257
633 260
590 269
553 269
517 269
486 268
447 261
416 260
371 266
340 261
310 263
682 257
626 257
584 262
551 257
510 254
463 259
420 260
383 254
340 252
298 247
679 244
617 221
566 242
535 248
473 238
441 242
395 246
339 243
300 237
253 242
723 231
657 201
618 225
562 222
509 216
445 229
395 232
330 228
289 217
240 199
775 195
721 210
664 189
606 196
531 193
477 209
411 199
341 206
281 192
209 199
786 161
680 163
611 156
546 162
464 167
379 152
293 150
236 168
143 173
787 50
696 120
595 115
493 109
373 106
264 119
182 116
87 118
657 6
475 7
305 0
