1040 716
1009 717
908 717
1093 711
1059 711
958 710
897 714
856 713
1117 712
1080 703
1053 710
1015 703
975 707
938 706
910 705
879 703
847 710
1146 704
1104 703
1077 703
1033 697
961 707
861 700
1130 699
1095 696
1018 694
915 699
992 672
873 692
834 699
1155 682
1075 692
989 692
943 667
901 694
824 684
1133 690
953 687
916 680
815 677
1224 681
1177 676
1035 684
985 683
941 653
893 682
845 671
1256 673
1217 667
1102 678
1056 663
1015 646
865 678
810 677
1243 638
1204 663
1155 663
1100 661
1037 671
979 670
879 670
772 662
1276 659
1160 657
1045 657
974 654
870 659
807 624
750 625
1219 608
1091 634
909 634
789 645
1337 591
1276 625
1214 637
1152 640
1086 621
1006 626
940 624
885 625
814 634
1250 607
1160 616
794 620
715 618
1265 596
1181 600
1017 605
956 604
856 592
793 604
1433 531
1066 578
985 562
884 580
800 563
704 529
605 580
1518 555
1277 541
1193 546
978 545
865 529
579 553
1561 523
1472 513
1379 519
1204 525
1103 526
967 522
769 489
1684 402
1547 460
1443 469
1310 441
1157 472
1014 458
859 476
593 467
1734 364
1360 423
1221 396
1002 373
1361 257
1132 281
876 298
719 284
406 221
1417 137
829 80
554 141
