1120 701
1018 700
987 706
943 707
919 707
880 699
1147 705
1120 706
1040 705
1010 705
964 704
888 701
853 703
820 701
1141 694
1068 689
985 688
904 692
833 692
1162 683
1121 686
1046 697
1002 683
917 685
1202 682
1070 685
1024 683
985 687
889 682
843 690
799 684
1229 677
1189 672
1049 686
955 685
916 685
863 672
1255 664
1191 673
1158 678
1106 677
946 675
901 676
849 674
802 667
1253 664
1196 672
1140 655
995 659
942 670
890 670
1213 661
1144 661
1093 663
1036 658
986 665
934 649
860 649
814 657
753 653
1302 655
1257 653
1187 646
1072 649
1007 655
939 636
823 651
1217 636
1145 641
1076 622
1015 599
939 639
737 637
1361 617
1221 610
1071 627
994 625
851 624
801 626
1417 598
1326 600
1250 610
1171 615
861 607
778 589
701 607
1418 580
1310 586
1233 575
1137 577
716 587
640 595
1506 512
1112 547
1037 558
939 559
811 553
726 557
1606 480
1193 544
842 543
1425 479
1292 479
1149 479
899 492
505 497
1677 424
1024 416
734 460
415 450
1783 362
1605 329
1238 368
840 322
657 338
434 344
293 366
1777 198
1438 194
969 161
630 158
35 158
