1169 905
1092 930
1048 931
929 925
848 933
800 931
1134 887
974 913
942 904
854 906
811 917
1111 890
1055 887
1018 882
972 883
928 885
894 887
840 874
796 888
1204 860
1160 863
1063 855
1023 863
966 853
924 859
833 863
1194 828
1153 827
1062 833
1008 835
959 828
915 824
866 833
812 829
767 831
1181 799
988 806
936 809
1239 767
1184 776
1081 767
826 771
762 773
1254 742
1186 736
1094 727
977 739
928 738
1140 707
1097 710
985 706
927 709
868 710
806 691
745 700
1271 673
1213 666
1081 666
1028 668
854 662
789 667
1241 614
1192 608
1132 608
1060 610
929 614
1167 575
900 559
842 564
761 575
708 561
1317 516
1168 498
1019 489
955 500
827 476
677 516
1164 447
1024 433
942 442
791 440
717 440
1216 345
1053 343
975 352
738 346
1345 276
1265 261
995 281
636 264
1406 161
1201 158
1112 169
902 161
832 179
743 152
639 183
518 153
1489 32
1430 57
1208 69
1123 36
891 38
785 31
710 46
570 34
