551 422
526 428
495 419
473 425
445 422
415 425
392 427
359 425
335 423
311 426
567 413
537 412
505 408
478 395
452 415
418 414
395 414
370 413
336 406
309 410
566 394
544 398
507 390
483 398
451 397
423 395
396 397
358 392
334 389
306 396
591 379
561 374
527 381
496 376
461 383
435 378
397 373
366 380
336 377
304 378
582 365
553 364
516 362
487 364
450 355
414 360
391 355
354 363
317 359
290 363
620 335
588 341
548 340
515 344
477 344
439 346
409 345
366 341
338 344
301 342
618 311
584 314
545 317
506 317
475 321
435 310
395 319
359 313
321 314
281 300
643 288
604 293
559 297
516 289
485 287
444 286
398 294
354 298
320 298
276 291
649 272
593 255
561 266
510 270
461 255
425 262
374 265
332 267
291 271
249 261
656 233
604 229
568 234
505 228
453 234
409 236
365 207
314 237
264 232
223 226
717 184
634 174
599 185
537 189
502 184
435 183
386 192
335 185
281 186
218 177
715 129
665 122
597 108
539 123
488 116
413 114
363 119
306 125
244 115
167 115
756 37
697 43
635 36
544 43
483 51
411 53
355 35
281 43
218 36
142 46
