502 428
445 428
419 426
570 415
548 413
516 414
488 418
463 419
439 415
413 420
382 419
357 419
332 421
558 404
532 396
507 402
476 386
444 405
423 398
387 397
361 398
333 403
302 400
581 390
559 387
518 381
494 378
460 391
435 389
394 388
368 384
342 383
311 383
583 360
545 373
517 372
482 370
449 367
419 372
378 372
351 366
322 372
281 370
619 348
578 343
546 329
514 351
477 344
444 328
404 350
369 350
332 346
298 349
631 328
588 329
551 320
508 325
470 305
430 321
404 325
356 325
327 329
291 320
646 299
604 300
565 303
523 298
485 295
443 297
410 299
365 300
327 294
280 292
653 261
612 258
571 262
516 261
470 269
438 263
383 252
336 269
303 260
246 262
655 225
611 225
571 223
518 225
471 226
414 218
374 227
318 233
274 226
210 225
710 169
648 177
591 180
544 178
487 179
432 168
376 169
316 185
261 175
208 174
706 124
654 116
582 110
534 105
476 120
401 110
346 113
279 118
230 111
175 126
788 48
722 42
634 37
574 37
509 45
434 32
366 35
294 47
223 50
155 35
