833 183
835 188
809 188
780 187
745 183
826 177
782 184
727 188
834 178
783 181
746 185
714 187
689 183
792 172
754 152
660 180
839 157
660 177
777 158
741 153
657 170
627 171
583 185
569 183
813 107
728 96
674 149
636 166
573 171
544 186
539 189
723 18
666 127
595 157
554 171
532 179
518 181
500 189
542 140
515 149
490 166
493 142
396 78
434 131
428 164
422 174
426 183
425 183
426 185
250 89
308 118
331 143
360 172
378 170
380 184
384 181
394 189
183 118
277 154
311 168
321 183
343 188
350 188
149 150
227 175
289 181
302 180
309 190
70 143
138 167
175 142
196 170
245 187
264 184
34 160
138 168
175 174
191 181
235 172
21 167
53 173
109 173
129 186
189 169
60 179
114 187
4 180
49 187
95 181
116 186
29 185
61 183
8 166
