550 428
419 426
395 426
375 426
322 426
577 410
551 416
520 416
490 420
465 415
438 412
409 411
388 417
354 412
329 415
561 396
532 399
501 402
467 383
445 396
413 403
389 401
352 400
331 397
301 404
580 382
552 387
523 383
491 383
453 389
421 382
397 387
365 381
336 387
305 388
577 366
548 372
513 358
484 368
449 365
413 366
383 368
356 369
314 367
278 365
604 350
579 348
534 345
506 348
468 340
439 341
393 346
370 343
324 350
290 350
617 327
581 326
541 326
498 330
464 329
424 321
384 325
356 326
308 323
271 324
604 292
567 299
528 296
496 303
451 301
416 302
370 299
330 304
286 299
252 299
646 273
607 276
556 272
524 268
472 268
430 265
385 264
345 269
301 272
253 263
652 228
614 233
556 235
513 229
465 235
422 230
369 230
315 240
276 231
223 236
673 193
629 201
567 204
525 200
467 199
426 201
362 190
324 194
269 178
217 203
693 155
639 143
580 146
515 147
469 144
414 158
348 152
297 139
236 152
175 152
770 86
697 83
642 87
579 83
515 75
457 78
385 76
312 95
265 91
195 80
824 5
758 3
671 15
589 18
513 21
451 14
371 18
315 11
179 22
