842 183
809 187
789 192
758 191
827 187
800 184
778 191
750 188
727 191
845 179
801 190
720 196
708 195
808 185
746 190
683 194
664 191
821 173
721 190
697 189
676 193
649 195
831 176
783 180
745 181
689 191
667 191
649 194
633 195
619 191
802 165
748 176
657 188
644 173
597 189
722 177
657 182
590 188
690 175
651 171
618 184
610 178
578 185
564 184
540 193
533 191
597 167
580 154
566 177
552 185
524 185
511 194
509 196
544 136
535 175
516 184
506 187
495 191
491 191
480 196
483 178
474 179
465 185
468 169
415 162
430 176
427 184
423 188
426 193
426 192
426 193
357 165
371 169
375 176
385 188
395 185
395 193
397 191
402 196
311 169
339 179
350 184
355 193
365 195
370 194
277 179
302 190
330 191
336 189
339 196
138 171
196 180
224 174
251 185
266 168
272 184
296 194
307 192
133 172
171 181
194 182
235 183
254 187
259 190
283 182
10 169
47 172
177 185
187 188
213 187
219 194
251 181
124 184
178 190
203 195
16 181
97 181
140 191
161 195
186 190
196 193
42 166
99 192
122 192
141 193
157 191
53 189
106 191
122 179
90 194
17 192
37 195
65 194
