852 310
825 315
793 319
761 320
737 315
719 317
694 321
672 323
653 324
632 320
843 315
800 316
777 315
751 315
726 320
697 321
676 318
659 322
633 319
833 313
802 314
773 316
734 312
711 314
690 315
668 320
642 318
628 322
820 305
784 310
757 311
728 316
701 314
676 313
657 319
635 318
611 322
824 304
784 307
747 308
722 314
696 315
665 317
649 318
624 318
600 320
821 302
781 306
752 308
713 299
686 310
659 311
639 315
617 316
594 315
851 299
806 302
766 291
733 307
703 309
679 307
643 310
626 314
602 311
576 318
843 296
803 299
755 301
720 306
691 308
655 307
633 314
606 314
585 310
823 298
773 292
732 302
697 305
663 305
635 306
603 310
578 314
553 311
810 285
772 293
724 296
687 299
654 299
623 307
588 308
568 303
545 312
827 289
760 284
717 297
675 296
645 302
605 302
583 308
556 293
533 305
847 280
777 286
736 292
678 288
639 292
614 297
581 297
550 299
526 309
785 274
722 276
682 286
637 291
603 287
563 298
535 304
508 307
815 267
752 273
695 280
637 275
604 290
571 293
542 298
506 301
481 302
803 253
728 263
673 276
619 281
567 281
529 281
494 292
469 299
448 302
842 238
747 242
672 258
607 244
564 276
516 280
484 290
451 289
432 296
840 226
735 239
652 249
586 259
536 271
493 269
461 275
432 288
398 291
819 206
683 218
590 236
534 248
483 262
442 268
410 275
378 285
359 284
760 139
629 198
560 175
487 234
431 246
400 264
358 271
330 267
301 283
786 49
618 146
509 178
445 193
390 187
342 238
308 254
275 256
254 262
416 117
339 151
285 184
243 224
227 237
206 241
173 263
222 61
131 139
102 181
115 200
97 222
94 243
