834 184
794 191
771 193
741 194
715 195
703 198
837 162
806 189
762 192
742 193
718 194
695 189
677 195
821 174
790 187
757 186
731 187
705 192
676 191
665 188
653 195
804 178
753 180
729 186
703 184
672 185
658 191
639 192
628 193
815 176
775 178
730 180
708 183
673 180
646 190
634 187
623 193
607 192
600 195
797 154
745 173
718 168
679 183
652 186
636 188
619 190
599 190
591 192
575 195
708 157
684 164
645 178
619 183
609 186
587 181
574 192
564 188
559 188
546 180
656 160
641 164
603 183
582 177
572 177
558 180
548 188
543 191
532 195
522 193
606 169
562 165
556 178
543 185
534 169
516 189
513 189
505 195
505 194
498 190
527 174
521 167
507 184
492 185
492 187
487 191
476 173
480 194
472 196
469 193
465 169
468 145
456 181
461 178
451 186
445 191
452 191
445 193
443 196
441 192
402 167
399 173
394 173
407 178
404 182
405 186
411 185
414 188
408 194
410 196
323 171
338 170
343 179
357 186
367 186
375 183
374 174
376 194
382 180
386 192
267 158
295 174
301 183
314 184
326 190
337 188
346 187
353 187
357 196
359 194
196 156
234 175
247 178
270 184
284 189
300 187
309 191
317 194
323 195
325 194
108 159
168 175
181 178
215 185
236 187
252 189
267 190
276 191
294 191
301 194
49 168
105 178
144 172
171 177
191 188
220 188
227 191
244 192
264 177
268 194
29 163
64 173
114 181
145 184
170 179
191 190
207 173
226 194
241 194
248 191
17 180
65 183
96 186
144 188
155 183
184 194
195 194
216 195
14 181
47 178
90 189
122 185
137 191
168 195
178 196
196 197
