535 301
514 305
491 300
473 303
451 301
428 304
411 304
385 303
366 303
348 305
548 301
525 301
500 297
479 287
458 302
431 302
413 301
394 301
366 295
346 300
550 294
532 298
503 292
484 298
458 296
436 295
415 297
384 294
365 291
343 296
572 292
548 287
520 293
495 291
467 293
446 290
416 288
391 292
367 291
341 290
566 291
543 289
513 287
490 288
460 283
430 288
412 284
382 289
351 286
330 288
602 278
574 283
542 278
514 285
483 284
452 285
427 284
392 282
369 283
339 284
604 270
575 271
542 276
509 277
483 278
450 270
417 279
387 272
354 271
318 258
629 266
595 266
556 274
521 266
495 263
460 263
420 269
383 270
355 273
317 269
637 265
592 254
562 262
518 265
476 246
445 263
401 261
366 266
330 265
292 256
650 256
606 247
572 257
518 253
472 254
433 256
392 226
350 256
306 255
269 249
716 240
646 215
609 241
552 236
520 240
460 242
415 242
369 241
320 243
260 232
730 219
684 217
622 206
563 213
516 212
444 212
395 209
341 213
283 217
210 217
798 188
738 184
676 187
582 193
519 193
446 184
386 156
317 194
242 157
172 183
786 155
718 156
621 149
528 158
432 150
371 149
275 145
201 165
82 144
838 73
717 93
591 89
490 94
356 91
255 96
144 93
25 73
