499 317
484 318
469 319
458 316
445 319
428 316
415 318
400 318
388 317
375 317
506 316
491 313
480 316
464 316
450 314
434 317
417 313
405 316
390 317
376 316
514 314
497 307
485 313
468 316
453 312
439 312
422 315
410 314
391 316
375 313
508 303
496 312
477 309
459 314
444 313
432 312
413 310
400 309
380 310
365 313
518 310
504 311
489 311
469 308
453 308
439 311
422 310
403 310
387 309
370 312
533 309
511 310
494 310
475 305
458 309
445 307
427 306
407 309
390 311
374 307
541 306
518 306
502 309
482 307
463 308
444 306
423 309
407 308
385 307
368 307
545 300
521 304
503 306
488 305
464 306
445 305
426 301
404 300
381 304
367 306
537 301
509 299
489 297
470 304
448 303
431 298
409 297
389 297
363 290
348 298
544 287
523 300
498 297
476 297
452 294
437 296
412 298
387 295
362 299
344 298
560 295
536 296
511 297
484 294
458 293
441 294
410 281
389 296
369 293
342 296
580 292
551 292
528 286
498 293
474 286
453 293
424 287
395 294
370 291
347 292
580 284
555 283
520 282
493 282
469 283
436 286
412 288
379 287
353 289
324 282
603 277
563 274
531 282
510 280
469 263
441 273
411 281
378 275
353 281
324 263
621 273
591 275
555 274
522 275
491 274
457 271
421 272
384 270
358 254
312 273
637 263
610 260
568 263
525 256
493 264
446 265
411 242
370 263
328 264
299 263
675 228
642 239
601 242
552 243
509 250
466 241
427 242
376 254
329 252
288 251
698 231
658 241
599 226
543 242
501 237
448 234
393 240
349 236
307 236
255 234
770 220
713 204
659 221
595 186
538 215
468 209
420 184
356 223
307 187
245 220
843 189
773 178
702 179
597 150
552 172
477 177
403 185
318 183
263 185
180 186
765 120
663 146
551 141
468 138
365 138
287 139
179 142
116 141
762 63
676 56
531 57
395 67
281 54
179 33
