559 295
534 295
509 296
486 289
438 290
414 293
388 293
361 292
338 288
567 289
515 292
416 277
389 291
362 286
331 284
588 282
452 285
392 284
341 285
592 275
567 277
533 280
509 284
476 265
448 276
410 275
382 281
350 274
319 277
607 255
584 267
552 272
517 273
451 273
411 267
375 267
306 276
589 266
550 260
516 259
471 264
441 265
404 257
365 262
332 260
293 262
647 257
561 250
511 254
478 253
434 254
389 256
351 258
305 258
265 256
710 247
607 231
562 240
477 230
418 244
733 230
659 203
617 230
569 218
516 231
456 225
357 234
229 225
746 209
699 207
626 204
550 207
503 211
181 194
680 179
537 166
444 178
363 182
152 185
789 128
568 126
383 131
66 114
810 8
652 40
376 39
195 6
75 20
