790 311
735 317
714 318
690 319
668 320
646 322
811 310
784 310
758 314
719 304
701 316
671 317
609 322
813 309
788 308
757 311
721 314
697 317
649 318
845 305
633 317
760 310
721 311
690 311
660 312
639 309
609 314
782 299
744 302
643 310
617 311
597 312
850 295
806 296
683 306
654 309
598 311
572 315
770 296
590 306
569 308
541 307
813 280
756 294
714 295
630 284
612 304
554 309
526 308
809 272
754 288
666 294
628 300
596 297
558 300
820 278
757 283
711 277
655 291
620 288
526 287
503 298
593 288
521 298
492 300
470 305
771 252
715 260
493 295
800 251
713 246
662 254
601 277
508 263
479 284
445 295
848 201
678 252
591 248
504 274
407 289
776 207
649 235
530 253
479 260
412 281
378 289
756 146
642 198
563 216
498 205
398 267
307 280
829 80
655 149
531 167
448 206
394 231
253 271
225 233
303 13
233 124
174 147
108 230
104 254
