777 297
761 299
740 297
724 298
712 300
696 301
681 304
664 305
653 299
642 306
777 296
760 297
741 298
724 300
708 299
692 302
674 295
665 302
651 305
636 304
773 293
755 293
737 298
720 299
700 292
686 299
673 299
660 303
645 303
630 305
767 293
753 295
734 296
717 297
697 296
685 300
665 300
653 299
639 304
625 303
767 291
748 292
731 293
709 293
694 296
680 299
662 298
645 293
634 299
621 302
776 287
759 287
739 292
720 291
701 294
686 295
666 296
654 295
637 300
622 301
772 286
750 288
728 290
713 290
691 292
676 293
659 294
641 296
630 299
617 299
776 284
750 284
732 289
713 289
694 291
674 289
659 295
641 296
625 297
612 299
778 279
752 282
732 286
712 286
691 289
672 290
653 293
635 291
624 295
605 293
777 278
750 278
730 280
705 281
690 287
667 280
649 291
635 290
615 291
599 286
765 277
741 278
714 281
698 278
678 286
656 277
642 288
620 287
605 292
587 292
764 272
739 277
718 278
691 280
671 271
650 281
635 286
615 288
597 287
581 291
747 268
724 275
701 277
673 278
655 280
635 273
616 284
597 285
581 289
568 292
767 263
732 265
713 271
688 274
663 272
641 277
618 281
605 283
589 286
566 285
755 263
726 263
697 269
674 273
655 274
632 278
610 280
590 278
573 280
558 285
744 253
709 263
686 267
660 268
637 269
617 275
598 277
575 276
559 279
543 279
745 255
715 254
690 256
664 263
636 262
614 271
592 274
574 275
557 278
535 280
754 243
715 249
687 252
657 253
628 264
609 266
582 264
565 269
545 276
531 274
726 240
693 247
660 248
638 253
614 261
584 263
562 265
543 270
524 272
505 264
738 229
700 236
662 245
632 242
603 253
584 258
551 261
538 263
515 264
497 271
728 221
694 227
653 216
618 241
587 240
565 246
539 251
515 261
500 260
481 267
711 206
679 212
639 226
611 231
581 241
547 240
521 247
497 256
479 256
463 258
697 194
667 206
616 214
582 220
557 232
528 238
499 228
477 243
459 249
442 259
685 187
637 196
607 206
574 219
529 225
506 233
484 231
457 242
437 248
423 249
655 183
604 193
565 201
537 213
500 221
474 228
446 219
430 241
406 244
393 246
630 160
597 176
543 187
511 179
479 210
446 217
425 206
396 232
381 239
362 243
657 95
600 139
546 160
503 174
478 188
443 207
414 206
384 216
372 223
352 237
622 86
562 123
521 138
463 156
435 170
404 178
376 197
358 212
330 220
315 227
549 76
506 112
454 136
405 154
389 174
353 180
328 199
305 205
295 217
274 224
528 10
477 51
427 84
379 116
347 138
314 152
297 168
277 189
259 204
234 210
389 6
333 54
298 69
263 118
239 145
213 159
202 147
187 191
172 199
205 33
202 73
157 106
147 123
148 152
133 145
132 174
58 22
51 85
55 107
63 137
61 168
