776 294
761 298
742 301
722 302
708 299
696 301
680 304
665 305
653 306
638 304
781 294
768 297
744 298
730 298
715 298
700 302
681 303
668 301
656 304
639 303
778 294
761 295
743 296
727 298
704 296
690 297
677 299
662 302
645 301
636 304
773 293
752 290
732 293
716 295
699 298
683 297
667 297
655 301
640 301
625 304
767 290
752 289
730 291
709 293
694 296
679 297
660 299
650 300
634 300
618 302
768 289
748 287
727 290
711 292
688 287
673 294
656 295
644 298
630 298
615 298
759 285
737 287
717 281
699 291
682 292
668 291
646 294
636 296
620 295
603 300
774 281
752 282
733 284
709 286
691 290
674 291
654 291
640 295
623 296
610 294
760 270
740 284
716 281
695 286
676 288
658 289
642 290
623 293
607 296
591 294
759 277
730 277
713 281
690 283
670 285
653 285
635 290
615 291
602 289
588 295
756 275
735 278
705 276
685 283
664 283
648 287
626 287
612 291
596 283
581 290
764 270
739 274
710 276
693 280
665 278
645 281
632 284
613 284
594 285
580 291
763 266
739 265
710 271
684 272
666 277
644 279
627 278
605 284
588 287
571 290
750 262
718 268
695 270
671 273
645 272
628 279
611 281
595 283
574 285
558 287
737 262
709 262
682 266
660 271
637 274
612 274
592 274
573 280
556 284
543 286
746 253
715 258
687 258
659 264
633 258
613 272
589 274
572 278
552 278
540 282
741 246
709 255
679 258
651 261
626 265
604 269
583 268
564 271
548 278
527 279
733 241
697 251
661 253
631 257
609 261
585 266
566 268
547 271
526 276
512 276
714 232
677 237
645 249
623 239
597 257
573 260
555 267
532 269
511 268
493 275
715 223
674 231
644 241
615 245
591 246
566 242
542 257
523 263
502 263
485 266
709 220
668 220
636 216
604 238
580 241
549 245
526 255
505 257
489 258
467 266
734 203
685 210
641 214
609 222
581 234
543 241
517 247
496 248
480 254
457 259
703 195
653 204
612 211
582 225
546 232
523 233
492 240
476 247
454 249
435 255
702 172
660 191
613 202
562 209
535 218
508 230
484 233
457 235
433 244
420 248
655 161
622 177
572 186
534 196
496 207
475 213
448 229
428 236
408 241
384 233
678 132
619 151
558 169
514 188
485 200
453 207
422 220
410 227
384 232
369 240
636 107
578 125
521 145
489 166
449 178
427 198
394 204
375 215
344 224
333 232
637 59
547 101
493 132
440 151
407 141
380 173
355 194
331 206
310 212
303 222
560 20
484 58
431 110
394 125
359 159
322 169
304 181
279 192
272 199
258 217
426 0
380 51
353 96
313 118
282 137
261 158
244 179
228 193
220 195
309 14
266 43
231 99
212 120
198 142
173 158
168 180
166 184
142 5
127 47
108 91
123 87
107 150
91 159
92 178
23 50
12 98
15 121
21 143
19 162
