522 300
501 302
474 297
437 299
411 299
372 295
549 297
529 297
479 297
456 298
387 296
338 295
566 288
515 293
492 289
440 294
395 292
368 289
528 285
495 291
441 273
389 274
336 284
567 279
545 282
510 286
486 286
455 277
363 269
336 277
557 276
526 277
398 277
629 269
598 269
521 267
484 264
450 263
418 267
380 260
341 249
306 261
640 259
600 261
520 252
360 256
279 259
684 249
554 248
513 249
465 242
418 248
380 241
321 250
290 224
677 238
618 235
568 230
513 224
462 237
365 231
313 222
249 237
