531 366
509 368
487 368
467 362
425 364
404 365
382 365
359 365
339 361
533 353
490 356
407 344
383 356
361 350
335 348
546 339
435 340
386 338
345 342
544 324
524 323
498 327
480 331
453 317
432 325
401 323
379 326
354 323
330 324
549 299
531 305
508 310
482 310
432 309
402 304
375 307
322 312
529 292
501 288
477 289
445 290
424 293
397 286
369 289
346 287
318 288
560 271
503 271
469 272
447 272
417 273
387 270
361 274
330 272
303 272
590 252
523 242
496 246
443 242
405 249
589 227
546 217
521 227
494 223
463 228
427 224
369 233
296 224
580 202
552 198
517 203
475 200
450 204
280 196
529 173
460 168
416 170
379 170
277 175
625 126
545 129
462 131
390 131
274 122
595 76
551 83
514 79
473 88
390 88
342 75
301 84
255 81
605 31
506 25
422 30
382 39
283 30
231 27
