560 302
538 296
512 298
492 296
466 301
444 296
428 301
407 299
385 296
362 302
559 292
537 299
510 299
493 299
465 293
446 299
421 294
396 295
374 293
354 296
575 290
548 292
523 289
500 296
477 292
454 295
424 294
403 295
373 294
352 295
565 285
544 286
516 291
486 288
456 284
430 290
406 288
380 284
356 288
324 285
577 278
549 281
526 284
496 280
465 284
433 283
409 283
375 279
346 286
324 285
609 278
571 280
547 280
511 274
483 277
443 272
412 276
382 277
349 275
325 278
616 272
578 271
546 272
510 267
480 265
438 269
402 248
370 265
340 270
302 269
663 264
616 263
582 260
542 240
502 262
464 251
417 260
380 257
339 260
306 265
644 223
613 251
564 237
516 244
487 250
432 251
394 239
343 249
295 246
253 247
729 225
674 237
633 224
566 235
523 224
478 231
420 235
371 227
326 232
266 231
