520 411
489 410
470 411
451 410
416 405
395 407
381 410
359 407
523 402
507 401
464 400
451 400
428 400
409 398
393 401
373 398
355 398
505 379
453 389
432 392
374 392
356 393
524 379
481 383
459 381
419 381
364 380
340 376
512 366
491 365
430 370
408 368
387 369
345 371
542 352
523 357
500 357
472 358
432 359
409 359
390 358
369 357
347 354
531 344
512 343
442 343
419 335
348 341
530 331
485 329
384 329
549 317
517 314
494 315
473 313
423 314
397 311
348 311
320 309
542 291
513 284
488 293
468 295
413 288
354 293
332 295
559 260
544 274
510 274
451 276
431 274
375 276
342 274
537 255
509 253
471 252
447 244
584 222
553 231
483 230
427 226
395 231
364 228
324 227
589 196
555 198
519 197
457 201
424 203
388 204
360 201
292 204
565 164
490 166
421 163
384 165
303 164
272 163
534 128
459 128
346 127
296 120
261 123
651 79
569 68
520 65
480 77
443 71
401 67
311 72
271 74
602 18
544 14
504 15
406 13
364 22
313 8
231 11
