572 285
541 287
516 285
487 283
456 286
430 285
401 288
374 288
347 287
322 289
588 283
558 280
527 273
498 281
467 280
441 273
404 282
379 280
343 277
314 278
616 272
574 274
544 272
516 269
475 270
445 268
412 264
374 267
337 272
308 255
631 265
582 266
546 264
507 267
470 266
437 257
399 267
363 264
324 261
280 267
657 253
600 248
563 252
524 252
476 244
431 253
387 255
346 257
299 254
267 249
677 234
645 240
595 242
530 243
482 235
438 243
388 241
348 241
291 240
247 237
752 216
689 210
626 223
572 215
512 214
448 213
400 224
339 218
283 223
229 214
759 199
698 186
647 199
573 200
517 202
452 186
371 202
313 205
243 199
194 167
852 152
773 152
683 149
588 161
499 157
427 148
329 151
236 167
153 148
768 102
669 95
550 96
430 64
327 55
226 85
109 98
