533 307
502 307
482 308
462 306
426 302
403 303
389 306
365 304
539 304
522 305
477 303
463 303
438 303
419 300
401 304
380 300
361 301
524 288
467 298
443 303
380 303
361 302
547 296
499 300
474 299
430 299
368 299
341 294
537 290
514 291
443 296
418 294
394 296
346 296
577 285
554 292
526 292
493 290
446 293
419 292
397 293
372 292
346 287
567 284
545 286
459 287
431 273
345 281
572 283
516 281
389 278
603 278
562 272
532 277
504 272
439 272
404 268
340 273
303 269
606 262
566 248
530 263
502 267
427 260
345 266
315 268
645 232
621 257
571 259
484 258
455 259
373 256
324 259
622 247
579 244
521 245
482 223
728 220
668 231
551 230
456 227
401 233
347 228
280 226
769 200
702 200
635 199
517 209
453 204
386 214
334 206
208 211
767 164
603 167
455 162
374 175
197 171
129 168
758 119
566 127
269 116
131 97
33 115
697 6
