529 308
511 309
492 303
472 304
457 306
437 307
418 306
397 308
382 306
363 309
533 307
518 302
497 302
480 304
459 305
438 301
419 305
401 302
380 307
361 303
551 302
532 298
507 301
488 303
471 303
448 298
425 302
408 299
382 302
365 300
547 300
524 285
500 300
482 295
460 298
431 296
411 296
391 299
371 300
348 301
553 295
527 297
502 297
485 296
462 292
433 293
415 291
385 282
361 296
337 298
565 293
535 290
514 291
489 291
456 292
439 292
411 292
387 291
357 288
331 291
586 287
556 284
533 283
504 284
474 282
446 285
419 288
394 286
363 286
337 285
584 283
566 282
526 285
496 281
474 276
444 284
415 278
384 283
350 283
318 282
613 269
571 275
544 272
506 272
481 270
441 275
416 279
383 277
344 278
317 277
617 261
571 268
538 265
500 262
468 266
432 264
400 266
361 268
328 270
291 261
662 254
631 259
581 257
547 257
503 259
472 256
430 262
389 238
349 259
305 254
668 238
623 243
573 246
522 246
478 241
446 246
390 250
342 247
298 246
269 222
732 229
674 222
616 229
564 230
529 227
473 226
414 228
367 226
311 218
263 229
783 171
739 201
671 206
601 198
544 210
471 207
407 210
343 209
294 210
221 209
791 164
737 151
638 174
564 161
497 176
423 155
334 165
239 166
155 156
765 116
662 111
536 112
434 114
362 128
250 68
146 119
43 107
810 38
694 41
580 24
421 19
264 12
106 29
6 29
