844 183
812 188
785 188
768 192
814 189
776 175
765 193
738 182
850 185
820 188
778 192
748 190
736 177
708 197
693 197
837 184
800 180
767 181
739 191
711 192
692 196
679 197
850 173
783 183
764 184
730 189
702 184
681 191
667 177
646 193
847 172
775 179
748 184
718 186
693 189
667 189
654 187
631 179
621 194
778 178
747 170
700 182
684 187
660 191
642 184
621 192
613 190
596 192
764 131
716 178
672 155
644 181
635 183
615 184
594 191
587 193
576 188
567 191
664 171
637 178
608 177
590 185
572 181
558 189
551 185
546 193
539 195
532 194
602 161
578 145
552 170
549 178
534 185
519 182
520 174
508 191
500 193
502 196
541 164
520 169
516 172
506 180
490 188
491 186
483 186
483 189
477 194
477 190
473 164
460 172
462 177
458 160
454 184
456 186
447 184
443 193
449 193
447 179
396 154
398 177
397 183
403 186
410 186
407 183
406 185
413 191
417 189
414 191
303 167
337 172
352 182
357 180
365 180
368 189
370 193
371 191
384 189
382 189
254 173
285 153
307 179
312 187
326 183
332 188
340 192
346 193
354 190
358 194
195 171
224 151
245 178
267 179
277 180
297 189
308 193
314 194
318 190
329 181
127 157
164 179
187 169
211 178
232 182
253 190
268 187
283 191
285 189
301 192
53 167
104 169
155 175
175 179
199 181
212 191
229 187
248 187
261 192
270 197
46 176
85 153
126 183
151 189
174 189
196 190
219 193
225 196
242 195
33 179
74 185
113 188
144 191
166 193
178 191
193 195
211 196
7 182
52 183
84 180
114 190
137 187
161 189
170 194
7 185
52 187
79 190
107 194
127 195
144 196
6 181
40 192
65 189
93 196
121 190
2 190
39 189
57 195
83 197
25 188
40 196
70 197
