780 289
762 287
744 292
721 293
705 296
687 294
671 295
658 299
640 300
625 301
766 288
746 287
729 288
708 293
688 291
670 293
658 297
643 297
627 298
614 300
776 282
758 282
733 285
713 289
695 291
678 292
663 294
644 295
630 297
617 299
758 282
736 281
719 285
696 278
677 290
663 289
641 290
628 291
613 296
597 295
767 280
747 282
719 280
701 281
681 289
665 290
642 291
627 291
614 291
598 293
757 272
730 281
710 283
687 285
668 284
651 288
629 290
614 290
601 293
582 294
774 271
744 271
720 266
700 280
677 280
655 273
637 286
619 289
601 289
586 292
770 269
740 273
714 271
687 277
663 269
643 281
631 283
608 286
595 288
578 287
765 267
736 269
712 273
686 274
665 276
643 278
627 281
607 284
589 282
569 284
752 261
727 261
702 267
672 268
649 276
632 277
606 275
589 282
575 281
554 286
738 257
711 262
688 263
661 268
640 268
613 270
597 277
577 281
560 282
539 285
748 250
715 255
685 260
660 265
636 266
611 267
589 268
570 277
551 280
534 280
726 250
696 255
663 252
640 257
619 266
590 265
571 267
551 275
535 274
522 279
741 242
707 245
668 246
641 256
618 261
591 261
570 267
549 267
530 272
512 273
716 233
682 234
650 244
621 251
590 253
565 259
545 265
521 262
510 267
492 274
716 227
683 235
652 238
618 244
592 249
560 254
537 260
518 261
501 264
478 263
714 218
668 224
631 226
602 237
576 243
542 245
521 238
503 253
476 263
466 252
699 207
662 214
617 205
585 232
554 230
530 242
508 245
487 251
468 254
442 256
669 189
637 200
592 206
564 218
529 211
498 237
476 243
458 246
438 236
418 252
674 169
610 194
574 207
534 207
516 220
480 223
454 230
437 242
416 245
396 249
637 157
588 180
548 194
523 203
485 205
456 212
434 224
408 235
386 241
367 246
623 128
579 153
526 172
487 183
450 191
422 206
405 216
375 220
364 234
344 239
631 90
570 132
517 149
475 166
430 181
405 183
386 206
361 215
339 226
320 222
585 66
533 108
483 124
438 139
404 166
368 178
335 196
323 203
296 214
280 223
500 44
454 78
383 82
364 140
321 153
301 165
281 177
264 199
250 205
