550 421
492 411
470 428
440 425
417 425
343 423
313 426
564 408
500 406
478 413
446 406
425 413
388 415
361 414
336 408
311 411
570 396
539 395
514 397
482 397
427 395
394 394
599 386
567 384
475 383
435 383
349 378
585 366
476 365
349 368
310 368
286 365
559 348
525 349
487 345
424 345
381 343
569 315
418 324
377 318
343 316
310 323
273 321
527 280
481 287
400 287
359 266
310 286
276 286
647 250
502 249
417 261
375 260
685 218
581 196
538 210
440 214
293 201
664 172
547 173
495 167
441 168
378 166
324 171
213 168
714 115
472 102
414 100
346 112
287 102
787 9
712 19
635 19
566 22
493 13
187 2
116 12
