428 428
380 428
573 422
547 415
515 420
491 421
470 423
439 415
411 420
389 416
356 421
335 417
565 409
534 391
505 410
481 403
455 406
418 403
393 406
367 409
341 409
312 411
570 393
538 396
507 396
484 392
456 388
419 390
397 388
361 376
328 394
298 399
582 377
545 374
519 378
487 376
447 377
425 376
390 378
361 374
324 370
290 374
605 360
567 354
539 356
504 356
468 352
434 358
399 360
369 356
331 355
299 356
600 341
577 337
530 342
492 338
465 332
429 343
393 333
356 339
314 339
275 337
627 306
579 312
547 311
501 308
471 307
424 315
393 316
353 314
307 312
274 312
626 274
574 284
536 281
490 278
452 277
411 280
373 282
328 284
288 284
247 276
671 245
637 251
580 249
540 242
490 249
455 245
406 254
362 234
313 250
264 244
667 197
618 202
564 208
507 212
457 198
422 210
358 211
305 203
256 202
231 192
726 157
660 146
600 154
545 152
505 143
445 144
383 153
333 151
275 141
221 156
744 71
711 83
643 85
572 90
514 97
438 86
373 96
306 89
256 97
182 82
