516 310
499 312
480 308
465 311
447 309
428 311
413 312
392 311
377 311
362 312
526 310
507 310
487 306
470 298
452 310
430 310
415 310
400 310
377 305
361 309
526 305
512 308
488 303
473 308
452 306
434 306
417 307
393 305
377 302
359 306
542 304
523 300
501 304
481 303
459 305
442 302
418 300
399 304
379 303
358 302
536 303
518 302
495 301
476 301
453 297
430 301
415 298
392 302
367 299
350 301
562 294
540 298
516 294
494 299
470 299
446 299
427 299
400 297
382 298
359 299
561 290
539 290
514 294
489 294
470 295
444 289
419 296
397 291
372 290
344 280
576 288
552 288
522 293
497 287
477 285
451 285
422 290
394 291
373 293
346 290
579 288
546 280
525 286
493 289
463 274
440 287
408 286
383 289
356 288
329 282
583 284
553 277
529 285
490 282
458 282
431 284
402 263
373 284
342 284
316 279
620 277
576 258
549 277
511 273
489 276
449 278
419 277
388 277
356 278
315 271
620 266
590 265
549 259
514 263
483 262
438 263
407 260
372 262
337 267
291 267
642 255
609 252
571 255
517 258
481 257
438 251
403 234
363 259
317 235
277 251
671 235
621 244
581 247
529 244
480 248
429 243
396 241
344 238
305 250
243 240
723 220
660 230
613 224
561 230
501 231
457 229
394 230
348 233
297 232
246 225
798 194
718 209
679 202
608 210
530 204
465 203
422 208
340 200
278 201
217 205
793 181
712 168
641 165
576 178
481 176
414 170
322 166
267 138
159 165
737 124
636 120
551 110
437 122
364 75
253 130
145 126
62 107
744 16
538 48
271 46
101 12
