531 428
483 427
450 428
428 427
402 427
373 426
571 417
539 415
516 418
490 418
464 415
433 411
408 419
379 416
350 416
323 419
584 400
552 401
525 404
499 401
466 404
438 400
407 403
377 397
355 403
320 395
595 388
560 383
533 385
497 382
474 389
440 372
408 387
382 386
346 382
319 369
595 369
563 366
526 365
501 360
468 370
433 350
404 369
366 360
332 369
294 364
606 348
572 351
543 349
501 347
470 327
433 340
401 348
363 346
324 342
287 346
599 322
566 329
532 324
483 324
453 322
415 308
375 323
335 319
296 325
261 330
649 295
596 294
568 297
526 297
481 292
438 297
392 295
361 297
322 303
271 292
651 272
609 262
559 271
522 264
485 264
438 264
386 269
344 258
302 256
255 268
663 220
611 224
567 228
518 222
466 226
421 227
375 228
321 216
273 225
231 216
697 187
648 174
601 174
548 179
487 177
433 184
380 176
328 183
278 177
212 179
758 116
690 113
640 105
574 99
506 105
455 104
381 107
329 102
258 108
214 115
766 32
707 21
624 22
562 41
497 44
416 24
345 20
272 37
204 32
149 17
