769 278
752 280
729 282
707 281
686 283
668 288
647 288
633 290
617 291
597 288
757 274
731 277
706 281
684 281
666 285
646 285
632 288
613 291
597 290
583 293
773 272
744 273
719 277
697 278
674 282
659 286
637 285
620 288
607 290
589 290
772 270
747 271
721 276
691 277
670 277
650 279
635 283
616 285
594 284
580 287
758 265
726 269
703 269
680 274
662 277
641 279
620 281
601 281
581 286
565 279
754 262
722 267
696 269
675 270
647 275
628 274
612 281
588 284
569 282
555 285
741 255
707 262
684 265
661 270
638 272
612 270
593 267
579 278
557 284
540 274
742 252
706 258
679 261
650 264
629 257
602 268
586 271
567 275
551 278
532 282
745 242
717 252
686 253
651 257
631 263
608 265
583 271
565 268
543 271
530 275
728 244
701 245
664 247
640 256
612 260
591 257
563 267
545 271
530 271
511 274
742 228
708 231
667 239
638 245
612 238
585 255
562 259
543 264
518 263
503 271
713 226
681 233
639 237
616 243
588 253
560 250
541 257
519 264
494 262
479 270
712 218
675 223
632 230
607 237
572 241
546 243
528 251
503 257
486 258
465 261
713 199
667 208
628 219
598 227
567 232
545 240
513 247
495 251
471 253
450 259
685 193
641 211
600 215
563 227
532 235
509 230
481 241
463 250
447 255
429 245
