779 285
760 289
735 292
722 292
699 296
683 296
669 294
652 297
637 298
627 300
784 286
759 288
737 290
721 289
704 294
684 293
668 295
647 289
638 298
619 293
757 285
737 288
717 286
698 291
682 293
664 295
645 295
632 289
617 299
604 300
773 281
754 285
728 288
707 289
690 287
669 288
652 293
636 294
619 297
607 298
770 281
752 281
728 281
702 286
687 287
669 289
647 288
630 292
616 285
601 294
773 275
749 278
718 281
703 284
680 286
660 288
641 288
627 288
607 283
593 294
774 269
742 278
720 275
697 280
679 284
658 287
641 284
621 289
607 288
589 290
765 257
740 275
708 265
688 277
672 279
647 281
629 285
611 287
597 285
581 287
746 268
723 271
696 271
674 277
649 275
625 281
610 280
592 286
577 288
561 288
752 259
719 253
692 264
674 270
647 274
625 273
606 269
591 280
569 283
556 287
754 256
724 259
699 261
670 267
647 272
630 272
604 274
586 277
568 281
551 280
753 251
720 255
695 259
669 251
640 266
625 269
595 269
575 276
559 278
543 269
745 240
706 253
674 258
648 262
628 264
601 263
582 265
559 272
544 272
529 275
756 237
713 244
681 252
656 253
629 255
599 263
574 267
555 267
536 269
516 270
720 235
676 228
645 246
624 253
589 253
573 259
551 264
527 267
511 266
494 272
724 228
673 219
650 238
619 241
589 244
562 255
541 260
514 263
499 261
482 257
717 210
678 227
643 223
614 232
577 239
559 249
533 249
510 257
488 256
469 262
698 204
663 211
617 221
583 227
562 233
530 243
505 243
483 247
470 255
449 262
694 182
656 205
604 192
580 222
544 231
518 235
489 241
468 248
451 252
434 256
667 155
626 189
580 200
544 212
522 222
489 231
462 237
438 238
422 245
398 251
668 126
633 157
587 178
543 193
512 203
476 206
452 223
425 225
402 232
386 240
653 128
602 149
542 168
515 179
467 190
438 203
405 213
394 224
367 231
354 236
649 88
588 114
521 141
477 156
435 180
407 181
391 204
361 206
333 222
321 221
611 37
554 79
497 102
444 135
400 150
374 168
348 186
328 196
306 210
282 219
524 5
447 68
407 101
344 124
333 122
304 160
273 177
263 186
237 203
221 213
