85 24
294 50
771 28
1004 62
55 134
225 122
399 201
562 146
761 200
930 171
125 267
265 264
394 305
543 257
679 228
841 265
979 263
73 336
190 322
320 325
439 288
559 287
672 326
817 356
928 325
24 340
121 401
221 387
334 342
439 385
542 403
636 379
743 375
847 371
942 342
84 387
176 375
258 416
351 402
443 403
542 403
620 376
719 374
809 403
899 377
987 375
48 416
127 406
200 440
293 441
373 429
447 441
531 416
610 429
695 429
784 440
865 440
942 428
1018 442
73 437
143 461
216 451
293 462
362 451
442 455
516 449
581 461
661 428
727 427
803 449
878 451
945 439
61 465
135 466
198 466
269 473
335 467
404 467
462 477
537 476
602 467
668 466
740 466
807 487
874 445
941 466
1008 476
11 490
74 480
150 463
209 463
260 480
329 480
385 472
450 490
513 484
573 480
631 491
700 491
760 491
822 480
883 480
951 490
1007 501
7 511
65 499
132 476
184 493
243 494
293 502
358 512
411 511
467 512
528 476
584 497
641 476
701 493
750 483
807 494
864 494
927 502
981 494
41 505
99 488
146 505
198 505
255 510
308 494
360 513
411 488
460 505
512 504
565 521
622 505
673 489
722 495
774 488
831 489
885 512
932 489
988 504
36 505
81 513
134 514
185 514
236 506
287 499
332 514
376 529
432 514
477 522
529 518
576 514
627 514
678 517
721 499
773 504
824 530
880 529
926 522
966 505
1016 498
5 524
51 521
98 521
148 521
189 521
236 521
284 529
329 514
379 512
427 507
472 507
517 521
561 536
613 528
658 529
701 536
745 513
801 536
841 512
886 513
938 521
977 507
41 535
80 535
133 514
177 514
217 527
262 528
306 528
350 530
395 514
438 541
480 520
523 528
569 528
615 527
655 542
700 532
742 520
786 520
826 514
879 528
919 535
963 531
1007 521
8 540
49 534
94 534
137 526
176 534
222 521
264 521
301 547
344 533
384 537
429 547
472 538
514 534
552 528
595 540
637 534
676 534
723 536
766 534
806 540
841 521
889 540
928 534
973 526
1008 526
0 539
45 527
82 533
125 532
160 539
202 546
239 540
279 539
318 539
359 527
401 546
437 552
476 543
519 545
559 540
597 539
637 540
674 527
718 552
758 533
792 532
837 552
875 539
916 552
947 527
993 539
33 547
71 544
109 532
145 544
181 550
219 551
257 556
295 545
335 545
369 556
408 544
445 556
484 550
525 544
558 538
601 544
638 545
672 544
710 550
752 550
786 532
824 544
862 544
896 539
934 537
978 544
1014 532
13 549
52 555
90 538
122 561
161 544
194 543
233 538
266 549
300 555
339 549
373 549
412 538
448 555
481 538
516 555
555 561
587 549
626 543
660 549
697 561
733 549
769 549
803 549
842 553
874 550
911 549
948 553
982 543
0 547
36 548
65 553
101 556
135 553
173 557
208 553
239 542
275 564
307 553
346 553
379 548
409 564
448 564
480 558
513 553
550 542
582 553
621 553
654 558
687 547
724 564
755 542
792 553
823 547
858 553
891 547
926 547
967 564
19 557
54 557
87 557
120 557
153 547
188 551
218 560
249 557
284 557
317 546
347 557
381 557
415 547
448 547
479 557
516 547
547 551
578 547
615 551
648 557
681 562
710 562
745 560
779 557
806 547
843 546
877 562
911 557
939 557
9 561
41 561
73 556
104 561
138 561
166 561
200 555
231 556
262 561
291 561
325 566
356 551
389 551
417 566
450 561
482 563
513 555
546 566
579 561
608 551
640 551
671 561
701 563
733 561
766 561
797 561
828 556
862 571
892 561
920 551
25 566
55 564
87 564
116 564
147 564
178 564
209 564
240 554
266 564
332 559
361 554
391 566
418 564
482 558
511 567
541 564
572 564
600 555
632 558
661 564
691 555
721 566
751 564
786 564
813 564
841 555
872 555
902 559
50 567
78 567
111 558
136 567
165 572
196 558
226 567
251 567
281 562
312 557
339 572
370 567
397 572
426 572
456 567
485 558
516 558
547 567
573 567
603 558
663 567
690 572
721 558
748 567
778 567
808 567
839 567
864 567
69 561
95 570
121 570
149 570
209 561
265 570
292 570
322 561
378 572
403 561
433 570
489 572
517 570
545 570
575 570
601 570
628 570
656 571
741 570
797 572
857 572
882 570
83 567
138 572
190 572
247 564
302 568
328 572
356 568
383 567
410 572
435 572
491 567
519 572
573 568
601 572
626 572
652 563
681 572
709 572
736 572
762 572
788 572
817 572
118 566
198 567
274 566
432 567
484 566
513 567
562 570
668 567
693 570
849 570
134 573
161 569
186 573
235 573
261 569
312 569
335 569
488 569
564 573
590 573
662 569
764 569
789 569
816 573
170 572
268 572
417 572
464 571
585 572
804 572
