854 9
933 24
987 22
562 4
667 33
742 58
819 68
887 76
936 127
991 150
509 25
600 70
674 62
737 123
806 137
852 143
911 143
953 166
994 178
252 4
347 59
447 91
531 106
602 98
673 115
729 153
786 175
835 182
875 206
914 196
956 214
988 203
31 23
147 80
252 82
342 119
423 108
505 113
570 163
630 170
691 165
739 185
786 216
832 206
872 213
902 204
937 245
973 235
996 227
7 51
117 107
217 117
306 133
385 146
456 172
520 152
571 193
629 197
683 202
725 211
767 218
810 233
843 232
879 239
910 245
936 241
969 241
991 260
9 101
101 104
192 146
270 162
349 171
418 181
477 193
532 184
583 210
631 220
675 225
717 217
755 224
794 229
825 258
851 241
887 262
912 252
941 269
961 273
89 160
174 150
246 185
317 212
376 208
435 211
486 227
537 230
585 248
628 239
666 230
701 258
739 258
772 273
805 271
835 269
863 280
888 283
909 287
34 155
103 163
181 193
249 203
307 193
367 228
422 219
468 242
516 239
563 245
601 251
639 255
677 248
707 278
739 270
771 274
798 284
828 281
851 285
878 300
34 194
114 186
175 193
243 204
299 227
354 234
403 225
451 231
497 251
538 257
574 276
610 269
648 264
679 262
706 278
740 270
767 296
795 289
817 292
842 284
34 213
100 211
167 230
222 234
279 231
330 246
378 266
424 257
464 260
507 266
544 273
582 287
613 278
642 276
673 278
705 283
728 281
757 300
782 287
805 300
13 223
84 236
146 222
197 251
247 248
301 256
350 246
392 267
431 271
470 271
510 270
544 292
575 286
606 298
641 290
668 282
695 289
724 299
747 311
768 304
29 238
91 229
150 250
203 262
251 246
299 258
339 256
383 273
421 281
459 293
494 284
528 276
559 279
589 294
617 296
644 289
671 302
699 309
725 316
744 311
40 239
90 254
146 245
196 267
241 261
284 271
332 288
370 286
408 289
440 287
479 290
509 287
540 286
570 288
598 301
624 298
651 311
674 299
699 311
724 313
35 250
90 263
134 267
187 272
232 276
270 272
310 283
350 298
386 284
423 286
456 301
484 304
514 303
546 309
574 307
600 309
624 315
649 313
670 310
693 309
35 260
83 272
135 288
175 279
222 295
261 286
300 301
337 282
373 285
408 288
436 303
467 298
496 311
525 299
551 301
579 304
602 315
626 312
647 310
671 321
28 274
83 266
126 294
171 280
205 300
249 303
285 305
322 287
356 300
388 293
421 301
448 308
477 319
505 312
534 305
557 317
580 327
607 329
628 326
650 324
34 288
86 286
126 300
167 292
207 295
243 287
281 295
312 303
346 315
379 307
409 310
438 322
464 314
490 307
517 320
542 320
566 322
588 326
609 317
634 331
30 287
73 290
115 287
159 296
194 293
228 302
265 299
301 298
333 304
360 314
392 313
419 315
447 313
475 320
501 316
524 331
544 320
570 327
590 328
610 334
35 293
78 296
114 299
152 307
194 294
226 297
259 309
290 302
326 308
353 311
383 313
407 320
432 324
459 331
483 325
509 326
533 328
555 329
575 324
596 329
35 299
71 312
114 294
148 306
186 309
220 302
249 313
280 307
311 308
342 319
367 321
395 323
422 316
445 334
470 323
493 329
516 331
538 340
559 329
580 335
39 299
77 307
113 309
145 311
181 323
214 316
245 309
272 322
304 321
330 323
358 317
384 327
409 324
433 330
455 326
480 328
502 326
524 328
542 332
564 334
36 312
78 302
110 304
145 320
179 318
207 324
238 316
265 327
297 325
323 318
348 336
375 330
398 331
421 336
447 334
467 335
489 340
509 338
530 339
549 333
39 313
72 324
105 317
138 315
173 312
200 323
231 325
261 330
288 336
312 331
337 338
362 336
387 330
412 335
432 344
453 340
475 339
496 347
515 341
534 335
49 322
81 324
116 326
148 323
178 320
207 318
233 328
261 333
287 331
314 333
338 334
361 343
385 340
406 334
429 332
451 340
471 337
491 342
511 344
528 345
50 316
83 323
115 325
144 326
174 328
201 329
230 331
254 340
283 329
307 328
331 336
355 338
377 332
399 333
418 334
441 342
459 337
479 345
499 342
515 353
45 319
76 317
106 322
134 329
164 325
193 324
219 329
243 334
270 339
294 337
317 334
340 341
364 334
385 338
403 336
424 337
447 339
465 343
484 353
500 342
51 327
79 329
108 332
138 332
165 326
192 335
220 343
243 337
267 334
291 341
316 343
335 343
358 336
380 338
401 345
421 346
438 344
458 344
477 350
494 351
50 326
77 327
108 333
136 327
160 332
186 337
212 338
238 340
261 337
284 342
304 343
328 340
350 342
368 346
390 343
407 348
427 349
445 352
463 351
482 352
50 333
79 335
109 329
135 337
158 339
187 340
210 334
233 338
258 339
277 338
302 345
322 350
341 341
362 344
383 352
400 350
421 351
436 352
454 349
472 353
42 335
69 337
96 331
124 336
150 341
175 338
199 343
220 347
244 347
264 346
288 347
309 348
328 349
349 347
368 348
386 348
403 352
423 353
439 351
458 355
46 331
71 335
100 337
125 335
148 342
173 344
197 347
219 346
242 343
263 341
285 352
306 350
324 357
344 354
362 354
380 347
400 354
417 351
434 352
451 353
50 342
74 341
98 344
124 337
150 341
171 348
194 348
218 351
240 349
260 349
282 351
302 354
319 355
339 347
358 350
376 357
393 350
412 357
428 354
444 358
51 343
79 337
100 348
127 346
150 347
172 348
194 342
217 350
235 350
256 351
276 346
298 347
316 348
335 357
352 352
371 353
387 357
406 360
421 353
437 359
45 344
70 345
94 343
115 350
139 348
163 343
186 344
204 357
225 352
246 349
266 354
286 354
304 355
322 359
341 359
357 360
375 358
391 359
408 354
424 357
45 349
73 341
95 348
119 343
140 353
161 345
185 349
204 353
224 354
244 360
263 356
282 356
301 351
319 363
335 360
353 354
369 361
385 363
402 362
419 356
51 352
73 349
96 351
121 348
141 352
164 353
185 354
203 351
222 355
242 351
260 360
280 354
299 358
315 359
333 361
349 361
367 358
381 359
398 360
412 358
50 354
75 346
98 347
120 347
140 360
159 358
182 350
200 356
219 352
240 352
257 353
276 354
293 362
309 355
328 361
344 364
359 363
374 361
390 366
405 361
