141 39
281 98
402 79
527 73
640 102
728 120
2 135
131 111
260 145
371 160
464 133
560 158
647 182
729 193
54 219
168 196
256 216
356 222
432 237
517 234
599 225
661 220
723 227
82 230
165 260
253 240
330 268
414 277
486 265
552 257
609 262
677 295
732 297
784 309
8 297
87 306
177 275
249 300
328 303
388 285
462 307
520 309
573 311
629 295
677 306
737 334
772 301
35 346
110 337
187 319
251 339
314 350
376 321
432 334
488 325
542 345
589 337
635 338
686 339
728 340
769 325
67 351
126 361
193 361
251 353
314 345
364 358
421 355
472 359
514 356
562 341
605 342
652 343
690 363
730 366
765 359
8 380
74 354
129 371
194 355
241 375
295 388
352 365
397 373
446 388
486 380
528 373
572 373
611 387
648 374
690 387
723 387
756 374
790 374
27 405
83 388
138 388
198 373
245 395
290 388
338 395
382 387
429 387
474 401
512 374
551 400
587 400
626 379
656 374
692 387
727 387
757 387
785 387
27 411
84 403
136 402
181 402
234 401
279 401
320 407
363 414
406 413
443 403
482 387
522 399
557 391
593 411
620 392
656 386
690 398
716 386
745 386
775 397
0 402
47 415
96 421
147 414
193 413
233 406
273 425
317 412
354 404
394 411
434 413
465 416
502 410
533 409
568 414
601 419
633 402
661 418
689 412
718 407
744 400
773 400
24 433
66 439
114 417
155 416
202 416
238 417
281 422
315 410
354 421
388 426
424 408
457 419
491 413
520 429
552 420
583 428
608 419
638 406
666 406
696 420
721 419
744 409
768 414
29 436
69 423
113 427
149 439
194 421
228 432
264 431
301 434
339 419
371 431
404 433
436 417
468 421
501 416
529 431
556 435
585 424
612 414
641 428
665 428
690 422
713 413
739 422
761 421
788 425
3 433
83 444
159 442
196 443
233 429
269 428
305 427
339 427
370 426
400 430
432 435
459 440
490 428
520 433
544 433
571 432
598 422
623 431
650 433
673 425
696 429
719 424
746 428
763 419
785 422
88 440
121 444
192 442
230 442
328 444
356 444
390 433
418 442
472 441
502 440
528 434
554 441
579 438
605 440
628 437
652 445
673 430
697 443
718 429
744 434
761 437
783 433
331 442
390 440
547 445
596 443
618 445
643 442
663 433
684 437
707 442
728 443
748 434
768 438
480 444
600 440
621 440
726 444
745 436
