145 31
370 28
589 3
12 112
201 170
371 157
573 174
749 166
897 144
90 298
248 263
404 221
551 255
680 226
843 263
969 217
30 323
148 361
276 341
403 302
522 303
634 358
754 309
882 328
979 292
105 364
211 334
311 364
427 364
537 346
633 335
739 368
860 397
954 380
73 411
166 387
256 403
349 374
429 430
533 385
619 402
710 377
802 374
899 402
982 376
24 450
105 451
196 412
276 432
362 427
441 427
530 426
610 434
698 437
774 413
855 410
924 404
14 453
94 459
171 437
242 455
316 447
383 447
465 460
534 425
619 470
683 425
758 447
842 470
917 458
988 458
63 446
127 446
187 467
259 467
332 447
395 467
458 477
523 446
594 473
659 477
729 470
797 447
859 446
933 478
1002 466
39 468
103 461
163 486
219 499
284 500
342 481
409 481
472 481
535 481
590 462
655 480
713 468
781 461
844 480
899 471
959 462
9 481
64 475
129 475
183 498
237 492
298 492
348 491
406 492
468 501
522 481
579 492
640 475
697 510
758 493
813 498
870 492
923 481
986 500
42 487
91 511
150 511
206 503
255 503
309 503
362 504
418 488
469 495
520 520
574 487
633 520
683 503
735 504
785 494
843 509
898 503
951 503
1000 504
19 516
72 512
119 515
170 497
221 521
264 529
316 513
370 504
421 512
469 521
517 497
564 517
617 528
670 520
722 520
768 512
811 498
860 497
916 521
969 521
1019 520
12 522
56 521
105 522
144 537
195 507
241 536
287 524
334 522
380 529
430 522
476 513
517 521
564 507
611 521
657 522
706 536
748 507
797 529
841 513
889 524
933 522
982 525
2 521
51 522
92 533
136 530
175 536
218 529
264 529
308 529
350 521
398 521
437 534
479 529
525 532
571 529
614 515
653 529
701 529
741 529
787 532
832 521
873 521
914 534
962 536
1004 529
30 535
72 538
115 523
154 536
195 538
234 522
277 549
322 528
361 529
399 549
442 528
482 535
524 528
567 535
603 535
648 542
685 523
731 548
772 535
811 536
848 536
891 523
932 522
972 536
1017 549
8 553
51 541
89 528
131 528
170 529
206 540
245 544
285 541
325 541
364 544
399 541
441 529
482 541
520 547
559 528
599 541
638 546
673 543
718 547
751 541
796 547
832 547
871 535
911 543
951 540
988 544
34 545
73 533
107 545
145 549
183 538
222 538
261 545
297 546
332 545
371 545
408 545
446 545
485 545
521 540
560 533
597 551
635 551
673 557
709 551
747 545
784 557
817 534
855 533
892 545
930 538
971 538
1003 538
22 549
58 550
93 555
130 550
164 544
201 550
240 550
272 550
307 543
343 561
377 549
416 550
453 553
489 553
520 555
557 561
591 550
631 561
667 543
698 538
736 544
775 550
813 561
842 550
877 543
915 550
954 553
984 539
8 554
37 554
73 565
109 543
140 565
176 560
207 554
246 554
277 554
312 544
347 554
380 554
414 560
447 556
482 554
515 554
548 554
585 554
618 543
653 560
687 544
719 554
752 543
789 543
820 549
857 548
892 549
923 549
958 559
22 558
59 548
86 558
123 552
150 563
190 548
221 552
250 558
282 563
317 548
350 563
381 548
415 564
447 548
479 569
513 548
545 563
576 568
609 558
643 548
672 552
708 558
741 558
770 558
804 548
835 548
874 568
904 558
932 558
10 571
43 565
73 562
102 572
140 556
166 561
201 562
231 562
263 565
292 572
323 562
355 562
385 552
416 552
447 563
480 562
509 565
544 572
575 565
604 567
636 552
665 562
697 562
728 552
763 567
789 556
825 566
856 566
884 562
918 564
73 555
100 565
133 559
163 565
193 565
220 565
250 565
283 565
312 555
342 565
372 565
400 565
432 565
463 569
490 565
524 565
552 565
583 560
610 565
643 560
670 559
703 565
759 559
793 565
821 565
884 569
915 565
51 568
80 568
110 559
141 563
164 573
197 573
223 562
255 568
282 571
311 562
370 570
395 573
427 562
454 559
484 573
512 571
570 573
597 559
657 571
684 572
713 568
744 559
801 572
830 568
888 568
72 571
127 562
157 571
185 562
211 570
236 571
267 571
321 571
378 571
406 565
431 562
460 570
516 562
572 562
601 571
628 571
656 571
684 570
709 571
792 571
821 565
849 571
879 570
89 565
114 568
194 573
221 568
357 565
384 568
435 573
464 573
515 565
571 573
596 568
648 565
677 565
704 565
733 573
757 573
785 565
839 573
862 565
110 568
364 568
417 568
495 568
545 572
570 568
596 568
776 571
827 568
855 572
240 570
440 570
539 570
566 570
641 573
690 573
787 570
840 573
442 572
561 572
706 572
730 572
