396 37
138 121
281 125
437 161
568 136
700 111
76 187
175 218
287 202
408 215
529 198
632 189
756 200
44 235
142 251
234 267
331 235
413 250
515 255
601 255
693 254
792 250
29 313
114 277
184 275
266 287
351 273
428 310
510 274
590 287
663 268
752 288
48 321
115 325
184 293
258 293
326 292
399 313
465 325
543 312
607 312
679 312
754 314
15 334
85 354
146 324
210 317
276 323
338 344
396 335
459 338
528 334
588 325
651 334
715 354
769 316
13 361
72 361
125 369
188 352
247 358
302 369
359 351
413 352
470 352
519 336
575 335
633 353
695 351
751 370
45 382
94 366
149 375
197 382
246 366
301 374
353 351
403 359
453 352
499 366
551 352
602 374
651 367
704 357
763 382
40 381
88 363
134 362
179 391
222 391
271 370
322 383
369 391
417 368
458 383
510 391
555 390
598 362
651 377
696 391
735 363
788 377
21 386
70 373
111 393
152 372
195 390
242 386
284 387
326 400
371 386
414 386
461 399
502 390
540 373
587 393
630 386
669 378
720 386
762 386
6 393
49 393
87 406
133 381
170 381
210 400
251 393
293 380
333 399
369 380
411 406
453 393
492 393
536 393
578 399
615 386
653 396
695 380
734 394
771 381
27 389
58 394
101 404
135 404
177 401
215 393
247 407
289 394
328 406
364 406
403 403
437 394
478 401
513 406
552 389
588 403
627 401
665 393
705 407
742 401
781 404
7 406
49 407
84 407
115 400
152 412
187 407
221 418
259 407
296 412
331 407
367 395
402 400
436 412
473 410
506 407
544 406
575 396
617 412
652 418
686 396
723 406
760 412
790 395
26 422
63 405
97 417
132 405
165 407
199 415
230 417
266 412
299 402
331 402
364 412
401 412
433 405
466 412
502 417
535 412
569 412
604 422
631 401
667 412
702 422
738 414
769 407
17 427
50 422
87 407
115 417
150 407
180 411
209 417
241 422
273 422
304 407
337 419
365 419
398 407
429 419
462 417
491 407
526 417
555 412
589 417
621 420
651 417
681 407
714 417
745 417
777 420
12 415
43 415
74 423
101 421
136 415
163 411
192 415
224 412
252 424
281 430
312 423
344 421
375 430
403 421
432 430
465 426
493 421
523 415
551 415
584 426
616 424
644 426
674 412
700 411
734 426
767 424
30 416
57 430
86 425
113 425
142 425
171 430
201 425
229 425
256 430
286 416
314 425
344 425
370 428
400 421
429 430
457 434
487 425
513 430
541 434
569 416
596 416
630 427
658 425
684 416
713 429
742 416
771 429
0 431
24 424
53 420
77 431
105 428
133 433
164 428
189 424
216 428
243 424
272 428
299 420
324 423
352 420
381 428
409 428
436 428
463 423
490 428
515 424
541 420
572 428
597 423
625 432
653 420
681 424
708 431
735 432
761 433
8 439
39 426
64 431
92 434
114 440
143 426
171 423
194 436
222 431
249 435
275 431
301 433
324 431
350 431
379 423
404 431
431 431
458 431
482 436
508 436
534 423
563 435
586 431
616 431
640 423
666 423
691 433
714 423
749 440
21 442
51 426
73 434
101 426
124 426
150 434
175 426
197 434
225 434
249 426
273 429
298 434
326 429
349 426
374 426
401 429
424 430
449 438
476 436
501 430
526 426
549 426
574 442
601 436
628 442
650 426
675 426
703 436
725 438
17 436
40 437
68 429
88 438
113 429
137 439
159 444
188 429
209 437
235 440
256 436
282 432
307 440
332 437
356 437
379 429
403 440
426 437
451 437
476 432
501 437
526 440
546 429
572 429
598 438
622 437
645 436
671 444
692 436
720 444
33 443
58 435
82 435
105 443
128 439
151 439
172 443
195 443
221 439
243 432
290 441
313 439
334 439
356 441
382 439
428 439
452 439
472 432
521 435
544 439
566 435
588 439
611 432
634 439
659 435
42 438
65 438
88 443
107 442
131 443
176 442
198 442
220 442
241 445
265 444
308 443
332 435
355 437
377 435
397 442
420 437
444 443
465 435
486 442
510 435
533 442
556 445
576 441
599 437
619 437
641 437
665 437
686 435
56 444
77 444
98 440
141 444
163 444
184 444
205 444
227 444
270 444
313 437
334 440
354 444
375 444
418 437
439 437
482 444
527 445
548 437
570 444
589 437
611 445
655 444
114 439
157 439
177 439
216 445
237 442
382 439
445 441
466 445
487 445
505 442
569 442
590 439
631 442
649 439
98 444
176 441
336 441
396 441
438 441
476 444
517 441
636 444
130 443
167 445
188 443
206 443
265 443
284 443
322 443
342 443
361 443
439 443
552 443
650 443
176 445
286 445
380 445
