8 68
112 37
228 21
357 33
512 23
661 5
82 180
175 174
282 107
391 132
507 90
623 77
754 109
78 187
155 207
239 204
327 172
415 168
503 174
609 159
723 181
25 263
79 275
148 229
216 257
286 224
367 245
446 232
530 216
608 245
706 236
21 287
66 295
132 265
184 284
247 262
307 301
381 259
449 284
517 276
594 279
671 280
753 261
12 314
62 294
112 309
165 292
213 308
268 297
328 307
391 288
448 305
509 304
577 304
645 303
719 322
788 305
14 320
58 329
105 313
145 329
199 312
245 312
301 328
351 317
404 327
461 327
519 331
583 326
640 325
700 307
777 344
14 359
51 331
90 345
134 349
177 359
225 352
270 345
315 345
368 329
416 352
469 344
518 328
575 361
628 348
692 336
752 344
8 351
43 361
80 352
119 361
159 359
197 359
240 373
279 362
325 345
371 345
415 359
459 359
508 351
559 364
609 360
660 351
717 351
774 345
12 369
45 358
85 358
116 370
152 376
188 374
226 358
265 375
306 358
345 371
388 365
430 379
472 372
516 359
567 380
610 373
664 381
706 374
765 381
7 390
44 379
69 379
104 368
139 380
170 380
209 380
242 375
279 381
316 381
354 382
393 382
428 370
470 370
510 383
557 371
601 384
642 384
688 399
729 372
780 393
7 382
34 387
64 381
95 393
128 391
157 378
188 389
221 389
252 401
287 390
324 391
358 384
398 403
432 380
469 393
509 393
552 393
593 397
632 401
676 395
720 383
762 384
13 394
41 399
70 395
98 389
126 390
156 386
189 396
214 397
246 408
278 403
313 402
344 401
379 405
414 389
447 389
482 401
520 401
556 395
595 408
633 392
675 404
712 404
758 405
10 391
34 395
65 392
88 401
115 402
143 402
168 393
200 403
227 403
256 394
285 405
315 399
349 406
379 411
413 396
443 397
476 413
514 419
547 409
580 403
619 404
651 400
690 411
731 418
772 418
13 406
41 397
66 407
92 407
115 407
138 412
167 413
193 409
220 414
249 400
275 410
304 420
334 412
362 417
393 403
424 408
453 404
488 424
519 414
553 416
586 416
620 416
654 427
687 407
728 419
763 419
12 415
38 407
61 412
84 420
108 404
132 408
154 418
179 414
208 409
232 415
260 425
286 407
312 412
339 422
370 418
397 418
425 409
456 419
488 430
518 425
547 412
581 424
612 423
645 423
676 429
711 425
746 427
9 415
31 419
51 416
75 412
98 417
118 417
143 418
167 418
190 411
213 427
237 424
264 412
288 423
314 424
341 422
369 414
393 414
423 424
448 424
478 425
506 426
536 431
565 422
597 432
628 433
660 434
693 430
725 440
8 419
28 420
50 420
70 423
92 421
114 425
137 422
159 425
184 415
203 426
228 416
252 425
274 429
300 430
327 426
349 419
377 428
402 428
429 420
453 429
482 421
510 422
536 426
565 432
595 428
625 433
656 434
684 435
715 435
11 424
30 425
50 424
71 417
91 432
111 426
132 428
152 426
175 427
200 429
220 428
243 436
266 421
288 430
311 425
334 434
358 423
385 434
408 425
435 425
459 438
485 434
513 427
537 431
566 431
595 437
621 429
648 438
679 439
705 431
30 433
50 429
70 428
87 435
109 425
128 426
151 425
169 427
189 431
211 431
232 425
255 432
275 433
298 437
320 434
345 434
368 435
390 437
413 436
438 441
464 438
488 442
513 443
537 439
592 445
618 442
643 444
673 434
699 444
44 426
61 427
81 427
100 428
119 433
138 435
157 441
178 437
197 438
217 428
240 439
260 429
279 433
304 441
325 438
346 438
369 443
390 440
414 442
437 441
461 437
510 435
533 445
557 437
584 437
635 438
62 434
81 437
100 441
117 435
137 429
155 436
174 437
195 437
211 438
232 445
253 432
272 443
293 442
315 441
334 441
401 443
420 436
443 444
467 445
489 445
608 441
634 445
76 437
94 437
112 438
130 438
146 439
166 436
203 434
221 441
241 444
258 442
281 444
340 444
379 445
423 442
443 440
466 443
509 445
533 442
89 440
106 442
124 435
142 441
159 445
177 442
196 437
213 437
231 444
288 442
308 440
327 443
364 444
488 445
106 440
153 444
207 440
224 440
260 441
352 444
113 445
147 440
319 445
129 444
145 442
194 444
171 445
