36 101
151 72
257 71
394 48
525 1
19 140
108 160
201 138
285 150
388 144
505 147
616 143
744 153
11 207
90 223
157 213
238 184
324 207
404 202
499 213
593 192
703 219
35 238
90 257
156 232
217 252
297 251
365 253
447 245
523 255
603 240
690 226
782 209
16 288
66 292
120 274
178 284
235 283
298 282
365 284
432 290
506 264
576 298
654 275
728 250
27 294
64 313
118 300
172 291
225 290
277 307
337 325
397 305
459 304
523 285
592 309
661 306
737 311
4 329
47 329
92 313
138 328
192 320
233 328
290 311
338 327
395 316
451 309
506 344
568 335
631 307
697 306
764 330
40 345
84 345
125 345
167 345
212 330
258 349
302 345
355 335
403 329
452 360
509 348
561 344
616 328
679 336
742 344
15 345
44 365
85 345
122 358
165 359
200 372
242 362
287 363
332 345
378 373
418 367
468 364
513 351
568 360
618 360
670 368
720 365
783 368
10 369
46 358
78 370
114 372
147 370
185 377
222 371
265 365
302 358
346 385
383 372
426 372
475 386
514 373
561 359
609 359
663 374
709 389
758 374
4 390
35 379
69 385
101 369
134 392
168 381
204 383
244 381
275 384
314 382
353 382
392 383
431 389
474 383
518 397
557 391
605 385
645 385
699 386
746 393
4 387
31 391
63 388
92 394
122 389
155 378
187 395
220 392
258 379
289 379
325 394
362 380
397 392
436 393
470 399
509 406
554 394
590 394
634 382
674 396
723 396
765 397
3 394
33 395
59 395
88 401
117 391
148 397
177 397
208 408
239 387
270 392
306 401
336 399
370 394
405 395
438 390
480 402
514 402
552 397
592 409
632 397
668 397
708 393
748 393
0 392
23 396
49 404
76 393
103 403
132 397
157 404
189 398
217 405
246 405
278 401
306 409
340 396
373 401
402 408
440 402
473 409
506 399
543 404
579 413
616 422
649 412
688 418
727 413
767 414
27 398
51 407
74 408
101 408
125 408
155 404
181 410
203 410
232 411
261 421
291 415
319 412
348 418
380 409
409 409
440 409
474 409
507 421
538 411
575 417
608 417
643 408
680 424
718 420
751 414
5 420
29 416
53 412
79 413
102 405
127 414
152 406
178 406
203 407
229 411
254 408
283 413
310 418
340 409
366 419
395 414
425 420
454 416
484 421
516 431
547 424
581 423
613 424
645 418
679 425
713 426
749 420
4 420
24 417
49 418
70 418
95 418
117 410
140 427
167 411
188 412
214 420
240 413
264 417
291 417
317 432
344 432
369 429
396 433
425 420
453 426
482 426
511 430
545 429
571 438
602 434
634 435
669 425
700 421
733 422
5 424
26 413
45 425
66 422
88 422
112 426
134 431
157 423
180 419
201 425
225 420
249 426
276 418
301 422
325 427
351 432
376 428
403 431
428 431
456 422
484 435
511 423
542 427
567 437
598 434
630 439
659 435
689 436
720 436
3 419
21 432
41 425
65 418
84 428
106 419
126 430
146 431
170 423
194 428
217 429
238 422
261 425
285 423
308 423
330 427
357 428
381 425
404 434
432 434
456 439
484 431
511 438
539 432
564 441
593 438
624 439
649 431
678 436
706 441
21 434
41 431
60 425
80 430
103 429
121 430
144 426
163 424
183 431
207 432
227 432
248 433
271 426
294 438
318 435
339 437
363 440
388 437
410 437
434 442
485 441
511 442
538 441
590 442
615 442
645 443
669 436
699 436
37 432
57 428
77 425
94 434
115 433
135 427
154 427
171 442
193 435
214 429
237 436
258 444
279 430
301 431
321 439
344 439
364 440
389 433
437 442
457 442
481 442
533 436
555 437
583 441
609 442
58 435
75 438
96 439
113 440
132 440
150 440
170 445
191 432
211 439
232 439
250 436
270 444
291 441
311 442
376 436
445 441
586 445
74 438
94 432
108 440
127 441
144 434
164 440
182 441
201 441
219 442
242 439
280 444
300 444
361 439
405 440
446 441
107 437
123 445
176 445
196 444
213 444
231 441
326 441
348 445
119 444
137 445
241 442
259 442
335 444
115 443
131 443
157 444
206 445
