696 9
766 58
833 66
896 86
954 109
1002 125
535 4
612 72
692 69
765 110
827 122
879 144
934 163
966 144
1012 196
129 6
262 32
377 39
469 79
543 75
620 129
697 133
753 148
798 140
844 195
895 185
934 204
968 203
1003 194
120 35
218 89
316 95
412 127
482 107
558 150
622 136
678 173
733 162
781 196
826 205
855 211
904 218
935 241
965 248
995 229
6 50
101 120
211 116
294 128
377 145
446 160
520 162
571 193
622 193
676 193
727 200
767 219
801 209
841 216
872 239
904 248
937 241
963 256
994 260
91 126
185 131
270 133
344 169
417 160
476 191
531 191
577 191
633 219
678 215
717 221
755 223
786 228
828 234
855 254
888 259
916 256
940 268
971 278
2 149
98 141
176 164
252 157
318 206
381 206
449 195
496 215
551 238
596 228
638 244
677 256
717 261
750 253
785 272
815 267
845 274
872 271
895 263
928 285
25 147
109 190
184 191
250 181
312 196
371 198
429 208
477 238
520 245
564 243
605 240
652 261
680 251
715 264
753 268
779 275
808 289
831 268
862 283
887 281
30 173
102 210
176 214
238 208
299 215
347 247
397 238
450 251
494 235
534 261
573 251
611 268
646 272
677 273
710 289
738 286
770 284
796 299
820 279
841 294
14 206
87 215
147 206
207 238
269 220
317 226
369 248
414 254
459 272
498 267
536 254
571 271
607 263
641 267
673 276
700 275
728 289
756 293
779 296
806 298
22 224
91 230
154 229
208 252
255 263
306 258
357 259
398 264
439 256
479 285
515 282
552 268
586 283
611 280
646 290
672 299
699 285
729 299
752 296
772 309
29 236
98 227
152 253
200 239
252 259
299 262
339 267
386 272
422 276
462 279
497 285
529 280
560 292
593 293
621 301
648 304
676 311
703 314
727 297
750 311
39 233
95 238
151 258
198 263
245 267
292 272
332 282
373 279
408 271
448 280
481 289
512 298
543 295
572 292
600 301
627 293
654 311
679 304
704 316
725 304
41 257
91 248
143 267
191 270
238 275
281 271
318 294
355 286
391 289
429 292
459 288
493 287
522 294
552 305
582 311
605 298
631 319
658 303
681 314
701 311
34 253
87 270
136 275
183 273
225 276
263 274
303 300
337 292
373 300
406 287
437 300
470 308
503 310
529 298
555 301
583 312
605 323
629 317
656 318
676 329
47 281
93 267
141 288
184 286
220 292
262 285
298 295
333 300
365 301
401 308
430 306
461 308
486 313
513 314
540 315
568 318
589 323
614 312
636 322
660 319
42 281
82 291
130 288
170 281
210 298
248 298
279 300
316 303
349 305
379 308
409 310
440 321
467 314
495 318
520 309
543 320
569 326
591 315
614 329
634 319
34 288
76 294
121 296
157 299
200 300
232 312
267 305
300 307
335 314
364 303
393 305
420 311
448 327
474 312
499 322
524 327
548 329
571 319
592 330
613 326
36 294
78 296
118 289
155 302
192 308
227 307
261 310
293 311
323 308
352 318
385 322
410 324
436 330
464 319
487 317
510 327
531 328
555 322
575 323
596 325
39 299
82 302
117 307
155 297
189 303
221 320
256 313
287 320
319 322
345 319
375 316
401 318
426 320
451 319
475 328
497 337
521 324
543 340
562 341
581 335
47 307
89 312
122 314
161 311
194 314
225 318
255 313
288 311
315 321
341 314
368 317
394 318
420 320
445 322
467 333
488 332
511 334
533 335
553 336
572 338
46 303
84 311
117 304
151 315
182 308
212 314
246 321
274 323
301 319
329 326
353 323
379 321
404 331
427 340
452 333
474 335
495 340
514 330
535 339
554 340
39 303
72 314
109 317
141 310
174 312
204 323
231 324
261 330
288 328
314 337
338 323
362 339
389 326
412 330
434 340
457 341
476 332
497 343
516 334
535 338
42 317
75 327
110 312
137 322
170 316
199 328
229 335
257 324
283 330
308 332
333 333
358 335
380 336
402 344
423 340
445 339
466 337
486 342
505 336
523 338
44 329
78 331
111 316
137 326
168 319
198 329
226 326
249 332
278 337
302 335
327 336
347 341
371 339
393 343
416 338
435 342
456 346
475 344
495 349
513 353
48 333
77 326
111 323
137 329
166 339
193 336
219 326
246 335
272 339
296 338
318 339
342 340
362 341
385 342
406 337
424 351
446 349
464 347
484 351
501 345
50 328
77 329
108 327
136 333
163 334
191 335
216 336
240 331
265 340
291 336
312 338
332 338
355 345
377 338
397 352
417 340
436 351
453 342
472 356
488 356
45 331
75 328
103 330
130 335
157 340
183 331
208 336
233 340
255 345
279 349
300 347
320 347
342 345
366 347
384 344
404 355
422 351
442 350
458 345
475 346
51 338
81 335
106 340
133 331
159 339
184 347
207 341
233 336
254 344
277 347
299 342
320 347
340 351
361 349
380 346
398 347
417 346
436 358
454 353
470 348
48 340
77 331
106 336
129 342
156 345
181 346
204 340
226 341
249 345
271 347
293 351
314 349
332 343
351 350
371 353
391 352
408 349
426 354
444 356
460 350
53 332
77 347
105 334
131 342
154 343
179 348
201 345
224 348
243 354
266 348
288 351
308 353
327 351
347 352
365 353
384 348
401 354
418 355
435 356
453 357
46 344
72 342
97 343
120 338
145 346
166 349
192 347
212 354
235 355
255 350
275 351
295 352
314 355
334 359
352 355
369 358
389 356
405 358
421 354
439 353
53 343
76 344
100 349
127 340
149 347
172 342
195 355
217 347
237 351
256 346
277 353
295 359
314 354
334 350
352 350
369 357
385 357
404 353
418 354
435 354
46 348
74 342
95 344
121 348
142 349
165 344
187 345
208 352
226 355
249 355
267 354
285 355
304 350
322 351
341 352
358 361
376 353
392 356
407 365
424 356
52 349
76 348
99 345
122 353
144 351
167 352
187 354
207 353
227 351
246 355
267 350
284 351
302 360
322 355
339 353
355 360
371 360
386 362
403 356
420 359
51 351
73 353
96 352
119 349
139 353
162 355
181 357
202 351
222 350
241 357
259 352
278 353
295 360
313 359
329 355
346 361
364 362
378 357
395 365
411 358
50 347
74 352
95 352
117 353
139 348
157 355
179 350
199 353
217 360
237 353
255 353
272 359
290 355
306 355
323 364
341 363
357 362
373 358
388 366
404 359
