122 58
257 50
378 60
512 39
655 74
765 24
909 79
104 126
215 129
329 128
424 130
534 128
653 130
756 128
875 153
985 156
71 191
159 189
252 188
343 169
439 191
521 163
609 202
705 215
787 165
903 211
968 166
45 219
120 257
202 233
280 246
355 243
438 225
521 223
602 234
677 238
754 232
841 243
910 232
996 246
34 248
103 267
175 249
248 257
307 257
384 267
447 277
517 246
587 268
655 278
730 268
797 268
867 277
934 268
1010 266
26 302
97 282
155 291
222 283
286 277
347 277
409 274
471 303
528 283
597 303
656 293
714 274
781 301
844 293
903 299
972 292
18 323
65 330
131 297
180 321
242 321
298 321
359 315
414 315
465 331
523 313
577 299
640 315
693 314
752 297
803 313
860 297
925 331
969 315
19 316
70 323
119 322
167 338
218 331
274 317
324 337
374 331
429 332
479 316
531 316
579 332
639 346
688 332
736 339
791 316
842 332
891 332
947 331
999 339
3 339
53 355
103 334
145 333
193 347
234 346
286 333
334 361
378 355
428 334
477 354
524 362
567 351
616 349
664 347
709 334
761 352
806 354
858 347
904 347
948 346
991 333
33 372
81 359
128 365
166 358
211 365
260 345
304 352
348 346
389 365
433 359
477 359
525 359
563 346
611 346
654 359
699 347
740 346
785 352
829 352
872 352
919 346
962 361
1005 346
30 364
77 358
113 371
153 374
195 363
237 371
276 363
316 359
355 376
401 376
441 370
478 376
520 363
560 370
603 370
647 376
687 376
727 370
765 377
810 370
847 370
888 377
926 358
972 382
1005 359
12 382
54 386
92 368
130 380
169 382
205 380
243 383
281 372
319 385
356 380
397 386
432 380
474 382
513 379
547 385
589 368
623 368
662 379
702 380
738 374
780 379
813 373
854 369
896 380
935 386
970 368
1003 368
16 387
52 387
92 390
127 389
160 387
200 388
231 398
269 387
308 387
343 387
380 391
416 388
453 388
484 393
524 392
559 387
595 387
633 387
669 398
706 376
741 387
776 393
813 381
850 387
883 376
918 377
961 398
993 387
0 395
30 399
65 397
103 400
134 395
170 400
204 384
235 399
269 394
310 385
343 385
372 394
410 394
441 390
477 400
511 397
544 394
577 400
614 400
648 400
682 394
716 394
753 400
783 405
816 395
855 400
884 395
921 394
954 397
3 401
36 401
69 407
95 411
136 392
165 392
198 392
227 411
258 405
295 392
325 401
359 402
388 406
424 412
454 411
485 412
520 392
552 404
584 392
618 401
646 396
678 402
710 402
745 406
777 402
810 396
839 403
869 392
904 404
938 402
26 408
54 408
88 408
117 403
146 398
177 399
207 412
238 408
271 398
299 408
329 408
362 411
393 402
423 412
452 398
481 408
511 407
542 417
575 408
605 399
633 402
663 398
696 399
726 412
755 399
786 408
818 408
846 398
881 408
909 408
56 415
82 417
115 413
144 408
171 417
200 408
230 408
258 413
288 413
319 413
348 409
378 405
405 413
431 422
464 413
490 418
521 415
548 413
579 413
609 415
634 404
665 408
694 422
726 422
755 418
779 408
808 404
840 404
868 405
896 404
70 418
99 422
124 418
152 418
179 422
208 419
235 417
264 417
293 418
318 418
346 417
375 422
402 413
431 412
460 409
487 409
514 418
540 426
571 422
598 422
624 426
651 413
683 426
708 412
735 412
766 417
790 409
821 417
846 413
877 426
89 422
118 422
145 421
173 417
199 414
225 426
249 426
281 413
307 414
332 421
360 421
386 422
413 423
440 413
466 430
491 417
518 422
546 422
573 421
597 430
625 424
651 417
678 417
702 414
734 421
758 426
784 423
811 417
836 418
864 413
102 425
125 429
152 427
175 425
202 429
227 425
254 426
280 421
305 425
333 418
359 417
382 433
408 425
433 427
460 433
487 428
512 425
536 422
562 429
588 425
611 425
640 427
667 425
691 429
714 418
742 429
766 425
794 421
816 421
843 417
122 429
147 431
169 433
193 429
220 421
244 425
270 425
292 429
319 433
341 429
366 429
391 429
416 422
442 433
465 437
489 431
515 433
540 429
564 429
589 429
612 422
639 437
664 425
685 424
712 436
736 429
761 437
782 422
810 429
834 429
139 436
166 425
187 436
210 434
234 432
258 425
281 432
304 436
327 436
352 439
375 433
400 433
422 439
446 432
469 440
493 436
519 432
540 429
567 432
590 433
611 432
635 436
661 436
683 425
707 432
731 432
752 429
776 428
803 432
827 425
152 429
173 436
194 436
219 439
243 429
264 443
288 432
309 432
334 429
355 436
377 439
401 436
423 436
448 429
470 439
491 429
514 439
538 443
559 436
583 432
605 436
628 443
651 436
674 436
696 436
721 438
741 436
764 436
787 438
810 432
159 438
183 434
206 435
225 438
248 440
270 438
294 441
317 439
336 432
360 445
380 439
405 439
426 435
446 445
471 445
491 442
512 438
536 432
556 438
581 439
602 442
623 435
647 445
667 432
690 438
710 434
733 439
754 434
776 434
802 445
174 441
193 441
216 441
237 441
258 441
279 435
302 437
322 443
341 441
364 441
385 435
405 441
426 441
449 435
470 435
490 441
514 435
534 437
554 435
578 437
599 441
620 444
639 445
662 443
683 441
702 435
725 435
746 444
769 441
787 441
184 444
205 444
225 441
245 444
267 444
286 444
308 440
328 441
348 444
368 444
389 447
409 438
431 437
449 447
471 444
492 445
512 440
533 447
554 444
574 438
595 437
615 444
634 445
655 444
677 444
697 444
717 441
738 450
758 444
777 438
192 447
211 446
232 446
251 446
272 446
292 446
313 446
332 440
350 446
371 452
393 443
412 440
432 448
449 446
472 452
491 442
511 448
530 446
550 446
569 440
590 443
609 446
628 440
648 448
668 446
691 446
709 446
727 440
748 440
767 443
206 448
225 448
246 443
263 448
282 451
302 442
323 448
339 448
359 445
379 442
397 451
418 448
435 451
454 451
474 448
493 442
514 443
534 448
551 448
571 443
591 454
611 448
628 451
649 442
667 448
687 448
706 449
727 448
743 448
766 454
216 445
234 450
251 451
270 450
290 453
310 445
327 453
347 451
365 450
385 445
401 453
422 452
438 445
459 450
477 456
496 452
514 450
533 451
553 450
570 450
588 451
606 452
626 453
646 453
663 450
682 453
701 452
722 456
740 452
757 450
224 449
243 455
261 452
278 454
296 452
315 455
334 447
351 455
371 449
388 452
407 449
425 449
443 452
460 452
480 454
497 449
516 452
533 453
552 450
571 452
588 452
605 447
624 452
643 452
661 452
678 452
696 452
715 452
734 455
751 454
230 454
246 449
264 454
282 454
300 449
316 457
335 454
351 449
370 457
387 454
404 456
423 456
440 454
457 449
476 454
492 449
512 449
529 454
545 451
564 457
580 454
599 454
616 449
633 451
652 457
669 460
686 454
704 454
722 454
738 451
240 462
256 454
274 451
290 453
308 456
324 454
341 451
359 459
376 451
392 451
410 456
427 456
443 456
460 456
476 456
495 451
512 456
528 456
546 454
564 454
580 457
597 458
613 451
632 457
649 459
666 456
682 451
699 451
717 453
733 456
247 455
262 458
279 453
295 460
311 459
329 458
345 453
361 461
379 461
395 461
412 455
430 455
447 453
463 455
478 453
495 458
512 455
529 459
546 458
561 453
578 459
596 458
611 458
629 460
644 463
662 460
679 455
695 458
710 453
728 458
255 460
272 460
287 460
305 460
321 457
335 465
352 461
370 460
385 455
401 457
416 454
432 454
449 460
466 460
481 465
497 460
515 461
529 465
547 455
562 460
580 457
595 460
612 459
628 460
644 457
660 460
676 455
691 461
708 462
725 454
261 463
277 466
293 462
309 461
325 463
339 461
356 461
371 461
388 461
404 462
419 461
435 456
450 463
467 463
481 461
497 463
513 462
529 458
545 458
560 456
576 461
592 461
607 461
623 461
639 461
655 461
672 456
688 463
704 461
719 456
270 464
286 458
300 467
316 462
332 462
346 464
362 460
377 463
391 463
408 463
423 464
439 465
452 463
468 458
484 463
500 458
514 465
530 465
546 465
560 465
577 463
591 463
607 463
622 458
638 463
653 458
668 465
682 463
698 460
715 465
272 459
286 464
300 468
316 464
330 461
345 464
360 464
375 466
390 464
406 465
421 461
436 461
451 464
465 464
482 464
497 459
510 461
525 469
540 459
555 464
571 465
585 464
600 466
616 464
630 465
645 464
660 464
676 461
690 461
705 464
275 460
290 463
305 465
318 465
334 470
348 467
363 466
379 466
392 460
408 460
422 470
435 470
450 465
466 470
480 462
495 466
511 467
525 462
539 465
554 465
569 465
584 463
598 466
613 470
626 465
642 460
657 470
671 465
687 465
700 462
