174 1
291 0
516 8
48 86
148 60
241 64
318 77
408 97
504 65
598 80
682 104
774 78
45 116
112 146
198 114
272 126
354 140
433 133
506 131
581 127
654 107
728 130
6 162
82 173
153 147
214 165
272 163
340 165
413 161
471 169
546 162
603 164
676 167
736 153
7 180
74 193
125 198
188 192
248 193
302 192
363 191
417 176
482 199
533 181
599 209
649 175
714 201
772 174
46 202
97 217
148 220
198 201
250 217
306 224
351 217
403 209
453 217
507 215
559 207
616 216
661 203
710 217
765 224
27 234
78 234
125 223
176 222
220 234
264 234
312 226
357 221
403 236
452 234
494 235
543 242
584 221
638 235
676 236
729 241
769 239
33 258
77 240
123 240
161 244
198 264
243 244
288 251
327 251
365 257
412 258
453 258
497 251
535 257
577 246
623 257
661 254
698 240
744 245
787 251
26 267
62 274
102 269
143 264
178 269
216 253
253 263
291 275
330 263
370 257
410 269
447 252
489 263
526 256
561 267
602 264
636 257
676 264
716 264
757 263
16 279
48 276
88 267
122 273
161 263
194 263
228 262
269 264
302 273
334 273
374 273
406 263
444 273
480 283
512 267
548 273
585 262
618 274
659 276
693 274
730 274
766 274
1 292
40 277
69 282
99 292
136 282
170 285
201 292
239 283
266 292
303 282
335 273
370 282
404 282
437 272
471 277
501 287
535 273
568 282
602 282
637 284
668 283
698 273
731 276
771 282
25 300
62 292
96 282
120 299
152 290
185 292
214 290
244 292
278 281
310 290
342 282
371 285
402 299
432 281
462 295
493 295
524 286
555 295
589 290
618 281
652 290
680 290
711 281
746 295
775 295
30 289
57 289
84 302
115 297
143 298
170 306
202 289
229 298
259 302
285 302
319 307
348 289
375 298
402 306
433 289
462 299
492 292
521 306
549 306
578 298
609 302
634 298
666 297
692 298
721 298
751 297
780 302
16 307
47 303
77 298
99 303
130 295
155 307
182 303
210 303
239 303
265 303
293 303
318 303
348 303
377 311
401 298
430 295
458 298
483 295
511 303
540 299
568 304
594 303
620 298
648 305
676 298
705 303
731 303
760 305
13 309
40 309
65 309
89 317
120 301
140 309
168 309
196 310
221 309
247 309
271 317
299 309
325 309
351 309
375 309
402 312
427 309
452 309
481 309
506 312
532 301
558 309
584 305
610 309
632 301
660 313
689 317
711 305
739 304
9 307
33 307
55 316
78 322
107 307
130 318
156 307
177 322
206 307
227 307
251 314
275 314
300 314
324 307
348 306
374 321
398 310
423 318
448 307
472 307
494 316
522 314
544 314
572 314
593 314
619 318
641 314
666 314
690 314
715 314
28 322
55 315
74 326
101 312
122 318
144 326
169 319
194 319
217 312
238 326
263 319
287 321
308 320
330 319
355 322
377 319
401 312
425 314
447 326
472 319
494 315
516 311
539 322
565 322
586 322
610 318
632 320
656 318
680 319
703 315
48 320
70 316
91 320
113 326
135 316
157 325
180 323
202 323
222 326
245 326
268 316
289 316
310 326
334 323
354 326
378 326
400 323
422 325
443 329
465 316
486 316
508 326
530 329
555 324
573 316
596 323
617 316
642 323
661 316
684 323
61 320
82 326
104 320
124 328
146 326
166 323
190 320
208 328
229 326
252 320
271 326
292 326
312 322
335 326
356 326
375 333
399 320
418 326
441 323
460 328
483 329
505 326
524 320
547 327
566 320
588 323
607 326
631 322
649 320
674 326
81 329
102 323
119 329
142 323
159 329
180 333
200 326
219 329
241 323
262 329
283 329
303 323
322 326
341 329
363 336
383 326
404 332
424 329
444 326
463 323
485 332
503 326
524 329
545 326
566 329
587 335
604 323
624 326
645 329
666 329
90 329
112 327
127 335
148 336
167 329
186 326
205 338
225 333
243 335
266 333
284 329
305 327
322 327
341 332
362 327
381 333
399 332
420 333
438 327
458 326
475 327
498 332
515 326
535 334
556 338
574 339
594 336
612 329
631 333
649 326
107 330
125 336
143 330
160 341
181 337
198 338
216 335
235 335
254 335
274 336
292 341
308 338
329 335
349 330
364 338
386 332
404 335
420 335
441 335
459 341
477 335
495 335
515 335
532 338
551 335
568 332
587 330
607 335
627 338
644 336
112 339
132 335
149 339
168 338
186 343
204 332
223 332
238 338
258 332
275 338
293 338
310 339
328 339
346 338
363 335
382 338
400 335
417 338
435 334
454 332
470 332
490 340
507 338
527 343
542 338
561 343
578 341
597 334
613 335
633 341
128 335
142 340
160 343
177 340
193 342
211 340
230 343
247 340
263 340
280 340
298 335
316 337
332 343
350 343
367 345
385 337
400 335
419 343
436 340
453 340
471 343
489 337
505 335
522 335
539 345
556 340
574 337
591 335
607 335
625 340
135 342
154 337
169 344
185 348
204 343
218 342
235 339
254 339
269 342
286 343
301 345
318 343
335 344
352 348
368 339
384 342
401 342
417 342
435 342
451 342
468 337
484 340
501 340
519 339
535 339
552 344
567 340
585 342
601 342
618 342
145 345
161 344
179 347
194 344
209 345
225 347
243 345
258 345
274 347
291 344
306 342
321 347
339 350
355 341
371 344
386 344
402 342
419 340
434 347
450 345
467 342
482 340
498 340
514 342
531 345
546 347
562 340
580 347
594 340
611 344
153 349
170 344
184 346
200 349
217 342
231 349
247 342
262 343
277 344
293 347
308 346
325 344
340 346
356 346
371 347
387 346
401 341
418 344
432 349
448 346
463 342
479 346
494 342
511 349
527 343
543 351
557 349
572 346
589 346
605 349
161 351
176 348
191 348
208 344
221 348
236 351
252 351
265 351
282 346
297 351
310 350
327 350
342 344
357 353
371 351
386 351
402 348
416 348
431 351
446 348
460 344
476 348
491 348
507 351
520 344
535 348
551 353
566 348
581 348
594 344
166 347
180 350
196 350
211 346
223 355
240 350
254 347
269 346
283 348
297 354
310 352
325 350
339 351
355 346
370 350
384 346
398 351
413 345
428 350
442 350
456 352
471 350
484 352
499 352
514 347
529 350
543 350
559 350
573 352
586 352
174 352
190 347
203 353
217 352
230 354
245 347
259 354
272 352
286 354
301 353
315 352
329 352
342 353
357 352
370 347
384 354
399 352
413 352
428 352
442 352
455 356
469 352
484 354
498 352
512 348
525 353
539 354
553 356
568 347
581 353
181 353
194 354
208 353
221 355
236 350
250 351
263 354
275 355
290 350
304 353
318 353
332 349
345 349
357 355
371 353
386 353
398 353
412 354
426 351
440 353
454 353
467 353
482 357
495 353
509 353
523 355
537 353
549 353
563 354
575 353
186 357
200 350
213 355
227 357
239 355
253 350
266 350
280 355
292 357
306 357
319 350
331 357
346 350
360 351
372 355
386 354
399 355
411 354
425 355
438 350
451 357
465 355
479 354
492 352
503 350
517 351
530 357
544 354
558 355
571 357
193 360
207 360
220 356
233 356
244 358
258 356
270 360
284 352
297 356
309 357
322 352
335 358
349 352
361 354
374 356
387 358
400 354
412 356
425 354
437 356
450 354
463 354
477 357
488 356
502 356
515 360
528 354
541 354
554 354
567 360
197 353
209 359
221 361
234 357
246 358
259 355
272 359
284 358
297 353
309 359
321 358
334 361
346 358
360 355
373 359
385 358
398 358
410 353
422 353
435 355
448 361
459 357
472 353
484 357
497 359
509 357
523 357
535 357
547 357
559 359
205 358
217 358
230 355
240 356
253 362
266 359
277 355
290 358
303 355
315 355
326 356
339 357
351 358
363 355
374 362
387 359
400 359
412 359
425 362
435 360
448 358
460 359
473 358
485 355
496 357
508 355
520 357
533 358
546 360
558 358
209 357
221 360
233 361
245 360
256 361
268 360
279 363
291 360
303 356
315 361
326 361
340 361
350 356
362 360
374 357
386 361
398 357
410 360
421 356
433 356
445 360
457 356
469 356
482 360
492 360
505 360
516 356
529 360
540 360
551 360
216 361
227 359
238 357
250 357
261 358
274 361
284 361
296 361
309 357
320 359
331 364
342 361
355 361
365 361
377 357
388 361
401 364
411 362
424 364
435 361
447 361
457 361
470 362
480 361
493 361
504 362
515 361
527 363
538 361
551 358
218 362
229 360
240 362
251 358
263 358
274 362
284 362
296 363
308 358
318 363
330 362
342 363
352 362
365 362
375 363
386 363
398 358
409 358
421 362
431 360
443 360
454 362
465 363
477 363
488 359
499 359
510 362
523 362
533 358
545 363
