965 15
612 15
703 14
788 21
851 50
917 91
963 109
1013 125
414 4
521 36
605 60
686 112
761 115
820 133
863 123
920 152
973 163
1009 175
132 32
271 0
361 56
465 82
542 82
621 118
679 111
747 150
794 140
850 177
891 165
933 176
963 205
998 212
128 57
237 90
336 86
421 91
496 136
567 152
629 152
683 178
735 194
783 174
827 204
864 213
895 203
930 235
967 233
1001 240
1 91
107 112
208 117
298 143
378 136
449 172
516 156
574 195
627 194
675 185
715 196
761 221
803 245
834 225
875 248
905 246
933 259
962 257
987 262
1009 260
14 126
123 115
198 163
279 166
349 187
416 187
481 205
534 206
583 224
633 211
676 228
714 219
751 257
783 233
823 253
849 258
879 249
906 259
932 277
960 281
14 149
115 145
190 176
262 167
328 215
384 187
442 213
495 230
545 229
586 235
630 248
668 247
707 238
742 258
777 266
804 260
833 258
861 278
885 279
909 271
28 188
107 193
180 196
250 195
311 220
362 231
419 219
467 243
514 248
555 248
598 244
638 258
673 263
704 266
739 271
765 276
793 279
822 286
846 286
873 289
40 178
107 206
176 215
240 227
291 245
345 243
396 227
447 248
486 254
530 265
569 255
605 254
641 259
669 276
704 283
732 272
761 286
786 289
812 294
838 296
24 215
94 237
154 226
215 234
274 224
321 246
372 256
417 257
454 262
499 265
533 277
573 274
604 272
636 269
665 274
694 289
727 291
749 289
775 298
797 310
26 226
92 232
149 239
209 252
258 250
311 247
358 248
398 265
440 276
482 273
517 283
550 270
580 273
612 293
643 280
671 299
695 291
723 293
749 292
770 310
18 252
84 228
140 240
190 253
238 263
287 263
330 270
374 272
411 276
452 283
486 283
522 275
552 289
581 293
609 296
639 288
670 301
693 313
716 301
739 299
28 248
90 246
138 263
191 264
237 281
283 272
321 282
360 283
402 272
434 293
473 284
502 294
537 296
564 288
594 306
619 298
648 311
671 303
692 306
720 313
32 259
86 250
135 254
179 259
227 276
268 267
313 271
345 286
385 290
418 298
451 285
484 304
513 291
543 293
573 306
597 302
623 312
647 317
672 319
693 313
28 280
78 271
124 268
176 272
218 271
257 289
298 279
333 293
368 296
402 299
433 295
463 297
493 309
519 313
549 311
575 322
599 319
622 317
644 328
669 312
38 264
84 280
134 279
174 280
212 290
249 296
289 296
322 289
355 312
391 305
422 307
448 303
478 311
505 318
533 307
556 318
581 328
604 313
628 318
649 326
44 272
88 280
127 296
171 293
207 296
245 304
279 296
314 298
348 296
379 309
408 311
435 322
463 309
491 321
517 319
539 324
562 315
585 320
609 321
629 336
40 295
87 303
129 285
167 309
204 304
237 303
275 306
306 318
337 305
368 317
397 310
423 311
451 319
477 312
501 331
526 324
549 321
570 332
593 329
614 330
35 300
79 298
118 306
157 297
192 310
227 308
260 304
291 315
323 305
351 312
382 321
406 320
433 322
457 319
484 334
508 327
528 329
552 326
573 332
593 337
37 294
78 297
117 296
149 312
183 314
219 312
252 314
283 308
312 309
340 320
368 313
394 315
420 317
444 328
467 329
492 326
514 339
537 333
558 334
577 343
37 305
77 312
111 300
146 302
180 314
213 318
244 322
275 324
302 322
330 326
357 329
382 327
407 324
434 330
456 324
479 335
501 338
520 328
541 333
561 335
40 304
79 303
113 323
143 325
181 313
208 329
241 313
267 324
296 325
322 327
350 321
374 330
397 324
421 334
445 330
466 338
489 339
508 331
528 341
549 336
37 305
76 316
108 318
141 320
171 316
202 326
229 327
258 319
285 328
313 334
337 333
362 325
385 334
408 343
430 337
454 334
473 339
494 347
512 343
533 343
49 321
83 312
117 326
147 332
175 334
205 322
234 333
260 330
288 334
310 337
336 327
361 329
383 337
406 338
427 340
448 341
468 349
487 339
507 351
525 345
45 322
78 320
109 329
143 319
169 328
197 334
224 331
253 326
278 336
300 336
325 330
349 338
370 339
392 340
415 344
435 339
455 344
472 345
493 340
511 350
50 317
79 322
111 328
138 325
167 326
193 328
220 329
247 335
271 340
295 338
318 339
343 333
364 341
383 343
405 344
426 345
445 349
465 347
481 354
502 345
47 332
79 322
110 332
135 332
163 334
190 335
218 340
241 338
265 339
289 340
311 341
334 342
355 350
374 351
396 342
416 340
435 351
454 345
473 353
491 347
42 323
71 324
100 334
128 338
154 329
181 339
206 334
232 342
255 334
277 343
299 347
323 338
341 345
364 350
383 347
404 345
421 352
440 356
459 351
475 352
45 326
74 331
100 336
128 338
153 339
180 340
202 345
226 335
249 345
271 338
294 346
315 340
337 341
356 345
375 351
395 347
414 348
431 352
448 353
467 354
47 340
73 333
103 339
125 343
153 338
176 336
199 343
222 348
246 339
269 340
289 341
311 345
330 349
351 347
367 345
388 358
406 356
423 348
441 360
457 358
51 339
78 337
105 342
129 339
152 344
178 351
199 349
222 347
246 348
265 349
286 350
307 350
326 346
345 352
364 356
383 351
400 355
418 350
435 356
452 352
48 343
72 344
98 340
125 341
146 346
170 347
195 342
215 355
237 353
256 351
276 351
297 358
317 350
334 354
352 351
372 350
388 359
406 357
423 352
437 358
45 344
72 345
94 346
119 347
142 347
167 352
188 351
209 351
231 357
250 352
271 359
289 354
310 351
326 355
345 356
363 351
380 352
396 358
413 356
429 357
54 340
75 340
100 348
122 355
144 353
168 351
190 353
209 346
229 347
249 354
268 360
287 356
305 356
324 354
344 352
360 358
375 364
394 355
409 365
425 362
54 348
77 349
100 353
123 345
143 352
167 353
187 353
208 351
227 352
246 358
266 356
284 352
301 360
319 360
335 364
353 360
369 361
385 361
401 367
417 359
52 350
77 351
98 351
119 349
141 347
162 354
184 352
202 356
223 357
241 352
259 355
278 355
295 354
313 360
330 356
346 361
362 367
379 357
393 363
409 359
53 346
78 354
99 350
120 357
141 358
160 358
182 357
199 363
220 358
239 355
257 354
273 355
290 360
308 356
324 364
340 360
357 363
372 368
388 361
404 362
