166 76
344 125
557 61
744 38
976 77
83 204
257 209
416 163
575 162
726 211
926 244
7 337
138 321
286 267
418 318
552 340
672 310
810 305
943 301
95 327
193 376
312 360
426 361
550 361
647 330
770 326
883 362
993 331
45 382
130 420
243 422
343 407
432 422
535 391
632 407
736 407
846 420
946 420
67 457
157 446
248 459
332 446
428 449
518 443
596 457
691 418
770 417
863 442
953 445
64 471
139 470
223 479
302 472
384 472
453 484
543 481
619 471
699 471
784 470
865 495
941 446
89 474
158 474
216 494
298 494
363 484
439 506
513 499
584 493
653 507
733 507
805 506
877 494
949 494
71 495
130 515
199 516
257 525
332 537
394 536
459 536
531 495
597 519
662 495
732 514
789 503
856 515
922 515
997 525
37 514
90 533
149 532
215 539
277 520
337 542
396 513
452 533
513 532
574 552
640 532
698 514
755 521
815 513
880 514
944 541
997 514
18 546
78 547
138 546
197 538
255 530
306 547
356 564
420 546
472 556
532 551
585 547
644 547
703 550
751 529
812 535
871 565
935 564
988 556
40 557
97 558
144 558
198 557
252 567
304 549
360 547
416 541
467 542
518 558
628 566
679 567
778 548
887 548
938 548
999 558
83 552
133 552
177 567
229 568
279 569
328 571
380 552
476 559
525 568
577 568
629 567
726 572
773 559
823 559
868 553
929 568
89 568
185 562
233 562
557 570
884 562
341 571
694 571
1001 572
