524 14
627 46
729 83
51 43
179 36
304 53
397 73
490 71
585 82
664 118
740 111
85 84
189 119
288 111
381 136
458 129
541 144
612 154
683 159
738 149
108 107
194 141
270 148
347 168
422 177
496 155
561 185
621 202
676 187
738 192
789 211
40 143
129 160
202 180
271 207
340 193
405 183
469 205
527 212
584 210
643 214
692 237
739 232
779 238
48 197
119 188
193 186
260 194
317 223
376 219
439 232
496 248
539 253
598 240
641 244
685 265
734 243
775 264
7 219
83 202
147 231
210 235
269 234
328 238
377 258
427 233
476 251
527 262
567 245
619 268
655 259
700 270
740 287
778 281
14 232
73 235
141 249
192 246
254 249
306 258
358 243
404 264
446 265
495 268
538 259
577 260
620 291
654 273
697 270
730 273
765 288
37 250
87 253
147 258
201 262
246 264
295 267
341 278
387 273
434 263
475 273
518 296
554 279
593 294
626 284
658 282
699 295
730 298
766 306
3 248
52 265
110 255
159 259
204 274
247 272
291 283
339 296
376 287
420 290
460 292
497 306
531 297
570 304
604 305
637 307
667 294
704 312
732 311
764 316
787 313
19 289
78 266
127 270
169 291
212 291
252 302
295 305
335 295
378 290
413 302
454 301
487 297
520 305
551 301
586 309
619 301
648 303
678 315
705 306
737 328
760 311
786 324
31 287
76 281
120 279
165 295
207 299
243 298
287 301
325 292
358 305
399 307
429 309
465 310
499 318
529 314
559 311
593 321
617 314
648 326
679 326
703 329
732 331
756 322
782 319
5 295
52 285
87 311
135 301
172 315
212 312
250 297
290 299
322 322
356 313
391 321
425 312
455 324
490 315
520 327
547 326
575 330
601 317
630 328
657 329
683 330
708 334
733 335
757 335
780 340
10 304
51 312
91 310
131 309
168 316
207 307
243 309
281 306
314 319
347 320
379 326
408 333
438 320
469 326
498 332
526 329
551 322
579 332
608 324
629 326
658 330
680 333
707 338
731 343
749 332
777 345
22 312
57 324
100 305
137 322
172 318
208 310
241 322
274 323
306 334
336 321
367 327
397 338
428 335
456 327
482 324
512 343
537 336
563 328
588 334
609 331
634 336
660 341
683 334
703 335
725 336
749 345
771 347
41 315
78 321
108 326
148 315
179 327
213 332
244 332
276 324
304 334
335 333
365 329
392 326
419 328
447 332
475 330
499 340
526 345
549 338
572 339
597 348
618 345
644 350
666 347
684 344
707 351
728 346
749 351
772 355
9 334
47 325
85 318
115 333
152 324
180 334
213 341
244 343
272 326
303 336
332 337
359 343
383 340
411 341
439 337
464 351
489 339
510 349
535 346
561 349
582 341
604 349
625 354
648 351
668 352
690 352
708 353
729 351
748 355
29 332
61 336
96 338
126 335
159 336
188 345
217 338
244 339
274 343
302 342
328 342
355 344
382 337
406 347
431 354
454 352
480 348
503 349
527 358
549 355
570 352
588 346
611 346
632 355
654 362
673 360
689 350
709 351
732 362
1 339
35 331
64 341
97 338
127 344
158 336
186 341
214 338
240 348
266 353
296 346
321 349
346 348
371 344
394 351
418 352
443 344
465 352
487 346
509 350
531 355
554 363
574 360
594 357
615 358
633 359
653 359
672 367
690 364
709 363
13 339
47 340
77 346
105 343
133 336
161 353
192 341
217 351
244 348
271 341
295 353
320 350
343 359
367 345
391 353
413 347
435 355
459 359
480 358
502 361
520 358
542 359
561 356
581 364
603 367
622 365
639 362
659 366
677 370
692 358
27 337
55 353
87 342
113 351
138 348
164 349
193 350
218 355
243 359
268 349
293 347
314 355
340 348
363 356
385 350
407 358
428 365
447 355
470 356
491 357
511 364
529 369
549 362
569 363
586 364
604 358
624 365
641 369
659 366
675 361
29 348
58 344
81 357
109 346
137 355
164 353
189 353
214 350
237 351
260 356
283 360
308 358
329 361
351 359
375 353
395 360
414 361
437 368
455 356
477 359
497 366
515 360
534 371
553 366
570 366
588 361
607 367
625 368
642 369
658 369
39 352
64 352
93 353
116 361
143 355
167 359
191 357
215 357
239 351
263 352
285 363
306 360
328 361
351 355
372 362
390 366
413 360
431 364
451 358
472 367
489 369
509 367
528 367
545 364
562 362
579 369
598 370
615 376
633 371
648 365
49 356
76 349
100 357
123 358
149 352
170 363
194 360
218 364
239 358
260 364
283 363
303 363
324 358
345 366
367 365
387 366
405 367
425 361
444 362
464 371
482 369
498 369
516 370
533 365
550 365
569 372
584 366
602 372
618 373
634 374
57 359
83 360
104 367
129 358
151 365
174 369
199 363
219 364
240 364
261 359
282 366
304 373
324 367
342 367
362 369
383 369
401 369
419 364
439 376
456 371
473 377
491 372
509 373
525 373
543 368
559 374
573 369
591 375
607 375
622 376
67 358
87 364
113 359
134 365
156 358
176 368
198 369
219 367
240 370
261 368
282 362
302 365
322 369
340 371
358 370
377 365
397 368
415 375
432 372
449 373
466 370
484 376
502 377
516 378
532 370
550 376
565 376
580 371
595 380
611 379
64 361
85 368
107 365
128 366
149 373
174 361
193 368
213 370
234 369
254 364
274 364
292 371
311 371
330 366
350 367
367 378
385 368
403 368
419 374
438 376
455 370
471 377
487 376
504 378
518 377
534 378
551 378
567 378
579 379
596 382
72 364
90 368
114 365
135 369
153 375
175 376
194 371
215 377
234 375
254 375
272 373
291 376
310 379
329 374
346 375
363 370
381 381
397 371
413 376
431 374
448 372
464 378
480 378
494 379
511 379
527 382
541 380
556 375
569 378
584 384
75 367
96 367
116 372
137 368
159 366
176 372
197 370
216 373
234 368
254 374
271 380
289 376
309 370
325 371
343 379
359 377
377 372
394 378
410 378
425 376
442 379
457 380
472 380
487 386
502 386
518 386
532 384
547 379
561 382
575 384
83 367
100 376
121 376
141 368
159 380
180 371
199 375
216 381
235 376
254 374
271 374
288 377
304 373
323 378
338 379
355 379
372 382
388 382
405 375
421 382
434 376
450 387
466 379
479 377
495 383
510 383
524 378
538 385
551 385
565 387
84 374
106 378
126 378
144 370
163 379
183 371
198 380
217 379
235 375
252 379
268 374
285 382
303 380
320 380
334 382
351 386
368 381
384 382
397 377
414 385
428 383
443 383
458 388
473 389
488 387
501 385
515 382
529 381
543 388
557 388
90 377
110 372
127 377
148 375
165 376
181 379
200 384
219 374
233 380
252 380
269 378
285 384
302 377
317 383
333 377
349 383
364 378
379 378
393 384
410 384
423 380
438 385
453 386
466 385
480 381
494 386
507 382
521 387
535 387
547 385
96 373
112 374
132 379
149 377
165 380
184 375
200 378
217 376
235 381
251 377
267 379
283 383
298 388
314 384
330 389
346 379
361 384
374 380
389 380
404 381
419 390
433 383
447 382
459 384
474 383
486 387
501 389
515 383
527 390
540 390
100 380
119 377
136 383
152 383
172 377
186 384
204 385
221 380
236 384
253 386
268 385
284 384
299 387
313 389
329 387
345 383
359 386
374 386
388 382
403 382
416 387
429 383
443 388
458 392
470 388
483 388
498 393
509 385
523 394
535 390
105 383
125 377
140 382
157 384
174 383
190 385
206 381
223 384
237 389
253 385
270 380
284 386
299 383
313 386
328 386
344 387
358 384
373 383
385 387
399 386
413 384
427 388
440 386
454 389
467 391
480 390
493 392
506 390
518 392
530 393
106 383
123 383
138 383
155 389
172 384
189 380
203 385
218 385
234 390
251 388
265 386
281 382
295 384
309 383
324 390
338 383
351 388
367 386
381 393
392 389
407 387
419 391
434 390
445 390
459 390
471 391
485 387
496 387
509 393
521 394
109 384
124 386
141 385
159 383
173 387
189 386
206 386
219 387
234 387
250 385
264 385
278 390
293 384
307 388
321 389
336 385
349 390
363 394
376 387
389 388
403 388
416 392
429 391
442 392
454 387
467 392
477 390
490 394
502 390
514 391
112 390
129 381
143 389
159 391
174 391
190 383
205 388
220 388
234 384
250 390
264 391
278 385
292 385
307 390
320 386
333 391
346 393
360 391
373 391
386 395
399 391
412 393
424 394
437 388
449 388
461 394
473 395
486 393
498 393
508 396
