581 1
45 162
210 147
402 149
562 135
737 104
945 181
104 273
250 261
400 238
530 276
694 276
815 241
968 283
55 324
171 321
283 349
419 324
540 340
654 302
762 305
886 305
92 358
193 393
305 384
402 371
512 387
610 361
723 361
837 402
936 355
50 411
147 404
231 427
329 429
421 444
512 443
612 442
697 428
791 430
885 416
981 414
41 447
125 474
203 476
291 475
374 462
452 476
544 476
619 469
705 486
785 463
875 463
958 487
7 491
70 501
145 489
226 490
297 494
376 490
442 469
522 513
595 490
663 468
745 490
822 489
889 489
969 502
45 511
113 510
179 500
251 499
313 499
380 522
452 509
514 510
586 491
651 510
717 498
788 511
852 501
929 531
989 512
26 529
84 538
150 510
207 510
268 508
329 529
395 527
454 517
519 518
585 537
645 538
702 529
770 535
830 509
888 517
955 537
1010 509
11 526
56 561
120 531
175 552
237 543
295 543
357 553
414 552
468 525
526 562
582 543
643 544
699 526
759 534
820 552
871 543
926 544
990 532
30 560
83 547
135 562
194 557
247 546
299 561
349 546
403 540
457 541
511 540
566 548
619 560
670 546
722 557
777 556
830 541
877 541
941 565
990 557
9 572
57 571
114 552
164 568
211 568
261 569
312 568
359 560
411 568
458 559
511 552
560 568
661 568
761 568
860 559
961 568
1003 559
101 564
195 563
519 563
611 569
652 564
746 565
797 564
432 573
520 573
562 573
609 573
827 573
