136 40
273 75
414 75
535 124
634 112
730 114
40 161
175 153
290 165
406 130
500 141
584 180
674 187
755 195
61 203
172 208
267 215
361 230
453 240
531 234
597 217
672 243
748 259
52 267
155 235
236 263
328 267
396 283
472 275
536 257
608 281
665 293
724 292
778 298
9 266
93 298
184 319
261 287
331 308
402 305
469 313
525 296
589 330
641 312
687 314
740 316
789 318
23 324
95 332
170 327
241 309
310 321
364 331
428 337
484 316
537 326
585 345
634 321
679 339
726 347
768 340
54 331
123 340
184 370
248 353
300 336
358 363
414 355
462 345
515 348
559 361
608 372
651 357
688 358
730 366
764 359
53 371
119 380
178 372
237 377
291 362
335 388
389 357
436 376
482 358
528 377
566 366
604 373
643 367
680 360
720 374
756 366
785 362
15 397
72 391
124 404
184 391
236 373
281 388
332 388
377 388
420 387
464 387
503 390
541 387
584 387
620 387
655 374
689 387
719 390
750 375
783 392
38 403
89 410
143 409
189 387
233 409
282 387
328 401
367 400
412 387
448 404
489 406
526 392
564 387
592 387
629 387
659 391
694 401
722 403
754 403
783 397
8 423
62 415
109 415
155 401
202 400
245 413
287 405
324 399
366 404
402 417
442 423
478 410
511 415
542 409
579 409
610 408
638 397
669 397
699 407
729 412
755 412
785 417
24 418
71 432
117 438
161 424
201 424
241 411
283 416
321 421
355 421
393 420
427 413
463 419
493 424
524 424
556 418
585 422
617 422
645 418
670 406
698 405
722 415
749 405
775 405
28 443
76 423
118 435
201 433
236 432
273 437
312 431
347 419
380 429
415 429
445 433
477 427
506 416
539 426
565 426
595 425
621 424
646 424
671 414
700 423
725 417
746 413
768 412
39 433
160 442
195 436
267 428
300 439
367 427
403 436
430 436
461 425
492 424
519 433
545 423
575 432
603 432
626 433
650 430
676 439
700 434
724 431
744 420
766 428
790 432
94 440
269 437
333 435
365 444
422 443
454 432
482 441
506 445
535 440
561 439
589 443
609 440
633 437
658 428
681 440
705 435
724 435
747 426
770 438
791 435
200 445
264 443
295 443
354 445
384 445
441 439
543 445
591 444
615 435
640 443
664 444
682 433
706 441
725 432
749 444
766 439
459 444
484 443
531 442
555 442
645 442
665 438
688 445
707 445
622 444
