90 14
327 41
563 48
820 6
19 101
198 100
390 95
588 104
759 122
961 125
96 177
246 181
368 176
530 179
675 135
805 136
951 160
47 204
166 239
288 222
421 258
542 239
653 224
779 204
905 257
23 288
128 256
230 262
339 258
450 266
554 227
653 273
754 238
858 229
966 258
72 311
171 258
255 298
352 311
437 266
536 289
627 289
707 284
810 310
895 256
973 258
37 304
116 304
197 304
270 302
361 279
438 280
523 279
605 302
686 303
760 310
846 290
926 280
998 289
5 343
76 299
156 325
228 321
295 322
368 343
438 307
509 321
581 299
655 309
731 321
805 308
870 321
947 332
1012 309
52 333
126 315
188 339
254 333
321 343
380 333
446 334
517 333
580 344
646 344
709 313
775 314
846 324
905 344
973 314
37 347
93 362
153 344
224 326
284 326
342 334
398 353
455 344
520 333
576 326
638 362
697 334
763 344
822 334
885 361
936 353
1000 349
24 361
79 342
137 360
188 342
242 369
303 353
356 361
414 343
474 361
526 336
586 369
635 353
695 336
753 342
803 353
859 343
918 352
970 336
8 369
57 369
117 346
161 362
214 361
264 369
320 361
366 364
423 366
469 369
523 361
578 361
628 369
677 364
728 352
782 345
833 361
884 369
933 369
41 382
91 359
139 359
186 368
234 368
287 368
331 367
381 358
424 382
474 368
522 367
572 382
621 359
671 375
713 359
766 360
811 368
864 370
908 360
24 374
73 360
117 377
162 374
207 374
250 373
295 366
340 377
386 361
429 374
471 378
515 380
562 381
609 361
649 374
697 361
740 380
786 360
834 360
872 374
55 372
95 392
140 380
181 382
224 367
263 379
308 367
348 367
388 382
431 386
473 392
512 379
556 367
598 386
638 386
683 367
726 382
765 379
807 385
848 372
78 384
120 372
160 384
197 384
233 390
275 396
318 384
353 378
397 384
432 384
473 384
514 384
549 390
592 384
632 373
667 377
711 388
751 390
788 387
828 384
101 388
143 377
178 389
214 392
252 383
291 377
325 389
364 388
398 394
440 377
473 382
514 383
546 382
586 377
625 377
658 382
696 389
737 400
773 382
807 392
125 382
161 386
190 398
226 395
263 398
300 393
336 386
366 403
405 398
441 392
476 393
511 386
545 382
580 387
615 393
648 396
688 386
720 386
753 382
793 393
148 396
181 396
217 386
249 390
285 401
319 386
349 396
385 386
418 396
448 396
482 391
516 401
551 401
585 390
616 386
651 406
684 396
719 386
753 396
786 398
169 390
201 390
232 389
260 399
295 409
324 399
357 409
390 399
420 399
453 399
483 399
515 401
549 393
580 409
609 404
645 389
676 393
706 389
736 404
770 399
178 402
210 406
237 406
269 406
299 402
331 402
359 392
390 402
421 402
453 396
481 404
514 393
544 397
575 402
604 396
636 397
664 402
695 402
727 406
755 402
191 404
220 400
251 404
281 395
306 409
335 409
368 413
397 395
427 404
454 408
482 404
515 395
540 409
572 395
603 399
630 404
658 399
687 404
715 409
744 395
208 406
236 398
264 411
293 406
318 411
346 415
376 398
403 401
430 398
461 406
490 406
516 410
544 402
573 398
598 402
630 401
656 409
685 411
711 406
740 406
217 408
246 412
273 403
300 400
325 412
354 408
380 411
407 400
436 417
463 404
490 408
518 411
542 404
568 417
595 408
625 400
650 400
677 408
704 408
730 408
229 414
253 410
282 418
307 402
332 412
359 418
384 406
411 403
438 410
460 403
486 418
515 410
539 418
565 406
592 414
617 406
646 414
672 406
697 410
722 406
240 416
264 414
288 412
315 412
340 412
364 408
392 405
416 414
439 416
465 412
490 408
514 412
541 409
564 409
588 408
615 414
641 416
666 414
689 415
713 420
251 407
274 410
298 418
322 414
345 407
369 418
393 421
417 418
443 410
466 416
491 414
513 414
539 421
562 414
587 414
611 410
633 414
658 414
681 407
706 421
255 416
279 411
302 419
327 409
348 409
370 416
396 417
418 409
441 416
463 419
487 411
513 409
535 416
558 419
579 409
605 419
627 411
652 419
674 419
699 418
263 424
287 417
307 421
332 421
353 419
374 419
397 417
419 410
442 419
465 417
487 417
509 417
534 421
557 410
577 421
600 417
622 414
646 410
667 417
691 417
270 412
295 412
315 419
335 412
358 419
381 419
400 419
423 412
446 419
467 418
488 425
509 422
532 419
555 422
577 418
597 419
619 422
642 418
665 421
686 414
280 420
302 420
323 426
345 420
364 420
387 422
408 413
428 420
450 420
471 413
493 420
513 413
534 420
556 420
575 420
598 413
619 417
639 420
659 420
682 420
285 418
305 421
325 417
346 421
365 421
385 424
406 417
428 415
447 424
467 424
487 415
511 421
529 427
551 423
571 421
591 417
613 421
632 424
653 415
674 415
294 422
315 422
333 422
355 416
374 428
393 428
413 422
433 422
453 425
474 416
492 416
514 422
534 416
552 418
573 425
594 422
614 416
634 425
653 423
675 428
298 426
318 429
336 423
357 429
377 424
396 423
414 417
435 429
455 423
473 423
492 420
513 423
531 417
552 417
571 417
589 420
611 417
630 423
647 423
667 425
300 418
320 424
340 421
358 430
377 424
397 427
415 424
433 418
453 427
472 421
490 425
510 426
529 424
547 421
565 418
586 424
604 426
622 418
643 424
662 424
