443 6
698 54
130 71
309 96
469 69
621 96
790 145
30 145
175 146
288 121
419 125
561 145
681 164
5 183
107 184
201 182
300 181
414 154
519 181
612 181
715 181
86 206
172 192
255 181
337 205
424 220
514 206
594 215
686 206
779 231
48 210
118 209
198 245
270 210
336 234
417 222
489 202
561 222
639 209
705 224
789 200
3 235
70 235
131 222
202 235
268 245
330 215
398 245
463 245
535 216
603 234
668 235
733 235
44 244
102 235
167 245
222 226
284 244
337 250
394 244
455 253
521 253
577 247
631 248
693 248
753 253
31 260
91 237
146 237
195 237
251 237
298 253
358 237
407 261
464 237
515 261
569 253
617 253
673 237
727 253
777 261
27 267
71 267
123 260
168 251
215 260
265 267
312 246
363 274
408 260
455 274
503 260
557 264
599 252
648 264
699 245
744 245
788 246
5 279
53 266
93 272
144 259
186 266
229 266
275 252
319 259
363 269
406 272
447 252
495 266
537 279
582 269
627 252
667 252
714 272
759 265
1 274
40 270
79 259
124 259
164 259
201 271
238 274
281 259
320 258
359 258
402 259
441 277
482 270
524 264
563 283
604 283
645 271
685 271
724 271
765 271
35 274
71 274
107 274
148 274
187 274
225 280
261 274
297 263
336 274
371 286
411 280
452 274
485 263
526 286
564 286
600 267
636 267
674 269
712 268
750 263
787 268
23 281
52 283
92 272
128 283
161 268
195 272
233 278
266 283
302 278
336 267
372 289
409 278
443 289
476 281
510 273
548 278
579 268
618 289
650 268
689 280
722 278
757 278
4 291
41 291
75 286
108 271
141 275
171 286
204 281
237 286
270 281
303 286
337 275
371 281
405 281
437 271
472 281
504 281
534 286
571 281
603 281
637 276
670 283
701 286
733 283
764 271
29 289
61 284
89 275
120 274
150 284
181 289
212 284
244 289
274 288
306 284
336 278
370 284
399 289
430 284
464 293
492 274
524 275
554 284
586 275
619 284
648 288
680 284
711 275
743 274
774 284
15 286
47 289
75 277
105 286
134 277
163 288
193 288
223 281
250 286
282 295
309 286
338 277
367 290
399 286
427 277
460 290
489 286
516 288
546 277
579 288
604 277
635 286
664 286
694 277
722 286
753 286
782 281
11 296
39 283
65 288
95 288
122 283
154 288
179 288
208 279
234 290
264 297
290 288
320 288
349 280
374 280
404 292
433 280
460 288
489 280
516 288
544 279
575 290
601 292
628 288
656 280
686 296
713 291
741 290
768 283
4 294
31 290
56 285
85 292
110 290
137 290
163 282
192 282
216 290
242 290
269 292
298 290
326 286
351 290
377 292
405 298
432 290
459 282
486 294
510 290
538 282
564 294
593 294
618 290
644 290
672 294
698 294
723 282
751 290
21 287
45 292
71 292
97 284
122 292
147 292
171 292
199 293
225 292
249 288
273 294
300 292
327 284
351 293
376 284
404 287
428 292
452 287
480 296
504 292
530 292
554 292
582 292
606 292
630 292
655 292
682 284
708 294
733 284
15 293
41 301
63 286
87 301
113 293
137 293
162 297
188 289
212 293
233 295
258 293
283 297
308 289
333 295
357 293
381 295
406 293
429 290
453 297
480 295
503 289
529 295
553 286
578 293
602 293
624 290
648 293
672 289
699 290
722 297
32 288
55 291
79 291
103 288
124 298
148 302
172 291
194 297
218 295
241 295
266 288
289 295
313 295
335 302
360 297
382 298
404 288
428 295
453 288
475 297
498 295
521 298
547 288
568 288
592 290
615 302
638 296
660 295
687 298
709 295
39 292
63 299
84 296
107 289
129 292
153 303
174 296
195 293
220 303
242 296
265 292
287 292
308 289
333 296
353 296
375 299
400 293
422 299
444 292
468 296
489 296
511 289
533 296
557 296
579 299
601 296
622 299
645 296
667 299
693 293
60 304
84 293
104 291
124 297
148 293
168 297
188 294
211 304
233 297
252 293
275 294
298 297
320 291
341 297
360 291
384 294
404 301
427 297
446 297
468 297
491 291
513 297
531 299
556 304
577 297
597 297
619 304
639 294
662 291
684 301
68 295
90 292
113 299
132 292
154 302
172 295
194 302
217 295
237 298
257 299
278 298
296 300
317 298
338 300
358 300
382 292
400 302
420 302
444 298
462 298
484 305
504 298
526 292
544 298
567 295
588 302
606 299
630 298
649 300
671 298
79 296
99 299
118 302
140 293
159 299
180 301
200 306
218 293
240 301
259 299
279 296
300 301
320 293
339 299
359 293
381 299
398 301
418 302
440 293
461 299
480 299
501 302
519 302
539 301
559 299
581 299
600 302
620 299
641 302
659 299
92 303
111 294
131 300
151 295
170 303
190 302
210 297
227 303
248 297
265 306
287 295
306 306
325 300
345 295
362 295
382 297
402 303
422 297
440 297
460 295
481 301
499 294
519 302
538 297
556 300
577 300
596 302
613 306
634 301
653 300
98 304
117 296
134 303
154 301
174 298
192 296
211 298
230 296
247 301
267 296
285 296
302 303
323 307
340 301
359 296
379 303
396 301
416 301
433 296
453 303
470 296
490 296
509 296
527 301
545 296
564 301
582 301
601 296
621 307
638 302
116 297
132 305
152 302
170 302
189 302
206 308
223 302
241 297
260 308
276 308
296 302
314 302
332 299
350 302
367 302
386 302
404 299
421 302
440 297
458 302
475 305
494 302
512 302
531 308
547 297
565 302
584 302
602 302
621 308
638 302
125 303
142 306
159 300
177 298
194 300
210 303
230 304
247 306
265 298
281 308
300 300
317 303
334 303
350 298
368 305
385 305
404 298
419 308
437 303
455 305
473 300
491 298
509 306
526 298
543 304
560 303
577 304
595 308
612 303
630 303
133 299
148 306
166 306
182 299
200 304
216 304
234 306
250 304
266 305
284 304
301 304
318 301
334 304
352 301
369 305
384 304
402 304
420 304
436 301
453 301
471 305
488 305
502 299
521 301
537 304
556 305
572 304
588 304
606 304
623 306
140 299
156 307
173 307
189 302
206 304
221 299
238 301
254 299
270 299
287 299
305 302
320 307
337 299
353 304
370 309
386 304
403 300
420 304
435 299
453 307
469 309
485 299
503 307
519 301
534 304
550 307
567 301
583 300
601 299
616 301
