88 2
32 56
169 89
286 79
421 47
566 80
681 84
814 87
946 83
105 149
199 168
320 131
417 180
542 145
643 132
762 173
880 164
984 190
28 224
132 229
230 214
324 184
426 185
527 215
613 216
719 214
810 212
902 186
1014 237
96 256
180 256
267 257
349 267
430 256
511 257
606 256
692 279
775 231
855 231
940 254
10 276
91 291
160 291
233 270
307 276
383 276
463 289
535 301
611 291
689 290
769 312
838 293
917 301
988 267
51 316
128 315
194 294
257 301
328 313
397 324
463 316
530 293
604 325
670 318
737 333
801 304
879 314
951 314
10 340
74 354
142 345
202 345
268 324
329 342
395 336
459 326
520 344
578 324
646 335
705 340
766 318
828 346
894 335
955 336
55 338
110 359
172 364
229 354
286 337
340 345
399 344
454 345
513 354
570 358
633 363
681 359
743 337
797 338
860 337
913 339
971 355
48 365
106 372
156 357
206 371
260 372
314 376
362 361
418 371
475 387
525 356
577 357
626 356
687 387
733 363
788 379
840 371
891 357
944 364
17 385
63 399
114 377
163 385
216 388
264 371
311 390
365 389
408 385
459 393
509 385
557 377
606 385
659 384
707 391
755 392
800 371
854 371
907 393
25 391
70 384
116 398
161 397
210 384
248 411
299 384
343 383
388 397
435 397
482 397
526 405
570 391
615 383
663 401
708 384
755 397
802 404
844 397
896 404
39 420
85 394
126 407
166 420
215 407
253 406
298 406
345 393
384 406
429 414
469 409
512 407
557 410
598 394
643 407
688 413
731 394
775 414
817 407
857 400
69 422
108 419
153 404
191 428
232 408
272 416
313 410
357 409
394 416
435 428
475 428
519 404
557 409
600 422
636 408
679 422
720 415
761 408
803 423
839 404
87 411
122 412
162 426
198 423
240 423
277 423
319 412
351 434
392 435
432 423
469 434
507 423
546 412
584 425
624 416
660 417
703 423
737 423
780 429
817 417
109 430
141 434
179 441
218 431
253 431
289 424
328 419
360 436
396 436
437 430
471 419
510 419
546 436
582 430
616 423
654 424
691 425
724 431
763 435
799 431
139 430
172 439
210 437
244 426
277 432
312 437
348 437
385 431
416 437
451 426
489 426
521 436
556 437
593 442
626 436
661 437
696 437
730 431
765 426
799 427
147 442
181 447
213 442
251 432
279 436
312 442
348 436
381 436
413 452
448 432
482 444
515 432
545 447
579 432
614 445
649 452
680 432
715 442
745 442
779 432
160 437
190 437
220 446
250 456
282 452
316 437
349 451
382 437
411 437
443 448
476 457
507 447
542 449
571 441
605 447
636 437
667 446
699 447
730 447
764 447
174 454
204 452
237 454
267 457
298 456
328 443
359 448
390 452
422 443
449 446
481 443
510 446
542 443
570 443
604 452
631 452
667 461
694 452
725 446
754 452
187 461
218 457
247 452
275 451
304 465
334 459
364 456
393 459
423 452
452 459
481 451
511 447
538 457
567 447
598 458
628 456
657 456
686 457
713 457
745 456
208 463
239 461
265 469
292 464
322 469
352 452
379 452
404 452
432 461
462 470
491 461
517 469
548 461
574 465
603 456
632 465
660 465
686 456
716 469
743 469
215 468
241 464
269 464
299 459
324 464
354 460
379 464
404 464
433 473
459 456
486 460
515 464
543 464
567 464
593 456
622 456
649 468
675 456
705 465
732 464
220 472
250 463
275 468
300 460
326 468
351 468
377 468
405 468
428 468
454 472
482 468
507 468
533 464
560 468
586 476
612 476
640 468
666 468
690 472
716 476
239 473
262 471
290 471
314 467
340 475
364 475
389 471
414 475
439 479
465 479
491 479
514 479
541 464
567 475
590 479
616 475
642 471
666 479
691 467
717 471
241 478
267 476
289 478
315 474
338 474
363 476
385 474
412 482
438 474
459 474
486 482
508 478
535 470
559 478
583 476
606 474
632 467
655 478
679 482
702 467
257 472
278 477
303 477
327 470
350 479
376 473
399 480
423 473
443 479
470 472
491 473
517 478
539 477
565 473
586 477
612 477
633 481
657 477
681 470
706 484
259 479
283 479
304 476
328 479
350 483
373 479
398 472
418 479
443 479
465 481
488 483
511 479
532 479
557 479
581 481
601 472
627 483
650 479
670 479
694 479
266 485
290 482
314 478
336 477
359 482
381 477
403 482
426 488
447 482
468 488
491 488
515 475
535 475
558 482
579 485
603 484
624 482
648 477
670 481
692 478
272 488
293 480
315 478
338 484
357 484
381 478
400 488
422 484
443 491
465 486
487 478
511 486
529 484
553 484
573 484
595 478
618 481
640 480
659 478
682 484
280 493
301 489
320 490
341 480
364 486
384 488
407 483
425 493
446 480
470 486
488 490
512 486
530 488
552 486
574 486
593 486
615 480
636 486
658 486
679 486
284 490
304 489
325 489
344 489
367 492
385 490
408 489
429 489
447 489
469 489
487 492
507 489
530 492
550 495
569 489
590 489
612 489
632 489
653 488
673 495
298 494
318 494
337 494
358 492
376 491
394 497
416 497
436 494
455 497
475 491
496 487
515 491
534 484
554 491
573 487
594 491
613 487
634 491
654 491
674 497
295 498
316 486
333 492
353 486
373 492
392 492
411 486
432 489
451 492
468 493
489 492
509 486
528 492
546 492
565 489
585 489
604 486
625 492
644 492
661 487
304 491
323 497
340 491
361 491
377 496
395 500
415 494
434 491
453 496
472 489
491 494
510 494
529 494
549 494
566 494
586 494
603 497
621 488
642 494
660 488
309 502
327 496
345 496
363 499
382 496
399 498
419 496
438 496
455 502
473 496
493 496
511 490
529 496
547 496
566 496
585 497
603 502
621 496
638 493
656 490
313 501
333 498
350 498
368 498
386 498
403 498
422 498
440 498
457 498
475 500
493 500
510 500
530 495
547 494
565 503
582 498
599 499
619 492
635 498
654 498
317 499
332 499
350 505
369 499
386 494
404 494
422 502
438 501
456 502
473 502
491 505
508 499
524 494
543 497
561 496
577 499
596 499
613 496
631 499
648 499
