607 14
144 111
378 112
573 84
793 47
52 204
215 189
384 163
533 211
717 211
859 162
15 219
141 215
266 248
411 219
542 238
669 196
786 198
923 198
64 231
177 271
295 263
396 246
512 264
616 233
737 233
852 281
965 230
34 269
133 259
223 286
324 287
419 302
512 301
614 301
702 286
798 288
898 273
997 272
34 289
124 316
202 317
290 317
373 304
451 317
545 317
620 310
705 328
787 304
878 305
957 329
11 318
75 329
147 318
228 318
299 322
377 318
442 297
522 340
594 318
664 296
743 318
820 318
887 317
963 329
53 328
119 327
183 317
255 317
316 317
383 338
453 327
514 328
585 308
648 328
715 316
782 328
847 318
918 348
980 328
39 337
97 345
156 318
213 318
273 318
334 336
398 336
455 325
519 327
583 345
641 345
697 336
762 342
824 318
879 325
941 345
1000 318
24 327
74 360
132 333
188 352
247 343
303 343
363 352
418 351
469 326
526 360
580 343
639 344
694 327
751 335
808 352
859 343
911 343
976 333
50 353
99 340
152 354
207 350
257 340
308 354
355 340
407 334
459 334
511 334
564 341
614 353
664 340
713 349
766 349
819 334
865 334
922 357
970 350
33 358
79 357
130 340
180 355
225 355
273 355
321 355
366 347
415 355
460 346
511 340
558 355
609 369
654 355
702 362
749 355
798 369
845 346
895 369
940 355
982 346
28 366
79 360
120 346
162 359
210 346
251 360
293 373
342 359
387 359
426 359
470 360
518 346
560 359
606 351
646 346
692 360
735 346
783 346
826 362
870 359
917 359
959 360
1004 346
19 363
62 363
102 363
145 366
187 356
230 351
269 363
312 363
355 376
397 363
436 351
479 363
519 351
559 351
604 351
644 370
686 357
725 356
766 357
811 351
849 370
889 363
937 363
978 366
2 379
47 367
85 360
123 367
161 367
202 373
241 367
277 378
314 378
355 379
398 367
435 367
473 367
515 367
551 361
592 367
631 361
666 370
705 367
749 367
789 373
826 369
864 367
904 369
941 367
981 367
31 381
73 370
107 375
146 370
182 375
220 381
256 359
293 370
331 370
368 375
402 370
443 359
480 359
517 363
553 363
590 373
622 370
662 372
699 370
735 372
772 372
808 375
847 375
879 359
917 370
961 381
993 375
21 372
55 362
89 374
124 374
164 362
195 383
229 361
265 372
299 366
333 372
370 372
407 362
440 362
477 361
512 366
544 383
580 366
615 361
651 372
686 372
724 372
758 377
791 372
827 362
860 362
899 372
936 383
970 383
20 375
55 385
90 385
125 369
158 378
190 365
221 369
254 377
290 375
321 369
355 375
386 375
421 378
457 375
488 377
524 369
555 375
589 365
624 385
657 375
688 365
720 365
755 375
789 375
823 380
854 365
890 375
924 380
957 375
10 377
38 367
69 377
103 367
135 382
167 387
197 377
231 371
263 377
294 371
327 377
358 377
389 377
421 382
453 377
486 386
517 377
547 367
581 379
613 377
642 377
677 379
705 371
739 377
771 382
805 382
834 377
864 377
898 367
926 367
24 382
58 370
86 388
116 379
149 379
176 381
209 382
239 379
270 379
303 379
331 383
362 388
390 379
422 369
453 369
482 379
513 379
543 379
575 379
608 379
635 379
667 369
697 379
729 383
759 370
791 388
821 383
850 388
881 381
912 370
40 371
73 380
101 372
132 380
161 371
191 380
219 385
247 380
277 380
306 372
337 380
365 380
392 389
426 383
453 385
485 375
511 383
540 371
570 380
602 380
631 389
660 385
687 380
720 380
749 385
776 375
807 371
836 385
861 372
895 383
61 377
88 382
116 386
145 386
173 382
202 382
230 377
254 386
287 382
314 384
341 382
368 386
397 382
427 374
455 378
481 382
508 386
537 382
565 382
593 374
621 386
652 386
678 373
709 373
736 382
763 374
790 385
821 382
847 373
876 382
85 384
109 388
140 384
163 392
190 384
220 385
245 392
271 384
301 376
327 375
355 388
382 392
409 384
433 385
462 380
488 385
515 384
545 379
570 384
598 380
623 384
650 384
678 384
705 384
734 384
760 392
787 384
813 385
841 380
868 386
101 385
124 389
152 385
180 377
204 380
230 385
259 385
283 385
310 377
333 385
362 385
386 385
412 387
440 377
464 393
491 385
517 393
543 387
567 385
593 381
621 377
646 385
673 389
700 389
725 385
749 377
778 385
802 393
828 387
853 377
113 387
139 382
165 387
189 382
215 387
240 387
264 379
288 389
313 387
339 387
365 379
390 386
413 387
440 390
466 382
491 387
513 394
540 387
563 394
589 379
616 387
638 390
663 388
691 394
716 379
738 379
763 388
790 379
813 379
840 387
132 384
158 388
181 383
206 388
230 383
255 381
277 381
303 388
326 388
350 381
373 392
399 388
421 392
445 388
470 391
495 388
519 384
543 388
567 392
590 388
613 392
638 388
660 392
686 381
708 381
734 392
760 389
783 384
806 388
831 391
144 389
168 385
191 391
215 382
238 393
260 396
283 382
305 396
330 389
354 382
378 396
400 396
424 392
445 386
470 389
493 393
515 393
539 389
563 382
585 390
609 389
632 389
655 389
678 392
700 389
726 382
749 396
770 396
795 393
819 382
154 397
177 397
202 390
224 393
248 390
269 393
291 390
314 390
336 390
358 393
381 392
404 383
427 383
450 392
471 383
494 383
517 386
541 390
562 386
584 383
609 397
629 397
653 390
676 383
697 386
719 391
742 386
767 393
788 386
811 387
162 388
182 398
207 391
228 384
248 391
272 393
294 391
316 384
335 394
358 384
382 391
403 398
425 393
448 384
467 387
489 398
513 391
534 384
557 398
577 384
600 394
620 384
645 388
666 394
686 391
708 388
730 387
754 391
775 391
796 391
171 395
191 392
214 393
233 392
255 393
276 398
297 395
318 385
341 385
361 394
381 395
404 385
427 385
447 394
467 392
489 389
510 395
532 388
551 392
573 392
594 395
616 385
637 398
660 395
680 385
703 398
724 395
742 385
765 392
788 398
181 396
201 395
224 393
241 396
264 389
282 393
305 393
325 396
344 399
365 389
387 399
406 389
429 393
447 387
470 389
489 387
510 393
531 389
551 395
571 387
592 393
613 393
633 389
655 387
675 399
694 393
716 389
735 393
757 393
779 393
