191 115
384 105
596 26
793 84
976 79
95 126
264 169
415 168
564 144
720 125
868 173
17 201
147 183
287 225
411 220
555 232
681 227
792 203
921 204
87 264
198 297
312 267
429 234
541 263
640 236
761 267
860 232
981 233
49 282
136 297
230 326
328 311
426 280
519 280
605 325
702 283
801 299
880 271
972 271
28 320
102 343
187 318
270 293
351 318
444 318
531 303
609 294
692 320
786 344
862 331
943 306
10 317
82 324
155 345
229 326
303 339
378 315
444 361
529 325
598 338
674 317
749 316
826 338
897 317
971 315
46 351
112 372
178 372
250 340
317 357
388 352
453 352
527 352
592 358
664 361
729 340
795 339
854 333
933 356
1004 352
37 346
96 368
164 373
226 355
287 370
348 364
404 364
473 374
530 345
600 383
655 345
716 364
785 383
848 373
907 373
959 346
10 375
70 376
131 358
185 358
238 375
298 375
359 358
413 375
466 384
521 358
581 381
635 384
694 378
753 359
806 358
866 384
925 375
969 359
52 383
109 374
163 367
216 388
264 399
318 400
367 384
424 384
478 384
531 384
579 368
633 383
683 373
741 367
794 383
841 376
893 368
954 391
1000 384
32 398
80 381
127 376
182 376
230 395
276 391
329 391
372 390
421 390
474 398
520 381
569 391
622 376
669 406
722 391
769 395
818 390
864 382
916 397
961 383
1019 405
15 397
66 398
105 383
150 404
201 404
248 397
291 397
337 397
383 398
430 384
474 391
519 412
565 384
615 411
659 397
704 398
747 389
796 402
844 397
889 397
932 398
980 397
39 407
85 406
131 403
172 406
215 390
260 410
298 417
342 403
389 396
433 403
475 410
516 390
557 407
602 416
648 410
693 409
733 403
772 391
814 390
861 410
907 410
950 410
993 403
34 403
77 409
115 409
157 409
193 421
235 397
277 421
316 411
357 409
397 415
440 409
480 401
516 409
557 397
598 409
638 409
680 421
718 397
759 415
798 401
840 411
878 409
921 412
962 415
1005 409
28 425
65 407
108 407
145 417
183 414
217 419
255 413
295 414
333 413
370 407
411 407
446 417
483 414
523 416
563 413
601 402
635 414
677 413
712 414
752 416
792 407
828 407
863 417
904 419
942 414
980 419
1019 425
17 417
56 418
89 417
126 420
162 407
197 418
234 420
267 407
306 429
344 411
379 412
413 429
450 411
485 417
522 411
560 418
592 418
630 423
664 407
703 429
740 417
775 418
807 418
846 407
881 407
915 418
954 429
988 411
2 421
39 411
69 431
106 421
138 410
175 410
210 411
243 421
277 424
312 421
347 421
381 424
412 421
449 411
485 421
519 426
553 410
588 421
622 426
653 423
693 426
722 421
761 426
793 426
829 416
863 423
898 421
931 424
967 426
21 426
55 424
89 424
123 414
154 424
188 427
221 418
256 418
290 424
322 424
353 424
387 424
420 424
454 424
488 424
520 419
554 414
587 429
620 429
653 434
685 429
719 424
752 434
781 414
816 414
847 424
882 418
918 418
946 418
16 427
48 422
78 427
110 427
142 432
174 427
203 422
236 427
271 427
299 427
330 421
362 437
392 427
427 427
459 430
491 430
519 432
551 436
582 427
617 436
649 421
677 417
711 422
744 427
777 436
804 427
835 421
868 427
902 430
930 417
35 424
65 430
90 430
123 439
154 420
182 439
214 434
241 430
276 430
303 430
334 421
366 430
394 430
425 434
454 432
485 430
514 430
544 430
577 430
606 421
636 434
668 421
696 430
725 420
759 420
786 425
818 424
850 425
877 425
907 434
48 423
76 432
108 424
133 432
165 427
190 437
225 424
252 427
279 432
307 437
337 424
368 437
395 424
426 437
454 423
483 441
513 424
541 437
568 441
598 432
628 424
654 427
686 433
716 432
741 432
772 424
799 424
833 441
861 432
886 432
65 443
94 437
120 435
147 443
179 430
203 435
234 435
261 435
290 437
316 443
343 435
372 435
398 426
426 426
454 436
483 435
509 437
540 443
568 437
594 439
623 426
648 435
676 435
705 426
735 439
759 430
790 439
818 439
844 435
874 436
90 445
118 429
144 437
173 432
200 437
227 437
251 437
278 437
307 437
333 429
360 437
386 437
412 437
440 437
468 441
492 437
522 437
547 437
575 433
599 437
629 433
653 432
683 437
711 445
733 432
763 437
787 437
816 445
844 441
871 437
99 439
125 439
151 431
179 434
201 443
230 443
253 434
282 439
306 441
331 434
357 447
385 440
407 443
436 434
459 431
487 443
512 441
539 447
564 443
588 431
613 447
641 441
665 443
692 439
719 431
743 447
770 443
796 439
822 447
848 439
118 441
141 445
166 433
193 441
218 433
242 441
264 441
292 441
317 444
341 441
367 444
392 441
416 436
439 433
465 441
492 444
515 433
540 444
566 433
591 441
615 441
641 441
666 441
688 441
714 444
739 444
763 441
789 436
813 441
840 441
131 435
154 438
178 446
203 450
226 442
250 438
274 450
298 444
321 446
347 450
373 435
397 438
420 445
443 442
469 442
491 445
515 435
540 446
565 442
588 438
611 450
635 435
660 435
685 435
710 442
732 442
757 435
782 444
805 442
826 435
149 437
172 444
192 444
218 448
241 444
265 446
285 446
309 444
334 444
357 444
379 437
401 448
426 437
450 444
472 444
496 437
519 446
541 441
564 437
588 437
611 444
636 444
658 446
680 448
703 451
729 444
749 440
772 444
795 437
821 441
152 446
174 448
198 446
220 446
243 447
267 439
290 453
311 446
332 445
357 446
380 446
402 446
423 446
447 439
469 446
491 442
515 449
536 439
561 439
582 449
605 446
628 441
648 442
672 441
695 453
717 449
741 445
760 439
785 446
808 441
161 450
184 444
206 443
228 450
250 447
273 447
294 450
316 447
338 447
358 450
382 447
401 450
423 443
448 440
467 447
489 447
513 449
533 443
556 440
578 450
600 447
623 454
644 450
664 454
687 440
709 440
731 448
751 448
775 447
796 443
176 442
197 450
219 450
239 455
261 448
285 450
303 448
327 448
348 442
366 445
390 448
412 442
431 442
452 448
475 448
494 450
516 452
538 442
559 452
580 442
602 442
623 442
643 448
666 448
685 445
708 450
726 448
750 445
772 448
791 455
186 443
204 450
226 446
246 456
267 450
287 446
308 450
330 446
351 451
370 443
392 450
410 443
431 443
452 453
472 453
493 443
514 443
534 446
556 450
575 456
596 443
618 446
637 443
656 443
679 443
698 450
721 446
740 450
762 450
782 456
198 451
218 445
237 451
258 445
276 445
299 451
319 445
337 447
356 447
378 445
397 454
415 447
435 448
456 453
477 447
498 445
516 457
535 451
557 451
576 451
596 454
617 452
634 454
655 445
677 453
694 445
714 452
736 445
756 457
776 451
206 446
225 452
244 453
265 452
282 458
303 453
322 455
342 449
360 455
380 446
399 452
417 455
437 452
457 449
476 452
497 455
515 452
535 458
553 452
571 452
592 446
610 452
629 452
650 455
669 455
690 452
707 452
727 455
746 458
766 446
216 450
235 453
253 453
272 453
290 456
308 453
327 453
346 459
367 448
385 448
403 453
422 453
442 453
460 456
478 453
496 448
516 453
535 450
554 459
573 453
590 453
608 456
629 453
647 453
666 453
683 453
702 453
724 453
741 450
759 456
