823 8
896 7
960 59
665 17
750 55
813 64
873 103
934 129
978 159
403 26
503 53
588 88
675 94
730 88
794 107
848 121
900 145
938 152
981 182
144 13
252 75
363 41
460 92
538 117
605 130
671 147
730 161
789 178
839 198
877 208
914 204
952 214
989 225
24 42
135 64
252 98
345 91
426 126
502 141
566 139
630 151
682 178
732 188
783 197
823 208
863 222
901 231
933 237
965 220
994 256
108 131
208 106
293 137
371 152
442 143
510 174
564 197
622 196
669 206
712 212
756 221
797 211
829 218
861 233
897 254
926 253
956 257
983 253
1005 267
16 92
113 134
206 136
278 160
349 173
424 183
480 200
530 193
588 220
633 219
681 243
721 241
753 240
791 238
826 265
857 256
883 268
914 272
938 270
961 262
40 128
125 150
196 173
279 165
342 177
401 213
459 230
510 219
558 229
601 234
647 245
684 231
719 258
754 247
784 248
817 266
844 263
870 281
898 267
921 282
20 149
97 201
179 192
243 191
310 211
366 217
420 242
472 217
517 246
563 260
605 241
644 258
680 263
709 265
746 282
775 260
798 265
832 286
856 284
878 293
23 191
98 208
160 209
229 205
286 224
343 231
395 237
443 243
486 248
531 240
568 245
608 251
645 268
677 272
706 279
736 273
764 272
789 280
818 301
841 304
18 208
84 215
149 224
213 230
264 253
318 227
371 252
417 254
454 259
497 277
536 260
571 272
606 263
637 273
670 284
701 280
725 290
753 299
776 290
803 289
20 222
88 214
149 236
201 242
255 248
308 240
357 262
399 263
440 274
475 272
511 276
551 279
581 289
613 292
644 278
672 282
701 291
723 304
751 291
772 294
28 220
94 233
149 241
202 256
245 272
295 262
344 255
385 260
426 269
458 286
493 283
531 279
560 278
591 303
619 289
650 298
675 295
703 313
722 311
748 311
38 252
97 260
149 265
199 254
251 273
291 263
331 287
373 279
409 288
445 279
483 295
513 282
547 306
573 298
604 291
632 297
654 306
679 303
705 310
726 304
40 258
94 269
139 274
193 259
231 276
275 279
315 289
358 286
390 292
428 296
457 301
491 298
523 301
551 309
578 308
604 302
631 301
654 313
677 320
699 321
40 266
91 284
140 267
186 271
227 282
267 286
309 289
345 292
382 288
411 308
443 301
475 303
505 315
533 303
560 315
584 307
611 310
632 317
658 320
679 316
36 275
89 267
133 285
177 286
218 289
257 292
292 289
328 300
363 291
395 303
423 309
453 312
482 315
511 303
534 315
561 308
585 323
609 312
634 314
651 324
39 275
82 297
127 289
168 294
207 285
243 298
281 290
313 293
346 307
377 313
407 320
435 312
464 305
490 321
515 323
542 312
565 324
587 324
610 329
630 323
35 289
82 281
124 295
160 298
195 305
232 313
270 306
300 303
335 310
361 312
392 315
422 316
445 323
474 320
499 314
520 319
546 328
569 331
590 330
611 330
37 295
81 288
117 301
156 306
192 301
228 299
258 310
293 312
320 319
352 308
379 313
408 316
430 317
458 316
484 318
505 322
527 329
551 338
572 327
591 335
39 291
78 298
111 310
147 310
183 315
218 313
252 309
278 325
310 323
340 321
366 322
392 319
418 318
442 323
465 329
487 333
514 327
533 329
552 327
575 336
44 306
81 308
120 302
154 307
188 320
220 309
248 319
280 313
307 323
333 324
359 322
385 332
411 333
436 326
457 325
479 341
501 335
524 329
544 338
563 340
47 302
84 304
119 306
148 317
182 328
210 321
241 331
270 325
296 326
324 328
349 329
373 332
400 328
422 341
442 339
468 329
488 334
508 332
526 344
546 341
42 315
78 322
108 323
142 325
173 323
205 324
232 318
260 327
286 329
315 326
337 334
363 326
387 331
410 336
432 333
454 335
473 340
494 341
514 346
531 343
43 319
76 316
111 322
143 316
168 330
197 331
228 337
255 323
281 332
306 337
329 334
356 329
375 341
400 331
423 335
442 341
462 338
481 343
499 348
519 339
50 322
82 316
112 330
144 327
169 333
197 338
225 324
251 329
276 327
302 336
326 337
348 342
371 336
394 334
412 339
435 339
453 346
474 349
491 346
510 347
47 325
80 331
111 324
139 323
166 335
195 333
220 337
245 329
271 344
296 335
318 340
342 343
361 338
381 350
403 344
425 339
443 340
463 347
481 348
498 349
48 333
76 330
108 339
137 326
162 336
189 343
214 333
240 331
264 340
285 334
307 349
332 343
352 351
373 341
394 349
413 343
433 351
453 345
470 350
488 347
49 336
76 335
105 334
134 336
159 337
184 334
213 333
235 342
257 345
280 343
304 340
323 345
346 343
365 344
384 344
405 350
424 353
442 352
459 353
475 358
51 327
78 332
106 341
132 338
156 333
180 344
204 349
227 346
253 341
274 346
296 346
316 347
337 354
357 349
376 350
396 347
412 352
431 353
448 348
465 360
47 337
74 334
100 343
128 334
151 335
174 343
200 345
222 339
243 346
265 350
287 344
310 343
328 350
347 354
366 346
385 355
403 350
422 357
438 358
456 357
46 346
74 341
97 345
125 346
148 345
170 346
193 346
216 341
238 350
260 349
280 350
299 351
321 355
341 347
357 356
376 354
394 352
412 350
427 356
445 357
46 335
75 336
98 344
121 338
146 346
170 347
189 348
213 343
235 350
255 351
274 358
294 355
314 353
333 357
352 355
369 356
386 359
404 357
422 359
438 355
49 344
76 345
100 352
124 347
145 348
170 351
192 344
211 351
233 352
254 347
274 353
292 348
311 355
330 356
346 356
365 352
382 355
398 358
413 359
431 360
48 343
72 347
95 344
119 349
140 350
161 354
183 348
206 346
224 356
244 357
264 349
285 355
301 362
321 359
338 358
355 355
373 359
388 362
405 355
421 356
52 348
77 349
98 350
123 345
143 357
164 358
186 353
206 354
225 358
245 350
264 351
284 357
302 352
318 355
335 362
353 360
370 355
385 364
401 363
417 367
50 353
74 356
95 351
118 358
141 354
162 354
180 349
201 361
222 356
240 357
258 355
278 358
294 354
313 354
330 355
345 358
363 357
378 362
392 363
408 365
47 345
71 352
94 350
115 359
135 354
157 358
177 356
196 351
215 360
234 355
252 360
271 361
288 360
305 358
321 356
338 362
354 364
369 358
386 364
401 364
