118 46
327 41
520 1
753 28
939 16
50 194
217 192
394 163
543 216
726 147
884 197
120 272
254 327
385 290
531 329
656 253
809 327
938 313
78 374
212 359
315 352
435 359
553 366
675 389
783 323
894 324
1000 335
26 404
120 405
212 432
327 401
417 411
516 404
627 404
730 401
841 431
926 387
1014 389
81 413
163 447
257 428
340 425
431 429
529 438
619 438
698 440
793 441
882 413
961 413
45 459
117 470
202 456
284 472
361 472
448 471
522 447
597 473
686 482
757 447
838 471
918 471
1009 496
15 474
90 497
155 498
230 507
304 497
373 509
444 485
514 475
591 497
661 496
729 497
806 487
873 498
954 497
1013 484
6 505
58 514
140 495
204 495
261 516
331 495
395 514
463 502
533 494
598 496
663 514
730 515
798 536
868 524
933 514
989 503
26 532
86 537
147 531
209 532
272 542
332 513
394 532
450 541
517 531
577 532
635 533
695 513
761 537
819 520
875 514
939 520
1001 533
19 546
74 551
129 547
190 546
247 537
306 545
358 546
412 546
475 546
530 529
587 536
641 546
701 552
762 564
811 555
868 547
926 547
974 529
49 541
96 557
148 558
205 558
253 557
314 550
362 541
473 557
521 558
574 542
632 547
682 557
738 548
785 547
836 541
951 549
1005 566
24 553
73 569
122 561
177 554
219 569
323 559
372 568
418 569
467 569
517 569
566 559
667 569
721 569
766 569
820 569
864 559
911 554
965 569
1012 553
245 570
614 570
841 564
891 572
934 564
983 572
602 572
738 572
780 572
954 573
