56 22
243 28
409 31
762 42
23 80
150 108
291 116
418 78
554 140
696 102
0 125
99 165
212 175
314 163
436 144
536 129
647 129
753 155
33 192
140 167
215 190
308 164
410 191
504 191
597 191
681 206
774 193
16 222
96 217
177 225
259 216
344 204
425 219
499 193
586 216
655 217
742 193
77 226
148 217
213 241
279 216
358 227
429 235
492 226
565 248
641 246
711 237
776 226
51 236
105 254
167 253
234 254
296 234
355 253
420 254
477 252
545 252
606 252
661 236
733 253
9 275
63 284
122 284
174 283
231 268
290 268
344 260
398 251
452 257
511 276
568 259
623 276
680 276
733 285
789 284
1 278
55 263
102 281
149 293
204 270
253 278
305 286
354 278
406 278
454 286
509 278
555 269
609 285
658 278
707 286
764 277
42 287
89 287
131 287
180 294
223 287
274 279
318 287
366 287
410 287
457 294
506 294
552 290
591 294
638 291
690 287
729 274
782 287
13 297
55 294
105 288
143 295
187 282
226 282
268 300
314 301
356 281
398 301
443 282
481 294
525 287
568 282
611 281
653 301
695 294
738 282
783 297
9 300
47 300
92 288
133 301
168 306
213 288
250 300
290 312
327 300
371 306
411 300
449 302
486 300
527 300
565 303
611 306
648 306
688 312
726 313
765 300
1 306
43 295
74 294
114 305
153 300
187 311
223 299
260 317
299 294
335 317
373 305
413 300
448 306
485 295
522 308
559 305
599 306
633 305
668 295
706 299
747 309
783 295
15 321
51 311
84 311
120 304
158 300
190 300
224 321
259 300
296 321
330 314
365 304
397 304
432 310
470 311
502 311
540 310
576 312
608 304
639 300
677 311
709 300
749 313
781 316
7 315
42 318
71 320
108 320
139 320
173 320
207 305
239 315
270 309
301 325
334 315
371 315
399 309
436 305
467 325
501 305
532 305
565 305
600 320
627 305
662 315
696 320
728 320
760 320
1 319
32 318
63 318
95 319
125 319
153 323
186 313
219 319
248 318
280 323
311 318
341 309
373 323
402 319
432 319
465 313
496 322
526 328
555 323
589 319
619 314
649 323
681 319
708 309
743 323
774 309
21 313
49 322
81 317
108 326
137 322
168 324
196 317
224 322
252 331
282 322
312 324
340 322
371 331
401 331
428 322
459 313
488 313
515 326
547 322
573 313
605 317
631 313
662 313
690 322
718 313
748 313
778 318
19 326
48 317
75 325
104 317
131 317
158 326
185 321
214 330
239 327
268 326
295 320
324 320
351 334
377 330
406 330
431 320
460 327
489 328
514 325
542 321
569 317
598 325
628 330
652 317
681 321
711 325
734 325
763 326
14 328
39 328
67 328
92 336
118 328
147 323
171 323
196 328
222 328
249 320
276 323
301 328
327 328
354 328
380 328
405 332
433 328
460 324
485 328
512 336
538 328
564 336
590 320
617 331
642 331
668 330
694 323
721 331
749 328
22 326
47 331
71 331
99 326
122 323
147 338
172 331
197 331
223 323
245 338
273 334
297 323
322 338
349 323
370 323
396 327
421 334
447 326
471 326
496 331
523 335
547 323
573 326
597 331
621 332
647 323
671 326
695 333
723 334
22 333
43 333
69 333
93 333
116 333
140 333
165 333
187 333
213 333
238 333
259 333
284 336
308 333
332 333
357 333
381 333
403 333
429 328
453 333
476 333
501 333
525 333
549 333
574 333
595 333
620 333
643 325
668 333
694 333
719 336
35 335
59 330
80 328
104 342
127 335
150 342
172 331
197 327
220 328
242 327
265 335
287 338
312 342
333 330
359 330
381 335
404 338
425 335
449 338
472 342
497 331
518 328
544 335
565 334
589 331
611 327
637 334
659 336
680 327
704 342
43 343
66 333
88 336
112 338
132 336
155 336
179 336
201 336
222 333
243 343
269 330
288 338
310 340
334 336
357 336
379 333
400 340
421 330
445 336
467 336
489 336
511 336
535 343
556 332
579 340
599 336
623 336
644 336
665 330
689 332
59 331
80 331
101 331
123 332
142 338
163 345
187 338
206 332
229 341
249 338
271 331
291 338
313 331
336 335
358 331
379 340
401 341
421 340
442 331
464 334
485 334
506 332
529 341
549 338
573 340
593 341
616 338
637 341
657 344
679 341
69 333
88 340
109 340
130 334
148 343
170 340
191 333
213 340
233 340
254 334
273 334
295 340
314 340
336 340
356 337
377 343
396 336
417 336
439 336
458 337
479 343
500 340
521 340
541 340
561 341
581 340
601 337
625 343
644 334
663 340
80 343
99 341
121 335
142 336
160 338
179 342
198 345
219 335
239 341
260 343
277 344
298 335
318 344
338 345
357 341
377 343
397 344
416 341
438 341
456 341
476 335
497 336
516 343
534 336
554 338
573 342
594 341
615 342
635 345
654 338
98 337
117 343
136 343
155 343
174 343
191 337
212 343
230 340
249 343
269 349
288 339
308 349
327 343
345 343
365 340
384 343
404 346
423 340
442 343
460 343
479 343
499 346
518 344
537 349
556 346
575 343
592 343
613 339
633 337
651 339
109 344
127 347
144 346
162 344
183 347
201 345
220 341
238 341
257 344
275 344
293 344
311 339
328 347
349 341
365 344
384 339
402 344
422 339
440 344
460 345
477 341
497 347
513 347
532 350
551 341
570 344
586 345
606 341
626 344
644 347
116 348
136 346
153 346
170 343
189 342
205 340
224 340
240 346
259 346
277 346
296 347
311 346
330 340
348 343
365 346
383 346
402 346
419 348
437 346
455 342
473 343
489 346
508 346
524 346
544 346
562 346
580 348
595 346
616 348
631 346
125 341
142 344
158 342
175 347
194 348
211 341
227 347
245 342
262 341
278 347
297 347
315 343
332 348
347 341
364 344
383 348
400 348
416 349
433 344
451 352
468 348
486 348
503 344
519 342
538 348
554 341
572 349
589 347
607 347
623 341
134 343
149 343
166 343
184 349
199 343
217 349
232 348
250 345
267 350
283 348
301 348
318 343
333 348
350 343
366 348
384 353
400 343
417 348
433 348
451 348
466 348
484 353
501 348
516 350
533 345
549 343
568 348
582 343
601 348
616 343
141 344
155 349
173 346
190 346
205 350
220 351
238 346
254 351
270 350
287 344
303 349
318 349
335 344
351 344
367 349
383 344
398 346
416 351
433 346
447 349
465 344
481 344
496 346
512 349
528 346
545 349
562 349
578 344
595 349
610 346
151 350
165 352
181 351
198 350
212 351
230 347
245 355
261 350
276 345
292 355
307 347
323 345
339 345
354 351
370 345
386 350
402 352
418 350
434 352
449 352
465 350
480 347
497 355
512 355
529 351
544 347
561 347
575 350
591 350
609 352
154 351
168 351
184 351
200 346
214 355
231 348
245 351
260 352
275 348
292 346
307 351
323 351
336 346
353 348
367 346
383 346
398 351
413 353
429 348
445 355
460 346
475 353
491 351
506 352
520 351
535 348
551 348
567 351
582 352
597 351
163 352
176 347
192 347
207 351
222 347
237 352
251 349
267 347
281 352
296 351
310 356
326 347
342 354
356 351
370 352
386 356
401 352
416 349
430 349
444 354
459 349
475 352
490 351
505 351
520 352
535 351
550 354
564 351
580 354
594 351
