71 25
239 31
30 49
167 47
307 45
423 51
571 77
691 79
833 82
968 79
95 186
209 171
326 167
449 164
560 128
668 161
782 132
887 142
998 160
52 205
148 209
249 211
354 208
447 223
556 216
641 197
755 207
850 182
936 184
94 243
173 259
266 260
349 259
433 266
524 251
609 230
696 244
775 279
858 242
952 253
70 265
151 267
224 273
295 284
378 274
461 265
529 275
607 263
683 297
764 285
842 287
924 285
1008 307
34 326
95 335
172 314
237 313
307 304
382 316
452 320
513 296
588 314
652 304
722 315
801 318
865 303
931 321
1010 314
16 337
87 339
148 320
211 337
273 348
335 338
399 338
466 326
522 348
593 319
652 339
719 338
781 337
843 338
902 338
965 320
55 367
111 358
165 375
227 363
284 348
342 348
403 374
457 357
518 375
573 340
634 374
690 367
744 357
801 340
860 349
917 362
975 341
45 372
101 389
153 373
210 357
262 375
311 381
372 374
420 372
475 374
529 378
585 389
638 357
689 357
737 363
794 356
845 364
903 373
955 381
1006 366
18 401
68 385
119 378
162 400
219 386
271 386
317 386
365 401
420 385
464 390
513 386
567 386
618 385
670 400
715 378
761 378
809 379
867 401
915 389
959 371
1012 394
3 397
51 397
94 397
141 411
189 412
235 398
285 383
329 401
378 391
421 389
468 391
519 397
566 397
607 397
657 398
705 383
746 383
800 412
841 397
887 398
939 404
981 397
37 408
82 409
127 396
167 395
212 408
254 401
296 408
341 400
387 409
428 408
476 408
517 395
557 409
605 414
646 395
688 408
732 408
780 421
825 415
864 409
907 422
948 396
991 395
24 418
62 410
108 411
143 418
187 418
226 405
271 418
308 418
352 424
393 418
432 425
472 411
512 405
556 418
596 418
634 418
679 412
717 418
762 418
798 411
840 430
884 418
926 430
963 418
1002 418
17 418
54 429
91 428
129 431
175 425
213 419
245 425
291 413
329 414
364 425
404 413
442 425
482 418
524 413
562 414
600 425
638 425
677 437
719 431
757 425
792 418
833 413
869 413
910 419
947 425
989 428
34 432
72 433
110 433
144 421
180 421
218 432
254 435
291 432
328 432
367 438
402 421
440 433
474 438
514 432
550 433
585 433
622 421
661 436
697 426
732 422
769 425
806 433
842 425
881 421
918 438
953 433
991 438
31 433
69 433
101 432
133 439
172 439
206 439
241 442
274 439
312 439
347 433
384 439
416 439
449 439
488 439
522 429
558 433
591 439
628 442
664 449
696 444
732 439
767 439
799 429
836 439
871 439
910 441
942 434
979 439
12 450
47 450
82 438
113 438
146 454
185 439
217 434
249 444
281 444
317 444
348 444
385 439
416 434
450 454
487 444
517 444
551 434
587 438
618 444
654 439
684 438
717 434
755 454
789 439
821 449
853 444
885 439
922 438
956 444
2 460
36 440
69 450
97 455
135 450
163 455
195 440
228 450
259 445
294 440
322 450
356 455
389 444
421 450
451 450
482 450
514 450
546 444
579 460
611 450
646 450
675 450
710 450
739 444
770 440
803 450
836 440
868 455
897 440
931 444
30 455
59 446
89 460
116 460
147 455
179 460
209 464
240 460
272 455
301 460
335 449
363 455
393 455
426 455
454 455
485 455
516 455
549 455
578 449
610 464
640 455
671 457
701 459
728 446
761 451
790 446
822 450
851 446
885 465
914 455
44 459
70 468
101 459
128 459
156 468
187 459
219 459
246 461
276 464
309 459
336 459
365 459
395 462
423 459
455 454
484 459
514 464
544 459
571 450
602 463
630 461
662 450
691 450
720 454
750 459
780 459
807 450
836 464
866 450
895 450
64 463
93 467
125 455
151 463
179 454
209 458
236 458
263 463
292 463
319 467
351 463
378 463
405 467
436 463
461 467
491 458
518 459
549 472
575 454
603 463
634 463
664 463
689 454
721 472
749 472
777 472
802 463
833 463
861 463
890 467
79 459
105 467
130 467
162 463
184 471
213 467
242 467
268 471
299 459
323 462
352 463
377 459
404 467
431 471
458 475
488 467
513 467
543 467
569 463
596 463
622 458
650 463
679 467
704 459
731 459
760 469
788 471
814 459
844 469
872 467
95 479
123 475
152 463
176 471
202 463
229 471
255 471
281 473
305 471
332 479
359 466
387 471
412 471
438 471
467 463
491 463
518 471
545 471
568 475
598 475
621 479
648 475
676 475
701 475
729 479
753 471
780 463
807 471
831 471
859 479
107 474
136 466
161 474
185 466
211 474
237 474
262 478
285 478
313 474
339 474
363 466
389 478
413 482
440 476
464 474
488 476
513 466
539 482
565 466
590 474
614 466
640 475
668 474
693 482
719 474
744 474
769 470
792 474
821 474
845 474
120 473
147 473
168 484
197 472
221 472
244 484
269 472
293 477
320 469
342 479
366 481
391 484
416 469
440 481
467 484
489 477
516 480
538 481
566 477
590 479
612 477
636 469
661 472
688 469
713 477
738 479
760 469
787 481
809 478
836 473
130 487
156 473
178 480
201 482
226 480
248 480
274 483
296 472
322 480
345 480
371 480
392 472
417 484
440 472
466 472
487 483
512 472
536 475
560 482
584 480
608 480
629 480
654 480
679 483
701 487
725 480
751 484
773 480
798 475
822 475
145 483
170 485
191 490
213 483
236 484
260 476
282 483
307 483
330 483
353 475
376 483
398 485
423 485
445 483
468 490
492 475
512 486
536 482
561 482
581 482
605 482
629 483
652 483
675 475
698 486
719 486
744 482
764 475
787 478
811 483
156 487
179 485
198 487
221 479
245 488
267 488
291 479
310 485
334 485
357 481
378 485
398 485
423 482
443 485
466 492
489 481
512 481
532 478
556 478
578 481
600 485
622 485
645 485
667 479
686 479
710 478
733 485
756 481
777 485
797 479
171 491
194 488
215 488
238 481
259 489
282 484
301 488
324 491
345 481
368 491
389 484
411 488
431 488
451 495
473 489
497 488
517 484
538 494
561 481
583 495
603 481
627 490
647 488
668 490
688 481
710 481
733 488
755 491
775 490
797 481
180 491
203 490
225 490
244 490
266 486
287 486
308 484
328 497
349 496
371 490
389 493
411 490
433 487
453 484
476 490
494 496
516 486
536 487
559 484
579 484
601 484
621 484
641 496
664 490
683 490
705 493
726 490
748 497
767 492
787 492
191 492
214 489
235 486
256 489
272 492
296 486
315 492
336 492
354 495
375 492
396 489
416 486
436 486
456 492
477 486
497 492
516 492
536 495
559 492
580 489
598 492
619 494
639 492
660 492
680 492
699 486
720 494
741 494
761 494
780 486
200 501
222 488
240 488
259 495
280 496
299 495
318 495
338 501
359 488
379 488
398 489
417 501
437 494
457 498
477 496
496 496
518 494
536 494
556 494
576 496
593 488
614 501
633 494
653 488
673 497
693 495
714 496
733 494
754 496
773 494
206 500
226 500
245 503
265 493
283 496
301 503
322 497
342 493
360 497
377 497
397 497
416 499
434 499
454 496
473 496
492 503
512 497
530 491
551 500
569 494
589 496
610 499
628 499
648 499
665 491
685 493
704 497
723 498
743 498
761 491
212 499
232 495
252 495
269 498
290 499
307 495
326 499
345 504
364 493
382 501
400 504
420 500
436 495
455 495
473 498
492 498
511 501
531 493
550 500
567 501
587 498
603 493
623 501
642 504
662 498
680 495
697 501
718 501
735 500
754 501
227 506
245 497
261 502
282 500
299 502
318 495
336 497
352 500
371 500
390 497
408 501
426 495
445 503
462 495
480 500
498 500
516 497
535 500
552 502
572 500
589 495
607 495
624 500
644 495
660 495
679 500
699 501
716 495
735 506
752 500
231 502
249 505
267 496
284 496
301 505
318 502
336 499
354 505
372 505
390 502
407 503
426 502
444 496
459 502
479 499
497 503
512 507
532 496
550 507
566 505
585 504
601 502
620 502
636 502
655 502
673 496
689 496
707 502
726 502
742 496
235 506
252 498
270 500
287 506
303 503
321 504
339 503
354 503
372 506
389 503
407 509
425 498
441 503
460 506
477 503
493 506
512 498
530 498
545 503
562 500
581 503
597 500
615 500
632 506
650 509
667 506
685 500
702 503
719 500
734 503
