106 17
21 128
113 118
202 99
321 89
440 74
564 32
714 39
25 180
105 190
181 195
283 156
371 146
480 156
597 162
713 139
38 252
95 253
159 243
238 225
308 209
393 252
478 207
575 216
689 215
36 277
96 287
151 283
209 302
274 278
343 275
421 275
501 291
585 276
673 284
760 254
4 328
50 318
97 306
145 297
197 322
253 292
310 328
377 307
439 285
507 310
578 279
662 276
742 299
7 326
51 325
89 348
138 339
184 354
228 345
281 318
337 334
390 352
449 332
518 340
576 333
651 328
727 330
0 345
40 359
74 358
121 343
160 373
201 372
250 356
293 346
341 355
393 338
451 345
509 371
566 352
630 355
694 351
759 354
10 361
48 374
77 378
121 374
160 373
194 387
237 377
278 373
322 373
371 380
416 372
471 372
522 356
578 355
636 371
696 389
753 360
16 399
50 399
83 387
121 381
151 387
189 387
224 379
265 374
302 394
347 373
386 394
433 390
479 388
527 403
581 373
636 404
681 378
742 388
16 397
41 398
77 386
101 410
138 398
167 387
201 405
234 399
273 405
312 406
349 400
390 407
432 400
473 414
517 393
561 394
608 393
660 393
718 410
771 411
16 407
43 417
74 402
97 419
131 397
159 420
189 412
224 402
259 402
292 398
329 423
363 399
403 414
442 404
477 412
524 426
564 417
609 406
659 419
707 422
755 420
24 414
50 415
73 417
102 406
131 411
159 410
185 417
216 418
246 407
278 424
309 408
341 420
379 420
415 427
448 427
488 422
526 423
570 428
607 417
653 417
698 429
739 418
791 428
9 426
32 422
59 413
83 417
106 433
133 418
160 424
186 419
216 415
240 416
271 426
303 427
332 438
362 418
396 434
433 423
467 419
504 437
537 432
579 433
614 427
659 441
700 423
741 430
788 437
11 428
33 433
56 423
81 425
105 424
125 430
152 431
177 427
204 432
232 423
257 443
284 444
319 435
349 425
376 436
410 440
441 431
471 438
507 445
543 434
615 431
653 431
735 445
12 435
29 438
52 438
75 437
100 435
123 438
145 439
170 428
193 442
244 439
270 445
294 443
327 432
352 442
381 437
412 444
441 435
606 438
641 439
755 442
17 438
39 442
56 443
78 432
100 436
120 445
144 445
167 434
211 435
261 440
310 437
339 442
539 443
2 442
20 435
39 436
59 444
80 437
97 445
117 438
138 441
183 439
226 441
78 441
158 444
