122 32
265 81
382 89
539 44
680 29
810 81
951 68
58 153
175 148
301 139
419 115
532 131
656 133
771 102
898 138
17 166
121 164
220 194
318 205
422 199
517 220
621 192
731 205
827 175
942 188
2 208
84 247
183 242
272 220
355 232
456 261
550 234
640 232
721 209
820 261
911 232
995 211
40 281
126 247
194 282
280 274
363 267
442 269
522 269
607 279
684 269
769 268
850 269
923 255
1010 243
8 299
79 297
157 300
231 279
298 299
367 302
444 299
522 279
594 279
666 277
741 310
802 279
881 301
954 279
50 345
115 332
183 326
246 336
308 330
379 344
447 325
510 306
572 336
642 330
704 344
771 333
842 325
910 335
969 334
42 344
100 327
160 353
226 337
281 354
341 345
403 344
464 345
520 344
587 327
641 362
703 346
764 345
822 354
886 344
943 345
1010 362
26 344
91 346
141 362
196 361
253 346
307 345
363 361
421 361
476 379
530 366
586 353
642 346
692 362
752 345
808 378
865 361
915 362
972 346
9 369
62 380
112 377
165 368
216 377
266 392
321 377
366 376
425 377
472 380
527 391
577 377
624 369
677 368
732 369
778 362
834 384
883 361
935 376
28 392
80 374
121 396
167 388
216 390
272 374
315 392
360 392
408 387
463 381
510 403
553 392
602 402
655 388
700 373
749 379
802 387
848 402
892 388
18 399
67 386
113 399
157 406
204 386
249 392
292 386
340 400
384 404
429 413
473 399
519 386
562 386
609 400
651 399
694 386
743 400
791 405
838 412
878 402
51 400
90 408
136 395
176 411
219 401
259 407
307 420
350 414
390 414
432 408
479 408
520 401
563 395
605 395
645 407
690 401
734 414
772 395
819 408
864 408
74 410
114 417
150 417
196 417
235 417
272 409
311 417
354 429
395 410
436 409
477 423
514 423
553 419
598 423
639 417
679 417
716 423
759 417
794 410
834 405
97 418
134 425
172 436
206 424
249 436
285 424
323 436
362 413
401 413
441 413
476 427
515 418
552 430
591 413
626 413
667 413
706 425
743 418
777 413
819 425
107 431
150 420
184 442
222 425
253 442
293 442
328 442
365 420
401 431
437 420
476 426
509 431
545 442
583 431
621 420
656 431
691 442
732 442
766 436
802 431
130 442
170 437
201 448
237 437
272 437
306 427
341 431
373 437
410 448
444 437
479 437
515 448
547 437
580 427
617 439
651 437
688 437
721 440
752 427
794 442
142 442
175 442
209 437
244 442
276 437
307 443
341 437
377 433
410 436
440 446
474 442
506 442
542 437
577 442
610 436
643 452
671 436
708 442
739 442
772 448
160 447
192 447
222 448
254 452
290 438
319 438
351 448
381 438
417 441
446 443
479 442
509 448
539 451
572 457
603 448
637 448
670 447
702 447
733 438
763 443
175 452
202 462
237 443
264 452
296 452
328 443
355 452
386 443
416 443
449 452
477 452
508 452
540 443
568 461
599 447
630 452
661 452
693 462
722 447
753 452
191 452
220 457
249 457
275 457
306 466
337 457
365 448
391 460
423 457
450 457
480 448
510 457
538 452
569 457
595 452
627 452
655 448
685 448
712 452
743 452
200 464
233 453
258 453
287 466
316 461
341 466
370 456
397 466
427 461
454 453
481 469
512 461
538 461
565 465
596 461
622 461
650 465
678 461
707 461
733 452
213 465
237 473
265 465
292 461
321 456
345 465
374 465
402 469
428 473
453 467
480 473
507 469
535 461
564 465
590 473
615 467
644 465
671 473
697 465
722 456
231 472
255 472
283 472
309 468
336 464
361 460
385 468
412 472
438 468
466 468
491 468
517 476
544 472
568 464
595 460
622 468
648 463
674 468
701 468
725 468
239 467
265 471
291 471
315 471
340 471
364 471
392 471
415 479
443 467
467 463
492 471
518 471
543 463
567 463
591 463
619 471
641 464
668 471
693 467
717 479
244 470
268 467
291 469
315 474
340 469
365 466
389 470
412 474
438 478
462 474
485 470
511 476
536 467
559 469
582 467
606 466
633 466
657 470
683 481
704 467
256 477
278 477
302 479
326 477
350 470
374 477
399 484
420 477
443 473
468 479
493 479
514 479
538 470
564 470
587 477
611 477
633 473
656 473
682 478
705 478
265 476
285 476
309 480
332 473
353 476
376 480
399 480
423 480
446 476
468 480
489 480
513 476
537 476
558 480
583 476
603 480
627 480
649 482
673 480
696 480
271 482
294 482
318 476
339 482
360 483
384 482
405 476
427 478
451 478
470 476
494 483
515 486
536 476
558 478
583 486
602 482
627 482
646 483
669 478
691 482
272 485
293 485
314 478
337 482
359 485
380 481
402 485
421 488
444 487
463 485
488 485
509 485
528 485
551 481
572 482
593 481
613 485
637 485
656 481
680 485
281 480
300 483
323 484
343 480
363 487
385 487
406 489
426 487
447 483
467 480
491 490
511 487
531 493
552 490
572 489
592 480
616 487
635 483
656 483
677 483
290 490
307 489
328 490
349 483
370 486
388 491
409 490
431 492
452 489
471 489
493 489
513 492
531 492
552 482
573 485
593 492
612 482
635 490
655 485
675 489
296 491
318 485
334 494
356 491
376 491
395 491
415 485
436 491
453 491
473 491
493 485
515 485
533 485
554 494
573 487
594 487
612 491
634 494
652 485
672 491
297 493
316 493
335 489
353 496
372 493
392 487
412 487
430 499
449 493
468 489
488 493
508 493
527 493
546 496
566 496
584 496
603 493
622 493
641 487
661 490
302 497
324 489
341 495
361 489
379 498
396 489
417 491
435 495
453 495
473 500
491 496
510 494
529 489
548 500
565 496
584 489
602 496
621 498
641 496
659 489
312 499
329 496
348 496
367 493
384 496
404 497
422 496
439 493
457 496
475 491
493 499
513 493
532 496
549 497
568 498
585 497
605 493
621 493
641 493
658 491
316 501
336 493
354 493
372 493
388 504
406 501
425 493
441 498
459 493
479 493
495 493
514 493
531 501
547 493
567 498
585 501
602 499
619 495
638 501
655 495
