82 43
18 180
86 132
178 96
264 106
374 119
537 57
12 238
77 223
135 209
204 201
288 176
369 154
482 86
617 71
801 90
1000 20
18 292
56 272
106 265
163 230
223 234
284 220
358 208
448 191
552 177
658 157
798 131
970 53
22 293
52 276
93 282
137 255
186 268
233 238
288 256
356 217
428 204
510 222
594 208
706 224
812 140
950 114
27 315
54 298
85 284
127 298
159 296
208 277
243 287
298 286
351 245
418 260
487 252
555 219
635 247
734 220
846 204
958 191
32 329
53 328
83 318
118 319
152 301
182 315
230 286
265 307
304 293
354 269
410 263
469 276
534 291
593 249
673 265
761 243
850 247
964 221
86 332
118 313
143 331
178 322
208 326
242 315
277 318
321 307
366 312
410 287
456 293
509 269
575 303
636 257
710 269
785 263
865 230
959 230
130 335
165 319
191 330
221 313
251 338
284 307
318 318
363 323
405 311
444 308
491 312
543 299
599 275
666 289
727 288
794 266
872 248
962 267
180 345
203 340
231 334
264 324
297 334
328 334
363 316
398 328
437 325
485 315
526 301
578 306
632 303
681 298
749 293
817 289
884 283
962 282
217 331
243 341
272 339
305 339
331 347
362 338
400 317
437 327
475 324
515 328
559 309
607 299
660 295
708 307
770 308
830 280
895 293
967 288
244 348
270 355
295 343
328 341
356 326
387 337
421 338
458 332
492 330
530 326
572 331
619 321
664 311
711 299
768 295
825 307
891 302
951 290
275 349
298 347
326 346
354 350
380 342
414 333
450 326
480 336
519 340
556 331
596 335
639 312
683 310
728 328
784 302
836 321
891 301
951 296
296 362
322 340
347 343
373 348
401 349
432 344
463 345
495 340
530 338
570 339
604 334
644 318
685 329
732 327
777 324
830 306
889 317
943 329
1006 300
323 355
352 347
374 355
405 351
430 359
460 347
488 351
521 346
556 330
591 346
628 332
668 336
711 333
748 318
797 335
845 317
902 330
950 311
1007 309
350 357
373 346
397 345
422 344
452 352
477 340
509 338
536 347
573 345
606 349
642 330
679 346
715 326
757 323
806 333
847 323
899 331
949 332
1007 329
370 368
393 358
417 352
445 350
471 345
499 355
528 342
557 350
590 349
622 347
656 339
688 337
731 345
764 346
811 338
854 348
898 340
950 331
998 342
396 353
419 361
447 355
469 353
493 357
520 358
550 355
578 344
609 362
644 350
677 349
707 341
744 345
781 349
825 330
865 340
908 350
955 323
1008 326
417 355
439 357
461 366
487 360
510 359
539 363
565 352
593 350
622 345
654 353
687 352
719 360
751 342
791 352
831 345
870 347
910 330
953 333
1004 330
431 369
456 372
480 355
503 371
526 364
550 360
579 359
607 367
634 351
667 360
697 349
726 347
763 351
797 339
837 359
874 346
913 338
958 349
1003 341
445 371
469 366
492 370
513 359
538 368
564 362
588 356
616 363
643 350
671 353
704 359
732 356
768 354
798 347
838 361
874 350
911 349
953 341
996 345
461 364
484 363
506 359
527 370
548 369
575 364
601 363
627 354
652 353
681 360
708 350
739 349
771 347
803 357
837 354
876 347
914 361
953 350
993 348
477 370
498 373
518 361
539 360
564 367
588 368
612 369
639 368
663 363
690 365
718 366
747 360
777 354
812 358
842 347
878 358
915 359
947 343
988 346
491 368
512 364
534 378
554 377
579 364
601 376
625 359
649 366
674 365
700 364
730 355
757 362
785 353
817 362
850 354
884 361
920 359
952 346
990 356
502 366
525 373
545 372
566 371
586 366
610 372
632 370
657 360
681 367
710 370
735 367
761 356
791 363
820 371
849 361
883 355
916 359
951 367
984 359
522 376
541 367
564 376
585 379
606 379
626 366
651 374
674 369
700 371
723 372
749 359
779 358
804 365
836 364
866 363
897 362
929 370
959 355
997 368
530 376
551 372
570 378
593 367
612 373
633 376
656 372
681 364
704 371
727 369
753 361
780 368
805 367
833 366
865 367
892 360
924 363
955 362
990 352
544 370
561 372
582 375
600 371
620 370
642 369
663 369
688 372
711 375
735 371
759 370
786 362
811 368
837 368
865 367
896 366
926 369
959 364
988 371
552 381
571 371
591 378
609 376
629 375
650 375
674 377
694 373
716 373
741 372
764 371
789 370
815 377
841 377
868 364
896 360
927 370
955 361
990 369
559 373
576 372
596 378
615 380
634 370
655 377
675 372
699 377
720 368
741 375
766 376
791 365
813 372
842 374
866 370
895 365
921 372
952 375
981 367
1011 366
569 374
589 376
606 379
626 378
645 378
666 377
685 380
704 370
727 377
747 368
772 374
796 367
821 366
845 368
870 373
896 366
924 366
951 369
980 369
1013 367
581 384
597 377
617 380
633 382
654 376
672 372
692 378
713 380
734 370
757 370
778 369
802 371
825 374
850 370
872 366
901 379
929 375
952 363
984 377
1012 373
592 382
610 378
629 381
646 377
664 380
686 385
703 382
723 378
745 378
766 377
787 377
810 376
832 369
856 375
881 377
907 369
932 373
959 365
988 371
599 384
615 383
632 379
652 378
668 381
687 380
708 374
729 385
748 382
767 378
788 378
812 384
834 373
854 376
878 372
904 368
928 378
955 374
981 366
1006 372
605 384
623 383
638 383
656 382
673 382
694 384
712 383
731 381
752 386
770 379
793 385
812 378
835 374
855 377
879 377
902 370
926 369
951 375
976 370
1003 370
618 379
632 379
650 383
667 388
683 385
703 382
721 383
738 376
757 375
778 380
799 386
819 379
840 379
862 375
887 371
910 377
933 383
958 369
983 382
1009 376
625 385
642 385
658 387
674 379
691 384
711 383
728 383
747 379
765 378
784 384
805 381
824 375
845 383
867 381
888 385
910 378
935 378
957 377
983 383
1007 372
631 386
649 385
663 385
680 382
696 379
714 384
734 381
750 383
769 384
788 377
807 379
827 378
846 375
868 380
890 374
912 379
935 385
958 372
980 378
1004 371
638 382
656 387
671 383
688 388
705 388
720 387
739 385
756 389
775 384
793 380
812 377
829 377
850 382
871 376
892 384
913 378
936 380
959 385
983 375
1007 375
