543 46
696 56
824 84
939 114
52 70
220 83
381 73
507 141
624 148
747 165
846 202
943 171
81 169
214 186
346 164
450 211
573 216
672 231
766 239
850 268
935 237
7 212
119 209
229 239
334 246
438 287
540 244
613 283
707 267
789 284
863 320
934 318
991 303
51 281
151 251
255 291
340 297
428 281
506 326
593 347
665 327
733 349
806 350
868 349
930 366
993 361
70 295
155 326
243 324
327 332
410 328
489 355
555 359
627 358
683 363
748 369
809 363
863 360
924 374
977 387
10 310
94 339
165 355
247 352
327 359
395 344
465 368
531 355
593 377
651 373
711 387
764 393
816 380
868 384
919 406
981 426
19 368
107 353
173 356
249 374
313 379
387 368
449 390
505 382
567 399
618 393
677 406
726 401
774 414
826 421
872 412
912 409
971 443
47 360
107 392
179 393
257 375
314 415
374 411
438 388
490 398
547 412
603 416
656 425
702 424
750 432
801 433
842 434
887 436
927 444
62 378
120 400
187 394
248 409
309 429
366 409
425 420
473 440
532 442
578 438
627 417
675 426
719 446
762 427
805 436
847 455
894 449
31 419
86 430
156 401
212 413
267 408
328 427
372 446
430 449
479 437
530 446
574 426
624 459
664 454
712 456
753 456
790 455
829 451
868 446
39 407
88 426
148 430
202 448
253 435
313 423
359 442
409 435
453 433
501 450
544 466
589 469
629 464
672 460
715 462
753 456
790 466
825 455
8 418
67 421
108 453
166 457
218 445
272 433
324 436
368 452
410 462
461 471
498 460
544 462
588 470
623 458
662 468
704 470
739 472
778 480
814 475
21 446
75 449
122 458
171 454
220 470
271 452
313 460
356 476
400 472
441 479
482 462
526 458
564 473
600 475
637 483
675 479
710 469
746 482
777 484
24 455
68 460
126 447
168 463
216 451
259 473
300 475
346 483
384 473
426 474
466 476
504 478
545 480
583 481
616 483
650 484
685 487
716 481
751 495
44 467
94 466
146 456
190 459
227 472
270 487
312 469
355 466
393 469
429 470
468 472
503 491
543 486
574 488
607 490
645 491
675 492
708 487
740 485
4 484
51 476
100 478
144 477
182 479
229 469
267 475
304 484
343 486
381 481
416 482
456 479
490 492
523 498
556 484
587 496
618 498
650 493
682 490
712 491
31 467
74 485
111 489
155 473
195 491
233 488
273 478
311 490
349 481
380 488
414 501
451 496
485 498
517 504
548 494
577 492
612 503
640 499
670 499
700 497
37 481
78 494
116 489
153 490
195 492
230 497
266 485
306 491
340 503
372 505
405 500
438 512
472 506
502 506
533 505
564 506
596 512
622 514
650 510
680 511
51 498
91 484
128 496
167 487
201 489
236 510
271 495
306 492
339 504
370 505
403 506
435 502
465 499
497 500
526 511
554 511
582 508
609 514
637 506
663 516
64 493
96 500
136 506
171 502
207 504
238 495
273 500
306 507
336 499
370 509
400 513
430 506
460 513
488 516
518 515
544 515
572 512
599 517
629 518
653 519
75 509
108 505
143 506
179 497
213 509
245 509
275 511
309 514
341 513
371 514
400 518
426 520
454 517
483 522
513 523
541 519
566 529
594 521
617 514
642 518
82 499
110 510
145 516
173 521
211 513
241 517
274 506
302 520
333 508
358 518
392 510
419 520
444 529
473 522
501 522
527 523
553 524
575 525
601 517
628 535
84 518
118 505
151 515
182 511
213 512
240 518
271 511
302 520
328 524
356 531
386 525
411 524
438 520
465 525
489 530
518 531
541 530
567 528
587 525
615 530
100 512
128 518
162 519
191 520
222 521
246 531
278 525
305 526
334 533
361 517
385 526
413 523
439 530
465 529
490 529
514 522
539 539
561 527
586 532
609 533
105 522
134 523
166 532
191 533
222 525
250 518
276 528
305 519
331 529
356 537
384 530
409 534
435 527
458 534
483 533
506 529
531 538
551 530
576 528
598 529
108 525
139 526
166 519
194 523
221 533
250 530
272 530
299 539
327 536
352 532
377 528
399 533
425 534
448 535
471 528
496 536
516 537
539 530
563 545
584 539
112 533
143 529
168 532
198 523
223 531
250 532
274 537
298 541
323 534
350 530
375 528
397 533
421 533
444 541
467 538
489 543
512 539
533 540
553 536
577 541
117 532
145 536
171 535
198 526
222 538
249 528
274 532
299 536
324 537
347 539
370 538
392 540
415 541
438 540
461 542
481 543
505 543
524 542
544 543
567 546
118 534
148 535
171 536
200 529
223 537
248 531
270 538
295 532
319 532
340 536
364 542
385 545
407 542
429 549
452 546
472 543
493 551
515 551
536 552
554 546
128 537
151 538
178 531
200 546
224 541
249 540
271 548
295 541
320 543
343 539
363 543
385 540
408 544
429 551
450 545
472 542
490 546
513 543
531 541
552 541
140 533
163 541
189 534
211 535
232 546
256 536
279 537
303 544
324 551
346 538
366 549
388 546
409 547
429 547
449 554
470 548
491 555
509 552
528 556
548 550
136 546
159 543
183 543
204 548
226 548
250 549
273 548
295 546
316 543
336 550
356 548
378 555
399 552
420 549
438 550
459 550
477 547
497 557
516 545
536 546
146 538
170 538
191 539
212 548
234 547
257 554
276 549
298 544
322 542
341 549
362 550
382 557
401 547
421 551
439 545
459 552
478 559
496 553
514 559
533 557
145 549
168 547
189 548
214 542
232 552
256 549
277 550
296 544
315 550
335 551
357 555
376 552
396 553
415 556
435 553
453 554
471 554
490 548
508 549
524 549
153 549
173 549
196 553
216 557
238 551
257 554
278 553
298 552
318 549
337 547
357 547
375 555
395 548
414 555
432 549
452 549
469 559
487 556
504 557
520 557
153 547
173 551
194 558
216 554
236 547
256 554
276 547
294 557
313 554
335 555
352 555
371 555
389 556
407 556
426 560
445 560
461 554
480 558
497 558
513 561
158 546
178 559
200 553
219 554
240 554
261 549
278 556
296 550
315 556
334 559
354 551
372 554
391 557
407 558
425 558
442 553
460 559
477 554
494 559
510 563
