126 72
263 92
426 49
589 67
723 72
61 138
167 171
286 208
397 175
527 174
639 150
761 185
34 248
144 206
233 233
333 236
428 234
521 236
636 264
722 236
73 279
170 280
239 305
325 287
411 287
488 255
569 287
657 291
732 280
57 313
112 334
185 312
259 313
329 334
396 323
465 312
534 312
609 292
684 334
745 312
40 356
108 340
160 336
226 337
293 318
351 337
412 337
474 325
538 337
598 337
654 325
722 346
779 325
17 339
67 373
122 356
177 359
234 339
293 356
340 364
394 339
450 356
503 345
557 356
618 359
671 356
719 339
779 356
20 371
72 379
117 371
172 355
221 371
264 379
320 371
363 379
417 362
468 355
518 363
562 386
612 378
659 371
711 371
761 374
43 383
84 387
129 383
179 383
226 369
267 369
311 369
357 390
401 369
443 375
490 387
532 383
574 383
619 369
661 383
714 383
758 383
26 407
69 381
112 394
155 394
194 381
236 381
274 387
319 394
355 394
401 400
440 397
480 394
519 407
564 394
600 381
642 387
686 394
728 394
768 394
21 406
55 395
92 403
134 405
170 396
209 409
246 403
281 409
323 415
361 390
397 402
438 395
474 402
508 397
548 403
589 402
626 403
662 403
702 391
743 403
779 405
17 411
51 422
90 399
124 410
158 412
197 410
229 399
267 416
302 413
338 422
373 414
409 410
442 399
478 399
514 399
549 422
584 416
615 399
656 399
686 399
728 416
758 410
0 412
28 428
67 423
99 411
133 407
165 411
198 417
233 417
267 411
300 411
334 420
367 407
401 423
430 411
464 428
501 423
533 418
565 407
600 417
631 407
667 428
697 411
734 417
766 428
22 426
56 433
86 428
118 428
151 426
179 433
209 433
241 428
274 423
305 423
333 423
368 423
399 428
429 425
461 413
492 433
523 428
553 417
586 433
617 423
647 413
678 423
712 433
741 423
770 426
22 428
53 428
77 438
110 419
138 428
170 428
198 419
227 422
255 433
282 433
313 419
344 419
375 419
402 433
434 428
460 433
491 423
519 428
549 433
580 423
607 428
639 430
668 433
697 428
723 419
754 428
782 428
19 424
40 435
69 437
99 433
128 427
154 433
183 433
207 433
236 433
266 424
292 424
321 433
349 442
376 433
405 433
432 437
458 433
488 424
513 433
544 442
571 433
599 429
628 442
655 433
683 433
711 433
737 433
762 433
6 432
57 437
86 437
111 437
138 428
163 442
193 437
214 439
243 429
269 432
296 437
321 432
350 429
376 439
427 437
454 432
480 440
505 437
531 428
559 437
584 429
612 429
639 437
665 437
692 445
716 437
743 429
2 440
29 433
54 432
76 441
101 433
126 441
176 436
202 444
226 441
251 432
276 444
300 441
327 435
350 442
375 444
400 441
476 442
499 441
524 440
551 441
574 435
601 440
625 440
650 445
673 444
699 443
724 442
23 443
47 436
71 436
95 439
119 439
166 444
215 443
237 445
261 443
309 444
380 440
403 444
425 439
449 436
474 443
496 444
520 445
543 436
569 439
591 436
614 444
662 439
685 436
713 444
37 442
59 440
106 439
129 442
240 443
285 439
355 442
399 443
422 439
489 439
511 439
533 439
603 439
625 440
647 440
79 443
229 443
271 443
338 443
490 443
640 443
609 445
