132 116
278 96
452 76
591 59
746 58
54 140
150 167
278 136
415 168
542 168
668 170
784 188
5 225
109 235
216 223
328 209
433 227
529 194
645 221
734 224
84 240
163 268
249 238
348 252
438 261
518 250
612 277
710 273
35 296
110 295
194 295
273 271
344 294
426 295
497 293
582 293
658 293
723 274
59 341
122 340
195 322
267 321
332 312
398 300
464 308
537 331
605 311
674 331
745 331
41 343
96 358
165 330
224 340
286 349
345 339
408 339
466 349
533 340
587 329
654 348
712 340
772 349
30 354
80 355
137 363
190 355
251 345
303 355
360 356
413 355
469 363
528 364
582 358
630 364
685 360
746 355
790 339
53 360
97 368
150 352
196 352
244 374
299 375
349 352
399 375
451 353
496 367
548 359
599 352
648 352
700 375
750 367
41 363
88 378
128 384
182 363
225 377
271 391
315 377
366 385
413 377
458 379
501 377
550 377
595 380
649 384
693 384
740 392
785 392
22 372
67 385
114 379
152 393
195 378
237 399
283 373
324 399
370 385
416 379
457 386
500 373
543 389
586 385
632 386
672 385
711 373
756 378
35 394
77 386
121 382
158 382
196 406
238 382
279 406
319 398
360 387
397 386
438 394
482 394
519 394
563 394
604 396
641 387
677 382
722 394
757 381
21 407
64 407
99 406
138 407
179 389
215 400
251 394
286 413
325 401
367 401
399 394
442 389
478 412
516 389
552 389
590 389
631 406
661 389
703 400
742 407
779 407
14 407
50 407
85 407
117 412
156 400
193 407
226 407
262 412
298 407
334 396
370 413
403 407
437 407
475 401
510 410
546 418
579 412
618 407
651 401
687 412
722 407
753 396
0 413
37 406
67 417
100 413
136 415
168 406
199 412
231 423
266 413
300 414
333 412
368 423
402 423
433 412
468 402
501 402
532 417
568 412
598 402
634 406
663 402
699 402
732 412
763 402
2 408
30 418
65 408
95 408
125 418
156 413
188 422
218 419
250 418
281 412
314 411
345 428
375 423
408 423
436 412
469 420
502 421
531 417
561 413
592 408
626 418
661 423
687 408
720 413
754 417
780 418
23 422
50 431
81 422
114 416
141 416
169 422
198 422
230 413
260 416
288 422
317 422
349 422
378 422
406 427
438 422
468 417
497 422
528 431
557 422
587 431
616 413
647 425
675 425
704 424
734 416
765 425
1 426
28 426
61 420
87 417
114 435
143 426
171 426
201 417
225 435
256 430
285 417
312 435
342 417
367 417
396 421
425 430
453 420
481 420
509 426
540 430
567 417
595 420
623 426
650 427
679 417
707 420
735 429
767 430
27 429
54 429
80 429
108 429
135 429
161 429
190 429
218 429
242 429
269 433
296 429
324 429
352 429
379 429
404 429
433 424
460 429
487 429
515 429
541 429
568 429
597 429
620 429
649 429
675 420
703 429
732 429
761 433
17 427
41 423
66 440
94 432
118 440
144 428
173 423
199 424
223 423
249 432
273 436
301 440
326 426
355 427
379 432
405 436
429 432
455 436
482 440
510 428
533 424
562 432
586 431
613 428
637 423
667 431
692 433
715 423
743 440
25 430
50 434
77 436
100 434
125 434
152 435
177 434
201 431
224 442
254 426
275 436
299 438
326 434
352 434
376 431
401 438
424 427
451 434
476 435
501 434
525 434
553 442
576 430
602 438
624 434
651 434
674 434
698 426
724 429
19 429
43 429
66 429
91 429
111 437
134 445
161 437
184 429
208 441
231 437
256 429
279 437
304 429
329 433
353 429
377 439
402 441
424 439
447 429
472 432
496 432
519 429
546 441
567 437
595 439
617 441
642 437
667 441
689 444
714 441
31 432
52 440
75 440
99 432
119 443
144 440
167 432
191 439
213 439
237 432
259 432
283 440
305 440
329 439
351 436
375 443
396 435
419 435
444 435
465 436
489 443
512 439
536 440
558 440
581 441
603 440
625 436
652 443
672 432
695 439
43 443
64 442
90 435
113 435
133 438
154 442
199 435
221 442
244 444
287 435
352 442
374 443
418 442
443 442
462 442
485 435
508 435
530 444
550 435
572 438
594 442
617 442
640 442
684 438
64 437
85 444
106 444
127 444
149 444
168 437
191 444
211 441
232 444
275 440
319 444
339 444
361 441
383 444
426 441
448 444
468 444
489 444
532 445
596 444
615 444
637 440
660 437
680 440
200 443
220 443
301 440
344 442
382 440
425 440
486 442
568 442
629 442
145 445
166 444
184 442
205 442
323 442
342 445
462 444
482 445
96 444
133 444
191 444
229 444
247 444
342 444
532 444
571 444
647 444
566 445
