7 66
257 29
547 21
172 162
362 136
582 192
784 100
982 109
76 161
222 201
384 205
541 222
677 217
836 179
1006 250
23 238
153 238
280 240
401 256
541 201
669 279
789 239
922 218
12 234
115 299
220 271
340 234
441 267
558 276
669 267
773 265
884 273
995 266
43 295
140 315
239 268
327 269
431 272
525 287
614 314
716 302
805 287
899 270
1005 302
23 304
106 316
195 280
270 316
357 305
435 309
524 289
607 317
693 311
768 304
858 304
935 289
12 294
82 316
162 303
238 316
308 303
390 305
460 295
531 316
610 338
683 338
761 323
842 316
905 306
984 317
59 326
129 327
192 346
266 336
334 326
398 326
467 331
536 326
601 326
674 326
734 346
805 327
868 316
937 305
1002 326
23 335
88 317
153 316
211 336
268 339
336 335
396 335
459 335
518 335
582 317
643 339
695 318
765 316
823 335
883 335
942 336
1005 317
20 333
80 343
132 343
190 343
248 326
300 326
355 343
414 343
473 343
530 352
578 343
635 326
691 343
750 360
806 326
865 343
916 360
975 348
6 333
55 339
102 348
155 351
209 339
265 356
317 353
369 348
418 332
469 332
519 353
571 348
629 333
679 348
731 333
784 340
841 364
888 333
938 333
989 364
48 345
95 354
140 358
188 361
239 345
290 357
336 361
386 361
428 346
482 354
527 353
579 361
628 354
671 357
725 368
768 354
819 347
868 353
915 339
957 339
1011 354
24 358
68 371
112 350
154 350
202 358
246 365
292 350
340 358
381 365
430 365
475 371
518 372
561 358
607 345
654 358
701 365
746 344
794 358
834 350
881 358
927 358
975 361
1013 358
0 362
46 349
86 364
132 368
172 355
213 349
257 362
298 364
344 349
385 349
427 365
468 366
511 349
554 349
594 349
640 374
681 362
726 364
764 364
809 368
853 349
898 375
939 362
978 368
28 365
67 369
108 365
147 365
187 377
231 358
271 368
311 359
350 365
391 353
433 365
473 377
512 365
553 365
592 365
634 365
672 377
710 365
756 365
796 377
830 358
877 377
916 365
956 367
992 359
13 368
52 380
94 368
129 368
168 362
208 374
247 357
286 368
322 357
360 357
397 357
434 368
473 374
513 368
552 361
589 356
624 357
662 361
704 368
739 356
780 370
815 380
853 372
896 368
933 368
971 371
1004 368
3 376
41 359
76 376
114 370
149 370
188 360
221 371
260 365
297 359
332 370
366 371
406 370
441 373
474 382
511 376
552 360
588 360
623 381
656 371
697 370
729 370
768 371
803 370
844 364
879 382
910 371
950 370
989 376
4 367
40 363
74 373
107 373
141 373
176 373
214 367
246 363
281 363
313 375
348 373
386 373
417 376
451 383
486 373
521 373
555 373
594 368
628 373
662 363
696 363
731 373
765 373
800 363
834 367
870 373
905 378
940 384
975 368
18 375
49 375
84 380
121 365
153 380
185 369
218 375
253 375
284 370
316 370
353 365
382 375
416 375
448 365
485 375
517 375
548 377
583 380
615 375
648 365
682 375
714 365
748 365
779 365
812 378
844 370
880 375
913 370
946 375
7 377
38 382
67 387
101 377
131 372
163 380
197 379
228 372
260 377
292 379
321 377
352 368
386 379
417 372
450 377
479 382
510 387
543 373
574 377
605 382
634 368
669 387
701 368
729 380
761 377
794 377
822 368
857 372
890 377
919 387
34 388
64 379
94 382
123 379
156 381
184 381
214 370
245 379
274 374
308 379
334 379
368 370
395 370
425 379
455 379
485 384
519 379
547 388
576 370
609 374
638 370
667 388
695 370
728 370
757 374
788 370
818 379
851 379
877 370
911 379
53 385
82 390
113 383
142 376
173 376
200 377
229 372
256 381
286 376
316 381
342 381
373 390
401 377
430 381
458 385
490 381
518 384
546 381
576 385
603 381
634 381
664 377
690 381
718 372
747 385
778 390
809 381
833 372
865 383
891 372
68 383
94 383
125 383
153 391
181 383
206 374
235 383
265 374
290 383
319 383
348 374
374 374
400 378
428 374
456 383
484 378
513 374
541 378
568 383
596 383
624 383
650 385
680 383
708 391
735 383
762 387
792 383
819 383
844 378
873 391
84 388
110 392
139 384
165 384
191 386
218 384
242 384
270 379
299 384
324 387
349 376
377 376
403 388
433 379
457 386
484 384
510 379
539 376
566 392
590 386
617 384
643 379
670 388
698 384
724 386
754 380
779 379
804 384
831 386
859 376
102 386
126 378
153 385
177 385
203 381
229 385
257 378
280 385
307 389
333 389
358 385
386 378
411 381
436 378
461 381
488 385
512 386
539 387
566 386
591 389
615 389
643 388
668 378
692 378
721 388
746 388
772 385
798 385
823 388
849 389
113 394
140 383
162 391
191 387
215 394
240 387
263 387
289 387
315 394
337 387
362 387
389 382
412 382
439 387
461 387
488 391
511 394
536 387
563 389
584 387
612 387
636 379
662 382
684 379
710 379
736 388
758 391
784 387
809 387
834 379
136 384
160 388
183 381
209 381
231 384
255 395
278 395
302 388
327 388
351 388
375 384
401 392
422 388
448 388
471 392
497 388
519 381
541 388
567 388
590 389
615 392
637 390
662 388
687 395
709 381
736 389
757 384
784 388
808 388
831 388
146 386
170 382
195 389
216 393
240 389
261 382
284 391
309 382
330 389
354 389
378 393
401 393
423 389
447 391
469 393
494 385
515 393
539 389
565 390
587 396
609 391
632 385
655 385
679 389
701 382
725 396
749 389
772 389
795 396
816 389
153 383
175 392
199 383
222 387
242 387
264 390
286 383
311 390
332 386
352 394
377 390
400 392
420 383
445 397
465 387
488 390
511 386
532 394
557 390
577 390
602 387
623 390
644 386
666 387
689 390
713 384
734 394
757 392
781 390
801 386
167 398
191 385
212 394
235 385
255 394
278 387
298 385
321 387
343 388
363 387
386 387
407 385
427 387
451 391
472 391
494 388
515 391
537 385
557 391
581 391
603 385
624 391
644 393
667 391
688 391
711 391
731 387
754 391
776 398
798 385
177 386
197 386
216 392
239 386
260 393
281 392
302 394
323 398
344 386
366 389
386 386
408 398
429 386
451 392
472 393
492 386
515 392
534 395
556 386
578 392
596 388
619 389
640 392
661 392
681 388
704 386
724 388
745 398
768 386
788 398
