712 61
831 32
950 74
69 38
225 41
369 76
502 103
626 91
734 140
842 131
941 163
93 74
204 139
345 148
463 157
563 141
657 201
753 196
847 208
929 245
1006 239
123 177
239 195
337 229
435 210
531 224
630 238
705 238
790 251
866 257
926 241
1002 273
31 230
130 208
232 248
327 243
417 243
499 249
571 249
648 279
718 307
788 270
853 288
918 282
975 310
89 237
164 276
258 276
345 291
423 290
491 273
568 300
627 296
704 333
764 327
823 344
879 317
935 352
980 320
10 271
96 277
178 308
259 282
331 307
398 305
462 318
532 345
591 331
658 325
716 349
762 344
820 347
874 334
922 360
964 350
1016 363
45 287
128 293
193 321
270 305
340 318
398 339
460 344
519 327
582 332
639 353
693 365
738 360
796 380
841 358
885 363
932 373
974 367
55 330
126 318
191 322
253 353
324 339
383 353
436 356
494 352
547 364
599 353
653 371
700 376
752 385
789 386
833 376
882 402
924 394
962 383
997 381
7 353
75 357
140 334
196 374
265 345
322 363
381 376
429 376
486 374
538 377
588 380
633 384
679 393
724 375
767 407
806 394
847 389
890 402
929 415
964 396
1002 406
40 350
102 355
157 384
223 355
277 365
333 393
383 396
436 385
484 372
533 404
577 394
622 381
662 397
708 404
749 402
787 404
826 409
864 409
905 424
935 413
972 415
1006 417
37 381
104 378
152 380
212 368
259 400
318 373
361 384
410 379
460 400
507 413
552 393
589 395
635 399
674 408
712 423
751 419
786 415
821 409
861 425
894 420
923 422
958 412
988 414
8 385
60 387
115 375
165 378
214 395
267 383
315 407
359 395
405 405
450 414
493 397
533 418
573 414
611 418
652 410
689 426
728 425
759 423
796 425
827 419
862 428
895 418
924 437
955 428
986 446
1013 429
28 409
86 389
138 401
185 403
232 405
276 401
320 409
364 399
406 413
449 408
490 418
527 412
568 416
602 412
639 425
677 438
711 440
745 434
781 432
807 428
841 435
873 426
900 427
934 444
961 430
990 442
1012 433
45 419
96 408
141 410
186 418
233 408
278 403
323 418
361 420
401 422
440 435
482 431
520 427
553 429
589 433
626 432
659 433
694 435
724 447
756 438
784 434
816 430
844 442
878 443
905 435
935 456
962 457
983 449
1010 450
2 399
51 414
100 410
140 421
181 422
226 422
270 412
307 425
350 415
391 417
424 431
459 434
500 433
533 435
568 437
601 438
635 429
666 443
692 432
728 433
757 445
785 446
812 448
841 439
872 454
898 451
925 457
949 454
972 445
32 415
73 423
114 425
156 427
199 428
240 419
276 425
315 433
349 435
387 436
426 427
458 428
491 441
526 442
561 443
592 450
619 446
650 437
680 449
711 459
740 441
770 452
795 462
824 457
849 455
875 447
902 467
926 458
948 450
37 428
80 430
121 425
159 433
196 445
241 425
276 431
310 438
346 442
383 435
418 448
452 447
484 446
516 437
546 438
576 452
605 450
638 442
666 453
694 444
723 450
753 465
776 448
801 449
827 468
853 460
879 465
901 457
928 467
15 433
55 446
95 436
137 428
171 439
206 446
248 436
281 444
314 448
349 451
384 441
418 451
448 455
480 456
508 447
540 453
569 454
600 460
628 457
653 459
684 468
707 460
734 456
761 461
785 454
807 455
835 464
858 469
883 466
907 469
24 429
58 446
99 436
134 443
174 445
209 446
243 457
277 442
308 444
341 451
372 457
404 448
438 454
464 460
497 461
526 466
552 468
579 460
606 452
635 461
663 467
688 455
716 464
738 460
763 466
788 467
814 469
833 469
856 461
883 474
24 450
62 446
100 437
140 439
170 450
205 441
237 454
272 458
304 449
333 446
365 457
395 459
428 449
456 450
484 463
510 464
538 454
567 454
590 456
620 473
644 466
671 469
694 469
719 473
744 461
769 478
791 471
812 476
835 473
857 475
39 444
74 456
108 452
144 443
175 454
206 458
238 456
270 457
301 467
333 454
363 462
393 457
420 462
449 455
479 464
506 473
531 466
558 467
583 467
609 468
633 477
656 470
684 471
707 480
727 468
754 481
776 474
798 476
817 472
842 478
49 459
82 455
114 459
145 457
177 467
214 459
242 460
272 457
303 467
333 454
363 464
389 457
417 457
443 458
470 467
497 472
524 469
550 465
574 463
596 464
621 467
647 473
669 466
693 476
714 483
737 478
761 477
782 478
804 480
822 479
56 452
91 463
122 464
155 452
184 466
217 463
245 464
276 456
302 466
332 462
361 459
388 468
412 469
442 470
467 472
490 479
515 476
543 465
567 466
591 482
612 475
638 476
658 476
682 477
704 478
728 474
749 487
767 480
790 481
812 485
77 453
106 458
138 456
169 465
196 466
225 467
255 467
285 464
311 461
338 462
363 472
390 472
418 473
441 476
466 482
491 475
515 476
539 476
565 473
588 478
610 471
633 471
655 479
676 480
698 474
718 477
740 482
761 486
782 490
802 480
78 457
105 466
134 467
164 472
197 461
224 474
251 466
278 471
306 472
331 469
356 470
384 467
407 475
432 476
456 469
483 478
506 478
528 480
552 483
574 480
596 473
619 481
640 475
662 475
681 476
702 486
722 481
744 485
763 482
783 486
81 469
109 474
136 479
166 472
193 468
220 476
250 475
275 470
302 475
327 478
351 477
376 470
401 480
426 474
450 480
472 484
495 488
518 478
540 482
561 486
581 476
605 491
626 477
645 487
666 485
687 486
705 480
726 483
747 488
764 495
93 480
120 473
148 476
174 475
203 477
228 478
255 469
280 477
305 474
332 479
353 480
381 473
401 474
424 481
447 482
470 486
495 483
515 491
536 478
559 481
580 479
599 493
618 480
640 481
660 484
680 482
699 489
720 489
736 484
757 490
98 480
125 484
155 478
182 473
208 474
232 475
257 472
280 480
306 477
330 482
352 482
376 490
399 480
422 484
443 488
468 485
489 488
509 486
531 490
551 487
573 488
593 485
611 489
630 483
650 493
670 497
690 491
706 485
727 493
743 486
102 478
127 479
155 480
180 488
205 481
229 474
253 482
280 476
301 483
325 484
350 478
370 478
392 482
413 480
436 487
457 483
480 481
500 484
520 489
541 490
561 490
579 492
601 491
620 498
639 492
657 496
677 493
694 493
711 490
729 501
107 485
131 489
158 482
183 483
207 485
231 484
252 484
276 481
301 486
323 488
344 480
367 481
388 491
412 484
431 491
452 489
473 486
494 484
514 497
533 493
552 492
570 489
591 496
609 493
628 495
649 491
665 491
682 495
700 497
718 490
114 484
139 477
164 485
187 485
211 482
233 486
258 480
278 487
302 491
324 492
345 489
369 483
389 486
409 484
429 487
450 491
468 492
490 494
510 493
529 496
547 497
568 496
585 489
602 489
623 498
640 498
658 497
676 497
692 499
710 501
116 493
141 483
163 490
189 488
212 495
235 489
256 489
278 490
301 497
321 491
341 491
364 488
383 489
405 493
423 493
445 497
463 500
482 495
503 497
520 495
540 496
558 490
577 493
593 491
612 492
630 499
645 501
664 499
681 499
697 494
131 484
154 489
176 483
200 484
221 487
242 497
263 498
285 492
306 492
327 493
348 489
369 497
388 494
408 495
427 498
448 495
466 490
483 496
503 497
521 498
539 501
556 500
574 498
592 505
608 494
628 501
642 497
661 500
678 501
693 501
133 487
156 485
179 492
199 495
222 493
242 487
262 495
285 488
304 494
324 495
345 498
365 498
383 496
402 498
421 500
442 494
458 500
477 498
498 500
515 505
531 500
549 496
566 497
583 500
600 495
617 507
634 502
650 502
667 508
681 503
133 486
153 495
177 487
198 491
218 491
237 495
258 489
280 496
300 492
317 499
339 497
358 499
376 492
396 504
413 496
432 499
451 496
468 502
487 500
503 500
523 498
539 501
555 498
571 499
588 502
606 497
621 506
638 505
654 504
669 501
138 501
163 489
182 498
205 490
224 499
245 493
264 491
285 494
304 495
322 495
342 495
360 493
378 496
397 500
415 500
433 498
450 501
468 496
484 502
503 502
520 497
536 503
552 504
569 503
585 504
601 504
616 501
633 505
649 510
665 500
144 490
163 490
182 497
204 491
223 499
242 498
261 500
281 505
301 494
321 497
338 494
357 506
375 495
394 501
411 503
428 496
447 502
462 505
480 497
498 503
512 500
530 501
546 504
562 505
577 502
595 500
609 502
625 511
641 501
656 512
