860 29
978 18
283 9
432 64
545 19
668 97
770 98
866 111
962 160
23 67
168 72
301 98
416 116
523 111
622 129
705 129
787 147
871 160
951 171
1005 184
70 129
194 130
304 161
396 173
494 190
572 197
658 184
740 240
806 237
866 242
943 250
990 233
7 171
110 198
217 174
307 218
390 223
472 214
550 224
624 241
685 251
749 259
818 265
872 282
929 284
972 276
23 223
110 225
207 239
287 250
365 272
439 247
501 270
570 265
631 283
693 290
754 295
802 305
858 300
901 290
946 304
993 332
80 242
158 261
228 270
306 274
373 271
437 288
495 275
554 282
612 292
667 306
716 303
768 301
813 312
859 309
905 336
947 332
986 336
9 296
90 293
163 288
230 303
295 283
357 294
415 318
470 329
529 317
578 321
623 317
676 331
726 338
760 323
810 340
845 336
887 347
932 352
963 345
998 360
55 284
121 307
189 296
243 324
305 313
358 323
414 329
465 317
517 335
563 347
608 343
653 346
698 340
735 359
779 341
814 358
855 360
892 362
925 365
957 367
987 358
3 333
67 330
135 319
186 338
244 334
301 352
350 348
397 344
444 361
492 354
535 345
579 348
626 371
662 361
704 376
739 353
779 381
811 377
844 373
876 363
909 371
941 382
969 371
1000 384
45 349
111 330
164 333
213 345
261 347
312 350
361 367
405 356
451 346
494 364
531 371
575 368
613 369
649 372
687 378
724 388
757 367
789 369
819 375
852 373
880 380
913 388
941 395
967 387
993 383
4 345
60 348
118 338
159 354
212 349
258 373
305 361
346 358
388 379
434 369
476 372
512 374
550 388
590 378
622 383
655 382
692 384
726 386
760 399
787 384
813 385
842 388
876 405
903 399
926 388
955 404
982 395
1005 393
27 364
74 366
126 362
176 352
219 367
264 369
305 371
347 386
387 388
425 378
466 369
500 385
538 379
570 380
604 383
643 390
674 391
702 393
733 395
764 386
790 388
822 410
847 401
872 403
902 409
925 405
954 416
976 403
998 409
2 367
46 381
99 359
141 374
187 364
228 377
269 380
309 371
346 372
386 385
419 381
456 389
491 384
526 393
557 394
593 396
622 387
650 399
684 405
710 392
738 403
766 404
795 415
822 412
844 409
869 419
892 402
916 403
944 413
960 406
19 376
62 384
106 386
147 388
192 385
231 379
273 383
306 390
345 392
379 383
416 395
446 397
483 403
514 400
543 406
574 397
603 394
634 405
662 406
688 408
717 405
741 411
770 412
792 407
819 422
843 415
868 425
888 418
910 419
930 411
45 385
92 381
128 382
169 383
206 395
242 396
278 400
318 397
352 393
381 399
419 391
450 393
478 404
510 396
540 406
569 402
599 400
626 402
653 411
679 413
705 423
733 419
757 416
778 412
803 410
825 411
849 416
870 421
894 424
916 426
52 392
89 404
130 395
170 397
206 399
242 400
275 391
308 393
342 404
373 408
405 406
436 408
467 414
495 401
524 412
551 417
580 414
606 415
630 417
656 409
683 421
707 414
729 412
754 416
776 423
799 418
822 416
843 429
864 426
886 431
78 399
114 401
152 397
188 398
221 399
252 406
287 407
319 408
350 412
378 411
410 412
439 409
469 414
494 416
521 417
550 418
575 411
601 415
625 421
650 425
676 431
696 428
720 425
742 426
762 419
786 427
807 428
830 431
849 426
871 431
83 404
119 410
155 412
190 403
221 404
253 419
288 408
317 404
346 414
373 415
404 417
430 417
460 415
484 411
512 429
540 422
562 423
586 416
613 420
636 425
660 422
680 423
702 421
728 436
749 426
769 434
788 431
808 429
830 429
850 434
97 419
131 402
165 412
193 418
228 415
256 420
285 408
315 418
342 415
373 412
397 421
425 426
453 418
478 424
502 425
525 426
550 427
574 423
597 436
621 429
645 430
666 431
689 432
708 428
728 426
749 434
770 428
790 439
807 429
827 433
112 416
141 408
173 422
199 422
230 419
259 425
288 429
315 427
344 424
369 428
398 421
422 426
447 427
473 428
495 429
519 430
543 430
568 431
589 428
612 440
633 433
654 436
675 438
693 429
714 433
733 430
754 435
772 432
793 446
810 440
117 419
144 429
175 421
202 422
230 431
258 424
287 425
313 427
339 431
368 428
391 428
416 429
440 433
463 431
488 428
511 433
534 437
556 434
577 428
599 439
620 437
642 430
662 431
681 434
701 439
721 440
739 434
757 444
775 435
793 436
129 423
158 428
189 418
216 426
242 419
271 423
295 424
321 429
346 430
369 435
397 432
419 433
441 437
466 434
486 438
509 432
530 433
554 444
573 431
593 439
615 439
637 440
654 434
676 447
694 448
713 449
729 443
750 443
767 444
785 448
135 419
161 428
186 429
217 426
238 434
266 431
292 432
317 436
343 427
364 430
389 432
410 429
433 436
454 441
477 445
500 438
519 439
542 440
562 437
581 438
601 435
621 439
641 443
658 437
676 438
696 446
714 448
731 440
750 448
768 447
142 438
170 436
199 425
223 433
247 427
273 435
296 435
320 438
341 437
365 444
388 434
411 439
432 440
453 440
476 435
496 435
517 442
537 443
554 447
577 447
594 451
613 448
633 449
650 449
669 453
685 447
703 442
721 448
737 449
755 455
147 434
176 428
200 436
223 429
248 437
273 438
296 442
317 442
341 440
364 440
385 434
407 445
427 449
449 444
468 443
487 446
507 438
527 451
547 439
566 446
583 441
602 448
622 448
639 454
657 449
674 449
691 447
706 450
725 451
741 451
154 433
181 434
201 445
229 435
253 435
274 447
296 437
318 441
342 435
361 444
382 446
404 450
424 438
444 448
466 452
483 446
504 450
521 450
543 447
560 450
577 449
595 443
612 446
631 444
649 451
666 453
681 446
698 455
713 454
731 450
158 446
183 434
204 441
227 443
250 442
271 443
295 446
315 437
338 444
358 445
380 446
398 440
419 450
438 441
459 442
476 451
496 443
514 446
533 451
551 450
568 451
585 451
602 451
620 455
636 458
653 453
670 456
685 454
702 451
717 451
165 442
190 445
210 450
232 444
254 446
275 439
296 446
319 446
338 447
360 441
379 448
398 450
418 451
437 449
456 456
475 445
491 454
510 451
529 452
544 452
562 453
579 453
596 454
613 449
628 457
644 458
661 455
675 450
690 453
706 457
170 446
192 445
211 448
234 440
255 449
276 450
298 442
315 449
337 449
357 446
375 450
393 451
414 448
430 451
449 458
467 449
486 450
502 448
520 448
537 451
553 455
570 455
587 456
602 451
616 451
633 451
649 457
665 454
679 458
693 453
179 450
202 448
222 448
245 443
264 451
285 447
303 451
323 454
342 446
362 455
380 449
398 453
415 453
432 459
450 455
469 455
485 452
502 461
520 450
536 462
551 451
569 459
583 457
599 459
613 453
629 453
645 459
660 462
674 461
689 455
183 451
206 450
226 451
245 451
266 448
284 449
304 447
322 459
341 459
360 454
376 457
394 455
413 452
430 450
448 456
463 461
480 454
496 454
514 452
529 453
546 453
561 454
576 464
592 459
606 460
622 463
637 460
651 466
665 462
679 463
189 452
211 449
231 447
251 450
267 453
289 448
306 454
325 455
340 458
359 456
377 453
394 451
411 452
427 457
445 452
461 458
477 458
492 461
510 459
526 457
540 460
556 462
570 461
585 461
600 461
614 457
628 463
643 464
657 464
670 458
193 459
213 449
232 449
249 455
269 457
287 456
304 456
322 462
341 452
358 452
375 453
390 463
408 459
424 462
441 461
456 461
473 460
488 460
504 461
519 462
532 457
548 467
562 462
577 458
592 465
606 463
621 464
635 464
649 465
662 464
193 458
213 459
231 462
251 454
267 457
284 463
303 458
321 455
337 459
352 459
370 460
386 462
401 463
418 460
433 461
449 466
465 462
480 457
496 465
510 460
525 463
541 466
555 466
570 466
583 459
597 462
610 465
624 466
638 467
651 461
196 458
215 455
234 455
251 458
269 459
286 457
303 460
320 465
337 455
353 463
368 466
385 462
399 459
415 459
430 462
446 463
461 465
477 459
491 465
505 466
521 464
533 460
548 467
562 470
576 466
590 463
602 468
617 469
629 468
642 469
206 464
223 457
239 461
258 460
274 462
292 456
309 458
323 462
340 462
356 459
372 464
387 458
403 466
417 459
433 464
447 464
462 462
477 465
490 467
506 465
519 461
533 462
545 466
560 462
572 462
586 467
601 468
613 463
626 472
638 468
207 461
224 464
241 457
257 457
273 464
289 462
305 460
321 465
337 466
353 464
368 465
383 464
399 460
412 465
428 463
443 466
455 470
472 461
485 471
498 469
513 469
525 467
540 467
552 468
566 468
579 464
591 464
604 469
618 469
629 465
207 464
224 457
241 460
257 465
272 463
289 464
305 464
318 464
334 467
349 465
364 470
380 461
394 466
409 468
424 466
437 469
453 462
467 463
479 467
492 465
507 468
520 466
534 466
547 471
560 473
573 471
586 467
598 470
610 467
621 470
