107 24
39 132
117 117
226 139
334 106
459 42
597 55
48 217
117 196
194 190
280 167
370 185
483 173
580 151
714 105
42 239
101 259
169 256
244 263
322 221
399 229
490 250
587 217
686 181
38 272
79 288
146 286
199 262
260 301
323 299
397 273
479 247
549 253
647 262
733 244
29 318
78 317
123 315
182 295
238 311
295 313
355 307
422 293
491 303
558 279
636 298
714 296
0 341
43 325
86 340
128 338
176 338
225 340
277 353
333 317
385 333
445 313
506 330
577 319
642 348
714 326
10 351
47 345
82 350
116 358
160 357
202 365
248 356
300 340
344 372
400 344
455 363
508 336
565 371
625 370
690 351
760 331
6 374
34 387
75 374
110 374
150 360
185 359
224 373
271 373
315 365
360 376
407 380
456 388
504 372
561 375
623 380
680 371
741 371
17 393
45 387
82 387
113 393
149 393
183 374
221 387
258 394
301 387
341 373
382 392
425 388
475 395
524 388
571 373
625 372
676 372
738 396
15 397
44 398
78 392
108 398
137 398
175 391
206 411
240 399
277 399
316 400
354 400
397 392
435 393
478 401
526 401
571 387
616 402
671 402
722 403
780 411
27 407
54 412
80 407
109 408
140 408
169 412
204 409
236 409
267 398
304 410
338 411
373 404
414 399
454 425
492 412
537 420
580 414
620 414
671 419
719 415
769 402
10 414
29 417
58 405
84 405
110 416
137 410
167 427
197 417
228 418
256 429
287 422
321 419
354 413
390 409
427 421
463 428
496 422
536 411
576 424
619 424
661 412
705 413
757 427
6 421
29 421
52 422
76 427
99 428
130 428
154 427
182 424
209 425
235 429
268 428
293 430
325 433
360 422
391 429
425 440
460 442
493 431
530 431
565 421
605 433
648 422
690 435
731 436
772 429
12 419
33 432
58 423
83 424
104 432
129 430
151 421
179 431
205 426
231 437
257 438
286 429
313 429
344 440
437 437
469 427
507 439
537 433
576 429
609 430
690 432
771 433
18 433
39 433
60 442
83 439
106 430
131 438
151 436
174 437
198 438
226 429
252 430
304 431
332 435
418 434
450 434
480 445
514 436
545 442
579 442
649 443
17 438
40 441
60 435
78 440
101 432
122 441
167 442
190 443
314 442
368 439
453 441
481 442
1 442
21 438
43 439
60 443
80 436
100 437
119 445
207 440
80 441
