25 65
150 83
285 50
405 59
554 106
672 92
810 107
951 103
57 152
177 151
280 182
408 163
515 152
630 151
736 134
867 166
976 170
30 214
119 205
233 208
327 205
420 179
525 206
631 216
733 213
829 213
915 209
1011 196
2 240
86 232
170 256
246 280
341 230
428 243
514 228
597 255
690 253
775 261
858 265
955 278
72 266
148 287
224 276
303 309
378 297
458 311
537 274
609 309
685 266
765 310
835 277
918 286
997 308
39 306
99 314
174 336
243 317
316 304
386 326
447 316
519 315
593 294
655 320
724 304
799 315
864 316
932 320
1010 320
25 324
84 340
143 340
212 318
281 318
344 336
405 345
463 336
532 354
594 326
659 328
719 334
782 324
850 335
908 325
975 346
58 346
112 355
164 355
227 347
284 355
346 339
402 355
462 356
521 363
572 361
633 346
697 373
754 360
811 344
866 339
924 338
984 356
37 355
85 369
142 377
193 375
251 370
306 369
360 369
413 370
464 377
523 353
577 386
627 370
684 361
740 373
792 385
847 360
902 369
955 369
1010 360
27 367
75 373
124 397
174 398
230 383
280 368
328 397
377 385
431 367
478 383
532 387
583 383
630 382
682 385
733 382
789 397
833 382
886 382
938 382
991 398
43 380
80 407
138 379
180 387
229 379
278 398
326 408
376 384
419 385
471 386
517 394
561 407
612 401
657 394
703 385
757 401
802 393
845 394
895 380
941 380
988 387
27 392
70 405
117 391
162 412
205 397
249 405
294 412
341 392
382 412
428 406
470 408
517 397
562 412
607 409
647 405
695 405
736 397
784 405
829 392
870 412
917 399
960 418
1003 397
24 414
65 414
105 413
146 407
186 413
230 401
270 414
314 406
357 414
396 406
442 408
482 402
522 414
566 426
607 426
651 418
696 414
732 408
777 414
819 401
857 401
905 420
945 401
989 414
7 422
46 422
83 428
126 416
166 410
208 422
245 422
285 422
323 434
366 428
407 421
444 422
485 425
525 422
563 422
606 422
641 434
684 422
720 416
760 410
799 422
844 421
882 410
925 434
964 434
997 422
29 424
63 432
97 432
137 430
177 418
212 430
252 418
292 418
326 430
361 432
403 430
440 430
479 430
515 430
554 418
591 432
624 419
666 418
702 430
738 430
775 430
813 419
853 435
891 430
930 436
965 430
998 419
22 437
57 437
93 437
130 437
167 427
199 430
236 437
269 437
306 437
343 426
376 426
411 437
449 437
486 437
522 443
553 437
589 426
625 438
663 448
698 426
736 437
768 448
805 440
841 437
875 426
913 448
946 437
979 426
6 443
41 443
76 437
108 443
139 453
181 432
212 437
243 442
278 444
314 436
349 448
383 446
417 443
450 432
483 432
516 446
549 442
588 432
620 443
654 432
689 437
726 453
757 432
790 432
823 453
857 442
892 447
925 436
963 448
2 448
34 458
66 448
102 439
131 448
161 453
199 442
230 449
261 451
293 453
328 442
362 450
393 453
426 454
455 443
491 448
521 448
556 453
589 448
618 450
654 458
683 449
718 444
750 448
782 438
810 439
847 448
879 453
913 448
946 451
21 444
48 458
82 448
110 453
144 453
176 453
206 463
236 447
266 447
298 454
328 458
360 448
393 453
421 458
455 458
486 463
515 463
545 454
576 444
609 453
641 458
672 444
705 453
733 448
765 453
797 453
830 455
856 453
887 444
924 458
31 462
61 458
94 449
126 449
152 458
184 449
212 460
244 463
272 453
301 449
332 458
361 460
394 448
422 449
452 460
480 461
510 449
541 448
569 449
601 467
630 458
662 460
688 460
720 462
750 448
782 467
811 458
839 462
869 458
899 460
53 457
81 466
109 462
139 453
165 462
193 464
222 462
250 462
279 470
310 457
339 464
368 457
395 462
425 453
455 462
483 470
511 461
541 462
568 461
598 462
625 470
653 462
686 462
714 470
739 457
772 470
800 462
828 463
854 457
887 464
69 470
96 465
122 468
148 465
176 474
208 465
233 465
261 461
290 470
318 457
347 465
373 457
401 457
428 457
455 465
483 470
512 465
541 460
567 457
593 457
620 460
651 466
676 457
706 467
732 474
760 468
790 465
818 466
846 468
869 466
81 464
110 473
136 473
164 460
190 473
218 469
244 469
272 461
297 469
325 465
353 460
379 469
403 469
433 469
459 470
483 477
510 473
541 461
567 461
593 477
618 469
647 469
672 469
701 469
726 469
755 464
783 477
805 469
835 469
863 473
106 464
131 468
158 464
184 472
208 472
234 472
260 472
288 467
312 464
338 464
362 474
389 472
417 472
440 475
466 480
492 472
518 472
544 472
572 468
599 472
624 464
649 464
675 472
701 472
727 464
752 467
779 472
806 476
832 480
858 468
114 467
137 475
161 475
187 479
215 467
239 479
263 470
288 475
315 475
338 471
363 471
391 468
413 475
439 475
463 468
491 475
515 475
539 477
565 479
589 475
614 467
640 475
664 467
690 467
714 468
739 478
763 471
790 475
815 471
841 475
124 478
147 482
170 486
196 478
219 474
243 481
270 480
293 474
318 478
342 480
365 478
389 471
415 480
439 474
464 478
486 482
510 486
536 475
559 478
583 482
605 471
632 486
656 471
678 481
702 478
728 478
750 471
776 474
801 478
825 486
140 488
163 481
187 483
209 481
234 483
257 483
281 474
304 481
327 477
353 481
373 481
400 474
421 474
444 481
467 481
491 485
517 481
539 488
561 474
586 477
609 474
632 488
654 474
679 474
702 477
726 474
749 481
775 481
795 474
821 481
151 487
174 491
198 485
222 479
245 480
266 480
289 477
311 484
334 479
357 484
378 484
402 491
424 480
447 483
469 487
495 484
516 486
538 484
562 487
583 483
608 484
631 480
651 484
673 477
696 487
721 491
744 484
764 477
789 485
808 477
159 486
180 486
205 486
226 493
249 486
269 479
291 486
316 479
335 486
358 486
382 479
402 479
423 483
445 479
467 486
489 482
513 479
534 482
556 486
579 486
600 486
621 488
645 486
667 493
689 486
710 490
734 486
755 486
775 482
798 493
169 492
190 495
213 488
234 488
255 490
276 488
295 488
318 484
341 488
361 490
381 482
403 482
424 492
448 484
467 490
489 488
510 484
533 482
555 495
574 489
595 488
616 484
638 492
660 488
682 490
705 485
725 484
745 488
767 490
789 482
180 491
201 484
222 490
241 490
263 487
283 490
306 484
324 491
346 494
367 494
387 490
410 484
430 487
450 484
471 487
492 490
511 491
534 492
555 491
575 494
595 494
618 492
637 484
657 484
681 492
700 492
721 490
742 490
762 492
784 494
186 499
208 490
227 496
250 493
269 499
290 493
309 493
329 493
351 499
369 493
389 493
411 489
430 489
452 493
470 493
492 496
511 499
531 493
553 495
571 493
593 493
612 487
634 489
651 487
673 486
694 494
712 496
733 493
754 493
774 486
204 491
222 495
242 488
263 489
281 492
300 501
320 501
340 494
359 495
380 495
400 491
420 498
438 495
459 495
478 498
499 495
517 489
536 495
557 495
576 496
596 498
614 496
635 495
655 501
673 489
695 496
712 491
735 495
755 495
773 495
210 493
229 491
249 497
267 500
287 497
304 490
323 498
344 490
362 496
381 497
401 499
420 499
438 496
457 498
476 499
497 493
514 499
534 497
555 498
574 502
592 498
611 493
630 493
649 497
668 490
688 502
707 496
726 496
746 502
763 497
213 492
231 500
252 493
270 495
287 495
305 498
324 493
344 498
362 495
378 501
399 498
418 500
435 493
456 504
473 495
491 498
511 495
528 501
549 498
566 498
586 495
604 498
621 495
640 495
659 498
679 493
696 501
716 500
735 498
752 495
222 506
243 494
260 503
280 494
296 503
316 497
333 494
352 497
370 497
387 497
406 497
424 494
441 497
460 500
478 500
497 497
514 500
532 494
549 500
569 500
587 494
605 500
622 501
642 500
659 500
678 500
695 497
715 500
733 506
751 494
230 496
246 496
262 501
282 496
299 502
317 501
334 503
352 507
370 496
389 499
405 496
424 507
442 496
460 501
478 503
494 496
514 501
530 504
548 496
567 502
583 498
602 499
619 501
637 501
654 498
673 496
690 498
708 507
727 496
745 507
