527 26
36 90
220 155
394 126
570 126
768 99
919 82
90 240
236 224
365 221
508 243
660 244
814 240
940 220
90 232
189 215
323 215
441 219
545 266
666 228
791 283
897 228
39 254
146 314
250 292
341 283
449 284
539 269
640 253
753 300
850 313
959 283
95 296
177 323
265 319
352 311
443 297
522 323
620 323
697 296
785 324
881 310
970 316
61 331
133 340
216 321
291 319
365 339
451 321
529 333
603 308
673 309
754 309
836 343
913 343
998 343
24 348
87 347
158 347
228 326
300 351
374 346
438 335
511 347
577 327
653 327
726 357
796 325
862 348
935 347
1002 334
62 360
127 360
192 349
258 342
319 360
386 361
449 370
511 370
579 370
638 360
703 361
769 351
834 351
895 370
969 379
1 377
64 372
122 390
178 361
241 381
294 381
356 381
414 372
469 381
534 381
587 376
645 389
704 372
767 372
822 389
880 355
930 355
999 390
38 366
93 373
148 382
194 390
247 382
305 382
357 385
413 382
460 367
519 398
571 382
621 366
679 382
735 382
783 382
839 390
890 382
940 366
996 382
17 397
70 390
122 382
169 390
219 389
266 381
320 382
365 382
415 397
468 389
513 390
566 375
613 389
662 381
713 390
761 382
814 405
861 390
914 397
963 397
1009 375
6 382
60 383
98 411
150 397
195 403
240 383
283 383
329 382
376 397
424 396
468 388
516 389
565 403
610 404
653 397
703 401
750 382
792 388
839 403
884 383
929 397
977 382
4 409
43 389
90 402
131 390
170 415
216 394
258 409
305 402
348 403
395 409
438 409
478 389
522 416
564 402
610 403
654 390
698 396
743 409
782 402
823 403
872 394
914 406
955 402
996 403
20 400
64 408
101 420
144 411
183 401
225 412
269 408
309 401
350 412
387 400
428 396
470 396
511 396
552 402
593 411
632 401
671 408
713 408
755 396
792 396
837 414
876 408
917 400
954 396
999 408
13 407
53 406
91 413
124 415
162 415
203 401
243 413
279 413
318 413
357 413
394 407
433 413
470 406
511 401
549 413
590 424
626 413
665 419
703 413
743 425
780 406
821 424
857 413
891 406
931 419
970 413
1008 425
10 418
41 428
79 417
115 423
156 417
191 407
225 417
264 406
298 417
332 429
372 417
409 417
441 417
477 418
517 406
551 417
588 411
621 406
659 418
695 407
734 407
769 419
805 417
843 417
878 418
914 406
951 420
986 423
38 411
73 416
103 421
138 421
172 421
207 423
242 415
277 411
310 421
345 421
381 432
416 421
449 411
484 421
517 411
551 411
588 411
621 426
656 416
688 415
723 416
759 410
792 426
825 421
864 421
898 423
934 432
965 410
20 425
56 435
83 435
121 425
154 418
185 425
217 425
251 430
284 425
314 435
346 434
380 435
416 424
447 425
479 424
514 425
544 420
579 425
611 419
641 428
674 425
710 424
744 429
776 427
807 424
840 426
872 425
905 425
940 434
16 433
45 432
75 428
104 437
139 428
168 432
201 428
232 433
264 437
295 418
326 428
359 428
390 432
419 428
453 418
484 418
515 422
547 422
578 430
605 428
639 430
670 428
701 430
732 429
762 432
796 432
822 418
855 428
892 437
919 432
29 433
61 430
92 430
121 421
150 432
180 432
214 421
241 439
270 421
300 430
330 425
359 430
391 430
422 421
450 421
482 421
512 424
539 439
570 425
600 421
630 430
660 430
693 430
722 435
750 430
780 421
809 421
842 430
874 439
903 439
59 433
88 433
118 442
148 442
178 428
207 436
234 424
261 428
289 435
321 433
347 428
376 433
403 433
433 435
464 433
491 435
522 428
549 433
578 424
608 442
637 433
664 424
691 424
721 433
750 433
779 437
806 424
837 433
866 437
895 433
76 435
101 427
128 435
157 427
184 439
212 444
239 435
268 430
296 435
323 430
352 435
378 435
405 435
433 439
460 435
489 443
516 435
542 427
571 437
599 435
624 435
655 437
679 430
709 435
736 439
766 439
791 435
817 435
846 427
871 427
86 440
115 429
140 445
166 437
195 437
219 440
247 440
274 437
301 437
329 437
354 441
380 445
405 437
433 429
460 429
486 437
513 437
538 437
567 437
595 437
619 437
646 429
673 437
701 441
727 429
755 445
782 441
807 445
834 439
861 429
98 431
126 439
152 431
178 439
204 431
230 439
255 443
279 439
306 439
331 431
358 439
383 439
407 447
436 441
459 443
488 434
511 441
536 431
562 439
591 439
616 447
641 443
665 439
694 439
719 443
743 434
770 431
796 443
818 431
848 441
114 436
137 441
162 445
188 445
213 441
238 441
263 436
284 444
313 441
337 442
361 441
385 445
410 441
436 433
461 437
485 441
509 445
533 441
558 441
583 433
608 445
635 445
658 433
686 433
709 441
733 433
757 443
784 441
807 433
833 441
132 443
154 446
181 443
202 450
226 443
252 444
275 450
298 443
325 435
347 435
373 446
397 450
420 443
442 444
467 439
490 444
515 442
541 438
564 443
588 439
610 443
634 443
659 443
683 443
708 443
732 450
756 443
778 444
803 439
828 445
145 444
166 448
190 444
216 437
237 440
261 444
286 444
307 444
331 437
352 444
378 444
400 444
422 446
448 437
469 451
493 444
516 451
539 446
561 444
584 441
609 437
631 444
655 448
680 448
702 444
723 437
749 444
770 451
794 446
816 437
154 446
178 442
201 446
222 442
245 446
268 446
290 439
311 448
334 446
356 446
380 439
402 446
423 446
448 449
471 442
493 446
513 453
537 446
557 453
581 439
604 446
625 449
647 447
672 453
694 439
714 439
737 447
761 439
781 439
805 446
170 443
193 447
214 443
236 447
258 443
280 441
300 441
323 447
344 447
366 441
386 451
410 447
430 451
451 447
474 451
497 447
518 443
540 447
562 451
582 447
602 451
625 447
645 451
669 441
688 441
712 451
735 449
755 443
776 447
799 451
179 449
201 445
222 451
243 442
264 452
284 455
305 442
325 455
347 449
369 442
390 455
410 455
432 452
451 446
474 449
495 452
515 452
536 449
558 442
578 450
600 449
620 449
641 449
662 452
682 449
705 442
726 455
745 455
767 452
789 442
188 456
208 456
230 450
250 453
272 450
291 453
311 450
333 450
352 450
372 453
393 452
414 444
435 444
455 452
475 444
495 444
517 447
538 450
557 446
577 444
600 456
618 456
640 450
661 444
679 446
700 451
720 446
743 453
762 446
783 447
193 448
212 457
234 451
253 445
271 451
294 453
313 451
334 445
351 454
372 445
394 451
413 457
432 453
453 445
471 447
491 457
513 451
532 445
553 457
571 445
592 454
610 445
633 448
652 454
670 451
690 448
710 447
732 451
751 451
770 451
201 455
218 452
239 453
257 452
277 453
296 458
316 455
335 446
356 446
374 454
392 455
413 446
434 446
453 454
471 452
490 449
510 455
530 449
548 452
568 452
587 455
607 446
626 458
647 455
665 446
686 458
706 455
722 446
743 452
764 458
209 456
227 455
248 453
264 456
284 450
301 453
323 453
341 456
358 459
377 450
397 459
415 450
435 453
452 447
473 450
491 447
510 453
529 450
548 455
566 448
585 453
604 453
622 450
643 447
661 459
678 453
698 450
716 453
736 453
756 453
