106 48
250 23
387 56
536 15
681 14
827 64
946 20
49 99
166 133
288 137
398 152
525 132
642 132
767 152
887 134
999 107
0 220
105 211
203 205
316 195
413 178
517 211
629 200
731 221
820 167
937 197
8 255
102 220
183 258
274 227
364 259
452 245
540 245
640 231
717 222
814 232
898 220
993 259
42 280
111 303
205 267
276 302
356 294
429 291
509 304
594 305
679 302
749 291
829 258
907 259
973 261
41 287
107 308
176 320
254 298
316 287
396 287
468 290
531 318
604 295
679 329
744 295
820 308
883 289
956 290
16 333
72 351
148 312
207 312
276 350
343 337
402 331
471 331
529 322
594 312
666 342
728 350
798 331
856 342
922 338
980 314
41 341
104 334
164 369
229 341
285 359
344 357
403 351
464 342
518 359
584 359
636 341
696 360
760 351
820 355
877 359
942 368
995 333
31 352
84 361
139 369
194 368
244 374
303 361
355 359
408 373
468 361
523 369
575 352
625 352
682 352
739 376
793 376
853 376
899 352
961 372
1010 352
49 385
96 388
157 382
203 382
254 382
306 366
357 384
412 380
457 373
511 381
559 367
614 367
666 389
717 366
765 382
818 381
866 372
922 389
969 381
1018 389
36 400
85 397
129 393
176 393
225 394
273 385
322 380
367 393
417 394
464 401
511 401
562 401
605 393
654 394
703 387
751 386
797 401
852 407
896 394
934 380
983 380
40 412
87 392
122 409
169 405
213 419
257 397
304 411
345 412
392 412
437 405
478 412
528 412
569 408
613 418
658 405
707 405
748 418
793 392
831 392
883 419
928 405
968 405
1012 412
17 418
56 409
99 416
142 403
184 408
227 415
263 421
305 415
350 415
390 417
434 415
471 403
517 428
557 415
597 403
642 415
685 415
723 415
767 422
807 415
845 403
889 415
930 415
970 415
1014 416
4 423
45 416
82 423
119 429
161 423
202 417
239 423
279 423
316 417
359 417
395 417
434 430
476 423
512 423
555 412
592 423
631 416
671 424
710 418
752 435
789 424
831 429
870 429
906 411
943 412
987 430
30 420
70 425
104 419
147 420
177 442
219 431
256 436
292 420
327 420
364 419
401 431
441 430
476 424
515 425
555 436
590 436
625 431
665 434
703 419
737 424
775 436
812 420
848 431
886 419
928 431
962 431
1003 433
22 427
58 437
96 443
128 426
167 437
200 427
232 448
270 431
304 443
342 437
378 438
416 443
451 443
484 426
520 449
554 437
592 438
627 427
663 432
700 443
732 437
766 438
806 431
840 440
874 437
907 438
945 437
976 431
4 444
40 444
73 438
104 437
141 444
171 454
207 446
239 438
274 447
310 444
343 438
377 447
408 437
442 434
476 434
511 434
545 438
579 446
611 438
643 444
678 444
713 434
743 434
781 449
813 444
846 437
878 434
915 444
948 444
28 440
58 449
94 445
127 444
159 450
187 452
218 451
253 440
286 450
317 450
349 450
382 450
413 444
446 449
476 444
511 440
542 450
576 459
607 450
640 455
671 450
705 460
736 444
770 459
800 449
829 444
863 455
895 450
927 460
25 455
53 455
87 455
113 464
145 455
175 460
211 455
240 446
268 455
302 445
330 455
359 464
393 455
425 455
452 455
482 455
516 445
544 455
576 449
604 446
636 455
666 446
699 446
729 456
759 455
792 455
822 455
852 445
883 457
913 459
45 459
74 459
108 450
137 455
163 459
193 459
221 460
251 461
281 454
311 451
339 460
369 459
400 468
430 459
458 451
488 460
516 451
545 450
577 451
605 464
634 455
662 454
691 455
723 450
751 464
779 460
812 459
841 461
872 469
898 450
63 455
88 464
119 473
142 473
175 464
203 459
230 464
258 464
287 468
316 464
341 472
369 472
398 473
429 464
455 464
483 464
513 464
539 460
569 464
597 459
623 467
651 464
682 464
711 468
739 466
765 464
794 465
821 464
851 464
880 472
81 472
106 472
132 468
158 476
188 468
214 472
242 468
268 472
297 476
323 460
350 468
379 468
406 472
431 468
461 459
488 459
515 463
542 463
569 470
592 468
621 470
649 468
675 469
702 469
729 472
758 472
781 460
809 468
841 476
865 472
90 473
118 471
145 471
171 463
196 473
222 473
252 463
275 479
301 463
327 471
353 466
378 471
406 471
433 463
458 463
485 463
511 466
536 479
562 466
588 463
615 471
641 471
669 471
694 475
719 471
745 463
771 463
799 471
828 479
853 479
114 474
139 475
166 482
192 482
219 470
243 477
268 467
292 470
316 476
344 475
367 470
392 474
416 475
443 477
470 474
493 476
521 470
544 475
570 467
596 482
621 474
645 467
668 467
695 474
721 475
746 479
770 467
797 475
823 479
848 474
126 478
149 470
172 478
199 470
222 481
246 485
270 478
297 473
321 477
345 473
370 478
393 478
417 478
442 481
466 478
491 485
515 478
538 470
564 479
589 478
611 478
638 479
659 473
686 478
710 481
736 481
758 477
781 478
807 470
829 470
133 482
160 473
181 487
205 480
230 480
251 482
277 482
300 480
324 480
349 480
371 484
395 488
417 480
442 473
465 473
488 480
512 480
535 480
560 480
585 480
606 480
631 473
655 480
679 484
702 473
728 488
751 484
774 487
797 482
821 473
143 475
168 483
191 476
214 483
237 475
260 483
282 486
304 483
328 483
350 476
374 483
397 483
418 490
444 485
465 486
490 478
511 485
533 475
557 482
582 483
605 490
627 486
648 483
674 482
697 486
718 479
741 475
765 486
784 476
811 485
155 481
176 485
198 489
221 489
244 485
267 485
289 481
307 488
333 485
355 487
376 485
398 489
420 485
444 478
466 482
487 485
509 489
531 485
553 485
575 478
598 489
622 489
642 478
667 478
688 485
709 478
731 487
755 485
776 478
799 485
170 488
190 491
214 488
233 494
254 488
278 489
298 494
320 488
343 481
364 481
386 491
408 494
429 488
449 489
472 484
492 489
514 488
537 484
558 488
580 484
600 488
622 488
644 488
665 488
688 488
710 494
731 488
751 489
774 484
796 490
180 490
199 493
221 490
245 484
263 486
285 490
307 490
327 490
349 484
367 490
391 490
410 490
431 491
454 484
473 496
495 490
515 496
536 492
556 490
576 487
600 484
619 490
641 493
663 493
683 490
702 483
726 490
745 496
766 491
786 483
187 492
208 488
229 492
249 489
270 492
290 492
310 486
330 494
350 492
371 492
392 486
412 492
431 492
453 495
474 489
494 492
513 499
534 492
553 499
574 486
596 492
614 495
634 493
657 498
677 486
695 486
716 494
737 486
756 486
778 492
200 491
221 495
241 491
261 494
280 491
301 488
319 488
340 494
359 494
379 488
397 498
419 494
437 498
456 494
477 497
498 494
517 491
537 494
557 497
575 494
594 497
615 494
633 498
655 488
672 488
694 498
715 496
733 491
752 494
773 497
208 496
228 493
246 498
266 490
285 499
303 502
323 490
340 502
361 496
381 490
401 502
419 502
438 499
456 493
477 496
496 499
514 499
534 496
554 490
572 497
592 496
611 496
629 496
649 499
667 496
688 490
708 502
725 502
745 499
765 490
214 504
233 504
254 498
272 501
292 498
309 501
328 498
347 498
365 498
384 501
403 499
422 492
441 492
460 500
478 492
496 492
516 495
536 498
553 494
571 492
592 504
609 504
629 498
648 492
665 494
684 499
702 494
723 501
741 494
760 495
219 497
236 505
256 499
274 494
291 499
311 501
329 500
348 494
364 502
383 494
403 499
421 505
439 501
458 494
474 496
492 505
513 499
530 494
549 505
566 494
585 502
602 494
623 497
640 502
657 499
676 497
694 496
714 499
731 499
749 500
225 504
241 501
261 502
277 501
295 502
313 507
331 504
349 495
368 495
385 503
401 504
421 496
440 496
457 503
474 501
492 498
510 504
528 498
545 501
563 501
581 504
599 495
617 507
636 504
653 496
672 507
690 504
705 495
725 501
744 507
231 505
248 504
268 503
282 505
301 500
317 503
337 503
353 505
369 508
387 500
406 508
422 499
441 503
457 497
476 500
492 497
510 503
528 499
545 504
562 497
580 503
597 503
614 499
632 497
650 508
665 503
684 500
701 503
719 503
737 503
