146 100
295 115
436 117
609 131
753 142
55 181
172 192
306 143
420 187
549 211
671 162
23 263
139 234
234 221
343 236
441 220
533 236
639 265
738 265
69 274
150 270
247 271
323 255
411 258
507 270
588 283
674 259
762 271
31 281
110 303
184 304
254 301
326 301
409 282
486 301
553 301
628 301
714 312
789 301
16 345
83 325
157 325
224 314
288 306
351 324
418 336
487 325
549 332
620 325
692 344
753 335
53 342
118 332
174 331
235 361
295 333
347 352
413 342
471 326
529 343
590 331
645 344
709 324
769 342
19 357
70 357
126 357
178 346
235 356
289 365
341 340
398 365
452 365
510 341
567 356
621 356
675 357
724 340
779 357
54 354
97 368
148 360
201 369
249 352
301 368
346 373
395 367
446 375
502 376
550 371
596 371
648 371
700 376
749 384
41 382
79 385
133 365
180 365
223 365
271 365
311 379
363 365
405 386
455 365
499 386
546 379
588 379
635 365
684 379
728 386
775 372
30 375
69 395
108 394
154 388
195 380
236 388
280 395
322 375
367 401
407 388
448 401
490 388
539 392
575 381
619 392
662 375
702 375
741 375
792 389
13 390
43 408
88 397
123 402
170 390
208 396
246 396
288 384
327 390
366 399
405 402
442 384
485 396
523 409
563 399
602 384
639 384
682 402
722 396
763 408
35 407
71 403
108 392
149 392
185 392
219 403
252 407
292 392
327 392
362 392
402 392
438 409
475 403
513 396
549 415
586 415
623 403
659 403
695 403
733 403
772 415
24 410
63 408
97 409
130 408
168 408
203 408
238 414
271 408
306 397
341 408
373 419
410 414
448 408
478 398
516 419
552 420
584 402
617 402
652 403
686 402
721 398
755 402
11 416
48 417
75 419
114 408
146 419
178 404
209 408
244 414
274 419
308 414
340 403
374 424
409 414
440 424
471 417
502 409
538 414
566 404
604 424
631 404
669 416
700 414
732 414
768 417
26 428
61 428
94 423
127 409
157 412
184 423
216 418
246 423
278 418
309 423
341 413
373 418
404 418
434 409
467 418
498 418
526 423
561 418
590 418
622 413
653 420
683 423
712 420
741 409
774 420
17 423
48 427
78 423
106 414
135 413
163 423
192 428
222 423
252 427
281 427
310 423
339 417
372 423
399 427
428 422
460 432
486 413
516 414
545 422
575 414
607 422
635 427
665 423
693 414
723 413
754 423
781 422
4 421
33 426
63 429
91 417
118 426
147 417
174 428
202 428
231 421
257 426
287 435
313 426
341 417
369 430
399 426
426 417
457 430
484 426
510 428
539 417
570 428
593 417
624 426
651 426
679 417
707 426
736 426
763 421
2 424
26 438
55 424
79 429
108 429
134 424
164 429
188 429
216 421
241 431
269 438
294 429
324 429
351 421
375 421
403 434
432 421
457 429
485 421
511 429
537 421
568 432
593 434
619 429
644 421
674 438
701 432
727 431
752 424
17 436
44 432
69 427
96 434
120 432
147 432
172 424
200 424
222 432
247 432
273 434
301 432
328 428
353 432
377 435
405 441
431 432
457 424
483 436
506 432
532 424
559 436
586 436
610 432
635 432
663 436
688 437
710 424
738 432
7 439
33 430
55 435
81 435
107 428
131 435
155 435
178 435
205 437
230 435
254 431
277 437
303 435
330 427
352 437
377 428
403 431
427 435
450 431
478 439
500 435
526 435
549 435
576 435
599 435
623 435
647 435
672 427
699 438
722 427
25 438
49 445
73 430
94 445
120 438
143 438
167 441
194 433
217 438
237 440
262 437
286 441
311 433
334 439
358 438
381 440
406 438
428 434
452 441
477 439
500 433
525 440
548 430
573 438
597 438
617 434
642 438
664 433
691 434
714 441
41 433
63 436
87 436
110 433
129 444
178 436
198 442
222 440
244 440
269 433
291 440
315 440
360 442
382 444
404 433
427 440
451 433
473 442
495 440
519 444
543 433
564 433
587 436
633 442
655 440
681 444
702 440
46 438
90 442
113 435
134 438
178 442
199 438
245 442
267 438
289 438
310 435
334 442
353 442
400 439
443 438
466 442
487 442
509 435
530 442
554 442
598 442
641 442
687 438
88 440
109 438
128 444
152 440
171 444
192 441
235 444
255 440
277 441
299 444
321 438
342 444
360 438
384 441
427 444
445 444
467 445
490 438
511 445
574 444
594 445
635 441
657 438
72 442
94 440
135 440
175 442
219 442
382 440
525 440
565 443
82 445
143 441
220 441
280 444
321 441
359 441
439 442
113 443
153 443
288 443
345 443
362 443
459 443
498 443
118 445
193 445
231 445
268 445
286 445
360 445
433 445
470 445
489 445
508 445
544 445
601 445
