122 64
317 44
538 34
969 40
67 181
224 198
386 181
572 219
736 152
902 163
128 251
253 279
397 286
538 295
660 294
799 265
962 322
59 342
180 340
297 344
408 356
538 310
659 379
768 343
889 326
42 362
129 420
234 394
350 361
444 392
556 400
661 392
760 388
868 397
972 390
54 436
146 455
249 410
333 412
434 414
525 429
613 454
712 444
797 430
886 413
995 444
26 463
107 474
200 439
270 475
358 464
435 468
524 447
607 477
692 469
766 462
855 463
928 448
14 465
80 486
162 473
236 487
308 473
390 476
460 466
531 487
611 509
685 508
763 495
843 486
905 477
987 488
52 507
122 508
184 528
261 518
331 506
396 508
466 513
536 507
603 507
677 507
740 528
810 508
872 498
940 485
1010 508
10 526
81 506
147 506
203 527
261 530
331 525
393 526
458 526
518 526
584 506
647 530
699 508
769 506
832 525
893 526
954 527
1014 507
6 531
65 542
119 543
179 543
241 524
294 524
350 543
411 542
472 542
530 552
581 542
638 524
697 543
760 561
814 524
878 542
933 561
993 547
38 544
85 553
140 557
198 543
254 563
308 559
363 554
415 536
468 536
520 559
573 554
633 537
686 554
739 537
795 545
857 571
901 538
953 538
1013 571
27 556
75 566
121 571
171 573
227 556
279 569
424 557
480 566
528 565
583 573
634 566
679 569
780 566
833 559
885 565
931 550
976 550
92 566
137 566
282 567
611 561
757 561
850 566
22 570
198 570
336 569
378 570
511 570
556 569
598 570
871 569
