62 8
0 180
71 134
151 112
252 115
364 74
529 54
730 37
16 237
78 225
133 213
208 166
281 195
362 178
484 155
616 103
782 76
986 82
24 256
65 265
112 252
162 250
225 244
294 192
364 238
451 193
561 192
680 128
815 130
984 97
16 292
57 269
89 292
134 274
182 267
235 237
292 277
359 242
428 245
506 220
593 175
711 171
823 137
963 150
17 319
47 307
81 311
118 281
155 297
196 268
249 282
292 254
345 272
406 265
470 254
547 241
623 260
721 250
823 189
954 189
28 310
44 335
81 317
104 314
141 310
179 307
218 293
257 307
300 293
351 278
402 269
460 275
516 247
584 237
660 253
745 249
842 215
954 221
71 329
95 326
126 317
155 306
191 317
224 298
263 310
301 298
341 285
387 300
438 282
485 277
555 261
611 255
685 244
756 260
852 251
936 228
111 339
142 323
165 328
200 312
226 337
260 327
301 307
339 313
379 325
419 305
475 310
520 314
574 309
642 286
708 300
777 280
863 277
942 258
162 325
191 341
220 333
247 317
276 320
309 311
351 308
385 326
424 324
468 313
515 299
567 312
617 290
677 295
741 289
811 289
886 299
953 251
207 331
232 346
259 341
291 328
320 325
350 344
385 328
424 332
461 308
499 327
544 307
593 317
646 312
699 305
757 318
816 305
889 290
969 305
232 346
259 344
286 331
314 346
345 326
373 323
410 334
445 331
482 342
521 330
557 309
601 320
650 301
700 297
757 299
813 289
873 301
947 296
269 349
294 347
321 340
352 349
376 353
407 343
444 338
475 336
513 321
551 344
588 335
634 312
679 322
722 311
776 316
833 321
888 293
958 304
297 352
324 340
350 351
376 336
406 345
433 343
465 342
501 339
533 337
570 335
610 335
652 323
692 331
740 325
789 329
840 326
897 331
961 328
324 344
348 343
377 351
404 350
431 348
461 346
493 350
525 343
554 329
593 333
631 337
668 341
711 332
756 322
800 327
848 310
907 329
960 311
347 356
370 346
398 354
422 352
451 351
480 343
508 358
541 346
572 345
611 343
642 334
683 327
721 329
767 337
814 338
854 316
906 340
960 309
368 350
393 358
419 357
446 351
470 349
497 343
529 361
556 350
589 353
618 336
655 345
691 348
733 346
771 327
812 324
861 334
905 345
955 330
1011 327
395 365
417 351
442 363
469 357
491 359
520 349
549 353
580 354
609 351
644 354
675 347
712 346
746 348
785 345
827 340
872 340
914 342
961 321
1013 331
411 363
432 366
457 361
482 351
507 361
535 358
559 357
588 355
620 354
649 352
681 351
717 360
750 348
789 348
827 333
867 343
915 346
952 326
1006 342
425 365
449 366
472 365
495 364
522 361
545 369
572 359
600 358
631 361
660 346
688 344
719 348
758 361
792 339
827 348
866 352
910 350
952 331
996 343
443 367
464 366
488 357
510 364
536 366
559 362
588 361
612 360
641 354
669 360
703 361
733 360
767 364
801 347
837 341
874 349
909 348
953 335
991 333
459 368
483 368
502 369
526 358
548 360
572 372
600 363
627 366
656 365
681 360
711 353
744 352
773 350
808 345
842 353
879 362
917 340
957 359
994 358
477 372
500 373
521 372
544 367
569 366
591 368
614 360
644 355
668 362
694 353
725 352
753 350
786 349
820 347
853 357
886 354
924 353
965 351
1002 350
490 367
511 370
531 362
554 369
576 361
598 363
625 366
650 365
674 360
703 364
728 358
755 353
787 360
820 368
852 358
887 357
920 360
954 345
994 353
500 366
518 372
542 371
561 363
583 362
608 369
630 368
656 371
680 367
706 374
730 357
758 372
789 354
819 357
851 365
883 364
914 349
950 362
982 346
513 374
533 380
554 366
573 372
594 364
617 373
643 377
666 364
689 368
714 367
742 366
768 365
796 365
823 372
853 364
883 361
916 356
951 359
983 349
528 382
548 381
568 367
586 373
607 366
631 372
653 367
675 371
701 373
725 369
751 368
775 371
803 367
830 369
861 360
889 364
921 367
953 361
989 365
542 383
559 376
581 371
598 375
621 381
641 377
662 366
686 372
710 373
734 370
757 370
784 369
808 368
837 367
866 359
894 374
927 369
956 364
991 367
554 378
570 377
590 373
611 376
630 375
651 375
672 374
694 367
717 374
742 368
765 368
788 366
816 371
842 362
871 376
898 360
928 370
955 358
989 373
561 379
581 375
598 375
617 377
638 380
657 370
678 372
701 375
721 378
746 381
768 376
791 375
814 372
843 371
868 366
898 377
923 371
953 367
980 359
1010 358
575 383
593 379
611 382
629 372
649 378
669 383
688 377
711 370
732 375
755 377
777 370
801 373
825 376
851 372
877 367
901 366
929 363
960 376
990 368
581 384
599 374
619 377
636 381
656 382
676 381
695 375
714 373
737 376
760 376
783 379
806 375
827 367
851 373
876 375
905 372
929 367
957 370
987 372
1013 361
591 376
608 387
627 375
645 380
664 380
684 382
702 379
723 379
742 384
764 377
788 378
810 379
832 375
856 374
881 374
905 366
930 373
957 372
985 371
597 385
613 382
630 382
646 376
666 382
683 383
705 380
723 385
744 385
763 378
784 378
805 377
828 380
853 382
875 377
899 378
927 374
951 376
976 369
1004 365
608 383
624 383
641 385
660 376
677 381
695 375
715 386
735 377
755 380
773 373
795 379
817 384
837 377
862 371
884 370
909 376
932 375
958 368
982 367
1010 366
611 387
629 381
645 381
664 383
680 382
698 377
717 376
737 381
754 384
776 382
795 380
814 379
836 373
858 372
880 371
905 380
929 370
954 372
979 382
1004 368
622 386
638 384
654 381
671 386
688 383
708 383
725 384
744 382
762 379
781 381
803 375
821 374
843 383
866 375
888 372
911 379
934 377
956 379
981 370
1008 372
628 387
644 388
659 386
677 382
692 384
712 385
728 386
746 379
765 377
785 382
802 376
824 375
845 382
865 380
885 374
908 379
933 380
953 372
979 381
1003 371
633 383
650 386
666 386
682 385
698 380
714 384
733 379
751 380
769 386
788 377
806 377
825 382
846 376
865 375
887 383
910 382
932 380
954 373
978 382
1002 372
