28 27
186 77
343 27
466 54
592 107
693 98
792 91
91 137
204 126
322 152
428 143
537 146
644 181
720 133
105 189
207 195
297 212
389 227
482 231
558 217
637 188
721 215
788 205
51 238
134 228
213 266
301 245
375 233
454 250
531 256
592 264
663 255
720 257
785 270
7 260
97 263
164 266
244 278
307 259
380 281
443 292
507 265
568 284
627 277
682 305
736 294
18 312
101 284
162 304
226 305
290 311
356 288
413 311
470 317
526 291
580 299
636 293
685 319
731 328
780 312
55 325
118 329
182 309
244 309
303 310
360 310
413 311
463 318
516 328
562 336
611 319
662 329
702 329
746 330
788 315
7 334
68 344
124 334
186 336
239 352
289 352
347 345
391 345
446 330
492 345
537 360
577 345
626 345
668 336
709 349
749 345
791 349
47 376
104 363
155 360
210 360
258 367
305 360
353 345
400 366
446 345
489 359
530 359
573 359
611 359
658 372
692 358
733 371
767 358
5 374
58 367
109 359
158 373
207 359
249 359
296 372
340 376
381 372
428 372
464 384
506 375
547 375
583 358
620 374
660 376
692 370
728 370
765 358
16 378
70 372
112 372
158 389
201 388
244 388
289 383
333 383
369 395
409 382
448 382
487 394
523 387
558 381
593 380
630 369
666 391
695 380
728 379
763 379
4 384
49 402
87 398
134 388
180 382
221 382
257 394
297 405
337 395
372 392
409 392
447 380
482 391
516 390
551 383
585 389
617 389
647 382
681 394
711 382
740 391
771 387
11 406
55 393
92 397
134 415
175 403
216 391
250 391
286 413
323 401
359 403
393 389
431 399
460 404
494 388
527 398
557 391
588 397
622 398
651 396
678 386
709 395
737 385
766 404
790 394
2 417
45 407
80 413
120 405
156 411
192 411
228 410
267 415
299 409
334 398
368 407
399 413
435 407
463 411
497 400
528 395
558 400
585 414
613 408
641 403
670 403
698 404
723 406
747 392
778 410
8 420
46 409
83 413
118 419
154 423
187 419
222 417
254 419
287 415
323 415
355 404
384 404
415 403
447 417
475 402
503 406
533 414
559 410
586 410
613 400
638 409
670 408
695 408
716 407
743 411
769 407
17 433
53 432
91 426
124 430
158 424
191 433
224 413
258 422
289 421
319 411
349 411
378 415
411 419
435 418
467 423
493 420
520 417
545 425
575 416
598 406
624 411
651 414
676 414
700 413
724 408
750 416
773 412
1 433
35 432
68 422
100 431
132 433
166 432
195 423
226 428
259 429
286 422
318 431
346 426
372 430
404 434
430 415
455 423
485 418
509 422
533 417
559 421
586 420
610 420
634 420
659 411
684 418
705 419
725 409
749 417
773 416
24 429
56 433
88 428
118 436
148 435
178 444
208 425
237 433
264 434
296 432
322 423
352 435
378 432
405 438
431 431
457 428
481 419
506 419
531 418
556 434
579 429
600 417
627 416
647 416
673 427
692 422
716 422
739 423
759 428
28 434
55 445
117 437
177 444
205 434
233 430
260 432
286 437
315 436
342 431
369 430
394 436
419 426
445 437
466 428
490 440
518 435
540 431
563 422
586 429
608 421
632 436
652 424
676 427
696 435
717 434
738 418
236 444
311 444
338 439
363 439
385 438
412 437
436 441
459 438
483 428
506 443
529 438
550 429
574 441
595 433
616 425
638 432
660 439
679 431
698 432
721 430
188 439
266 437
291 440
362 435
387 434
412 434
433 445
458 440
478 443
501 435
522 438
544 442
566 434
586 437
608 437
629 439
649 435
667 428
687 434
706 433
316 440
338 439
408 445
431 444
472 443
495 435
514 442
557 441
578 437
618 439
638 438
657 438
675 437
692 437
289 444
355 445
380 442
464 442
504 445
524 438
546 444
564 437
585 436
604 442
623 442
659 441
679 434
554 442
592 445
646 445
664 444
453 445
527 443
548 445
565 442
618 443
635 440
572 444
589 444
605 444
