662 1
903 1
2 63
106 65
215 66
330 71
432 83
531 85
642 65
749 67
858 72
952 24
77 84
169 82
264 101
354 101
449 99
548 103
631 113
731 114
821 114
914 73
1003 126
37 118
113 138
196 153
278 139
361 141
430 139
520 141
601 116
674 116
756 130
841 152
926 141
1007 140
9 167
85 165
159 173
230 155
304 176
376 166
456 188
528 176
595 167
670 155
743 187
821 167
888 178
965 176
5 170
75 172
134 200
201 209
267 189
332 193
400 190
471 196
537 171
600 200
664 178
731 172
799 190
865 180
928 201
999 172
35 200
99 211
152 209
218 229
282 193
339 219
404 229
461 198
526 213
587 213
640 210
708 227
766 191
819 193
889 218
950 210
1005 219
11 227
67 216
123 227
182 227
237 227
293 227
343 225
406 210
459 210
518 210
575 225
631 226
682 231
742 217
797 210
847 217
909 242
963 243
46 242
99 241
149 257
199 226
256 245
308 242
355 243
408 257
458 232
509 242
560 226
613 234
667 242
721 232
767 242
821 250
869 233
924 227
32 239
79 253
125 254
173 253
227 240
274 257
322 253
371 261
414 253
462 254
514 253
560 261
609 261
655 239
704 239
756 247
799 261
849 239
894 240
18 250
67 256
113 258
155 266
197 278
242 264
294 251
339 251
383 257
425 271
468 264
517 255
558 250
605 277
650 256
699 264
743 256
789 277
828 271
876 268
54 277
97 279
139 279
180 265
225 278
264 265
306 285
352 273
392 279
436 266
482 279
522 261
567 285
605 273
651 260
694 265
733 273
776 265
820 272
861 261
80 282
120 287
158 288
203 270
238 282
279 282
319 288
362 282
398 284
442 286
477 288
519 282
562 282
601 288
639 284
678 274
721 270
760 282
800 288
837 288
102 289
140 300
179 282
217 282
254 289
292 289
333 289
369 289
408 282
442 300
481 289
519 289
558 300
597 282
636 295
669 282
711 283
747 289
788 291
823 283
121 296
160 285
196 298
232 296
267 296
302 296
338 290
374 298
410 286
445 296
478 299
513 301
551 301
589 286
620 296
659 286
693 301
730 285
768 285
799 296
141 296
174 313
210 303
244 305
278 293
310 302
346 292
378 293
411 304
446 308
479 313
511 302
547 292
580 308
612 307
649 292
684 305
715 302
749 307
783 297
156 308
190 299
223 308
253 308
283 313
317 318
352 308
381 303
417 308
445 308
479 308
513 308
542 313
576 308
610 299
638 303
674 312
706 313
737 310
770 308
172 313
206 304
235 314
265 316
296 309
328 304
356 313
389 313
417 318
451 304
479 308
513 309
539 308
573 304
605 304
632 308
663 314
697 323
727 308
755 316
189 310
218 313
243 322
273 320
303 323
334 319
365 313
390 327
422 323
452 318
481 318
510 313
539 310
568 314
597 319
625 321
658 313
685 313
712 310
746 318
206 323
233 322
264 314
290 317
320 327
349 314
374 323
404 314
432 323
458 322
486 319
515 327
544 327
573 318
599 314
628 331
655 323
685 314
714 323
741 324
220 319
248 319
274 319
298 326
327 335
352 327
380 335
408 327
433 327
461 327
487 327
514 328
543 322
569 335
593 331
624 319
650 322
675 318
701 331
729 327
227 330
254 334
277 334
304 334
330 330
357 330
381 322
407 330
434 330
461 325
485 332
513 323
539 326
565 330
590 325
617 326
641 330
667 330
694 334
718 330
237 333
261 330
288 333
314 326
335 337
360 337
388 341
412 326
438 333
462 337
485 333
514 326
535 337
562 326
589 328
613 333
636 328
661 333
685 337
710 326
250 336
274 329
298 340
323 336
345 340
369 343
394 329
418 332
441 329
467 336
492 336
515 340
539 332
564 329
585 333
613 332
635 338
661 340
683 336
707 336
256 339
281 342
305 335
327 332
350 342
375 339
397 341
420 332
446 346
469 335
492 339
516 341
537 335
560 346
583 339
609 332
631 332
654 339
678 339
700 339
265 345
286 342
311 348
333 335
355 343
379 348
400 337
424 335
447 342
466 335
489 348
514 342
535 348
557 337
581 345
603 338
628 345
650 337
672 342
694 337
274 348
294 346
316 344
339 344
361 344
382 340
406 338
428 346
448 347
470 344
492 340
513 344
537 341
557 341
578 340
602 345
624 348
646 345
666 346
687 351
282 340
303 343
324 350
345 347
365 340
386 350
407 353
428 350
451 343
471 348
493 347
512 347
535 353
555 347
577 347
598 343
617 347
640 347
659 340
681 353
285 349
306 345
327 352
348 343
367 343
387 349
409 350
428 343
449 349
468 352
489 345
512 343
532 349
552 352
571 343
593 352
613 345
635 352
654 352
676 351
292 357
313 351
330 354
353 354
371 352
390 352
410 351
430 345
450 353
470 351
489 351
509 351
531 354
551 345
569 354
589 351
609 348
630 345
648 351
670 351
297 347
319 347
337 353
354 347
375 353
395 353
412 353
432 347
453 353
471 353
490 359
509 356
530 353
549 356
569 353
587 353
606 356
626 353
647 355
666 349
305 354
325 355
344 360
363 355
380 355
400 356
419 349
436 354
456 355
475 349
495 354
512 349
531 355
551 355
567 355
588 349
607 352
624 354
643 355
663 355
309 354
327 356
345 353
364 356
380 356
398 359
417 353
437 351
453 359
472 359
489 351
510 356
526 362
546 358
564 356
582 353
602 356
618 359
638 351
656 351
317 358
335 358
351 358
371 352
388 363
405 363
423 358
441 358
459 360
477 352
494 352
513 358
531 352
547 354
566 360
585 358
603 352
620 360
638 359
657 363
320 362
338 364
354 359
373 365
390 360
407 359
424 354
442 364
460 359
476 359
493 357
513 359
528 354
547 354
564 354
580 357
600 354
617 359
633 359
651 361
321 356
339 361
357 358
373 366
390 361
408 363
425 361
441 355
458 363
475 358
492 362
510 362
527 361
543 358
559 355
578 361
594 362
610 356
629 361
647 361
