111 72
242 60
399 57
534 81
678 25
824 53
970 73
53 119
153 153
291 141
408 143
519 138
633 158
755 108
874 139
993 156
25 207
116 202
220 232
331 175
416 208
527 178
626 186
723 218
825 205
913 179
10 227
105 254
182 251
269 226
350 264
447 278
526 249
611 265
704 259
786 250
871 263
964 249
54 295
133 286
212 286
293 275
371 295
445 293
525 286
591 286
670 285
749 273
822 264
906 273
979 284
35 311
95 321
169 312
243 312
310 292
377 310
449 292
515 309
584 300
653 310
721 311
789 292
857 291
929 312
1014 330
2 342
74 323
128 321
195 332
255 333
328 316
389 334
446 321
515 334
573 323
639 332
700 323
760 334
826 337
889 323
945 316
45 333
93 358
154 355
224 333
276 366
335 359
397 332
450 339
511 349
573 349
635 354
691 350
748 355
812 352
868 351
928 350
984 355
25 350
75 349
123 365
180 355
235 365
289 380
345 358
402 364
452 381
513 380
565 374
619 349
674 354
728 373
781 349
837 356
892 373
953 364
16 368
67 386
112 393
169 363
218 371
267 362
323 377
367 393
424 393
474 378
526 384
574 362
630 392
676 384
734 384
784 382
832 378
883 370
933 362
29 389
86 375
126 389
177 389
223 403
268 389
323 375
367 390
415 380
461 376
510 390
556 404
607 404
652 397
702 390
752 390
800 381
846 390
891 375
29 400
74 386
121 386
156 412
205 413
250 399
297 386
346 386
388 399
430 406
480 412
520 400
568 399
616 406
655 391
700 399
751 399
793 399
842 406
888 399
51 416
98 410
142 410
180 416
222 410
266 423
310 404
348 410
390 423
432 416
473 422
515 402
561 397
602 409
643 410
685 416
729 410
770 397
815 410
853 410
69 420
110 418
145 420
193 406
229 418
270 406
309 424
347 424
390 430
426 418
468 418
508 418
547 418
590 417
632 417
670 417
708 417
750 418
786 410
829 423
97 425
135 427
175 425
217 413
256 414
288 424
328 436
365 417
407 413
443 414
479 414
519 414
555 431
598 424
630 424
668 425
711 425
746 425
785 418
824 413
114 443
150 434
190 435
226 432
259 433
299 421
333 425
368 433
404 432
441 426
475 426
514 421
550 432
585 437
620 421
655 433
689 433
726 427
764 422
799 422
141 428
175 441
207 444
242 428
277 443
311 438
346 428
382 438
417 428
447 433
481 444
517 438
553 438
586 443
619 432
651 428
690 439
721 433
756 432
792 428
153 439
187 449
217 444
248 444
284 444
316 447
347 434
384 438
416 449
447 449
479 444
512 454
546 447
577 446
610 444
643 444
679 449
708 449
740 444
775 444
171 454
203 440
234 449
266 440
296 440
328 459
358 444
390 440
422 450
451 449
483 449
515 445
545 440
578 440
609 450
639 449
669 445
700 449
732 440
762 450
186 449
213 454
246 458
275 454
307 454
334 445
365 448
396 454
423 445
456 454
485 457
515 448
546 454
574 456
606 454
633 454
664 449
693 454
727 454
756 454
201 462
228 458
257 458
286 449
317 458
345 458
372 458
404 460
433 458
462 458
491 461
516 462
545 458
574 463
605 462
635 458
662 467
693 458
719 449
748 453
211 454
234 462
264 466
288 470
320 462
347 465
376 454
402 466
431 454
455 462
487 454
514 462
540 471
569 462
598 462
625 462
653 462
677 462
706 454
736 471
219 470
246 458
273 466
300 461
327 461
351 466
378 458
407 466
431 469
459 475
486 468
511 466
537 462
565 466
590 470
620 470
645 468
673 466
696 461
726 466
235 465
258 469
287 469
311 469
339 470
361 477
389 471
414 472
441 477
466 462
490 470
517 466
543 471
569 469
595 469
619 461
647 477
670 465
698 470
723 469
244 473
268 473
295 481
316 480
344 473
368 465
391 474
418 465
443 473
466 480
493 473
517 477
543 468
567 475
592 473
616 468
642 477
664 468
691 465
715 466
250 476
276 476
298 469
322 472
346 480
372 476
392 476
417 483
443 480
466 476
490 472
512 476
537 476
560 476
583 469
609 476
630 476
654 469
680 483
703 476
257 482
282 479
304 481
329 472
351 479
375 479
397 482
419 486
442 479
467 474
491 472
512 475
536 475
559 482
583 479
606 482
629 479
651 479
673 474
699 479
264 481
287 485
309 483
332 475
354 485
377 475
399 478
422 481
446 481
468 483
490 481
511 483
534 483
556 481
580 483
600 483
625 483
645 481
667 481
691 483
267 484
292 484
312 484
336 477
358 484
379 477
399 484
422 477
443 477
463 480
486 485
507 487
528 484
550 490
574 487
594 484
616 491
639 491
661 491
680 484
279 486
298 486
321 480
340 492
361 487
383 486
403 492
425 486
447 487
469 483
488 486
510 482
532 486
553 492
574 486
596 483
615 486
638 483
657 479
680 479
291 482
311 488
333 482
352 482
371 492
392 482
412 482
435 488
455 495
474 482
495 491
515 488
536 488
556 488
576 495
597 488
619 495
637 491
658 495
679 488
291 494
310 490
330 490
349 494
369 494
390 494
411 492
430 490
449 487
468 494
488 490
509 497
529 494
549 490
567 491
589 491
607 487
628 497
647 484
668 484
300 486
321 486
340 486
358 494
378 492
398 498
415 493
435 489
456 486
475 492
495 492
514 498
533 489
552 492
570 486
591 492
611 498
629 492
648 498
668 495
303 496
322 494
340 494
361 488
378 497
399 494
418 494
434 488
453 494
472 494
493 497
510 494
530 495
549 497
569 494
586 494
605 494
624 488
643 488
660 488
312 496
328 496
349 499
366 501
385 496
402 499
421 498
439 496
458 492
475 490
494 490
512 497
531 490
550 496
567 490
587 490
605 499
623 496
642 496
659 496
314 494
330 497
350 503
368 499
385 492
403 499
421 492
438 500
456 497
476 498
492 498
510 497
528 497
546 497
564 500
583 500
599 494
618 497
636 497
653 500
320 494
337 504
355 499
372 499
391 499
409 494
426 500
441 494
459 499
477 502
495 494
512 496
531 499
547 499
565 499
581 494
600 499
617 494
635 499
652 502
