97 27
208 32
302 47
411 71
526 32
640 51
741 79
53 130
157 91
247 107
345 123
440 115
528 112
619 108
707 83
17 163
103 131
177 154
246 150
329 154
416 149
486 158
577 149
646 151
734 156
8 187
69 193
145 185
218 187
283 186
356 185
421 166
500 194
561 173
641 206
701 165
779 196
36 216
96 220
157 196
220 216
287 224
342 216
404 206
465 216
530 214
593 204
661 214
715 199
774 216
12 237
69 223
131 222
183 237
237 237
295 227
349 221
404 239
464 237
514 238
573 246
623 221
687 237
733 239
11 243
67 243
112 248
157 272
211 248
265 257
313 257
359 264
415 265
464 265
518 256
563 264
615 250
670 264
715 261
761 243
42 278
91 272
133 278
179 259
223 272
270 286
316 272
365 264
413 279
458 258
508 272
552 263
595 276
645 272
686 264
734 272
781 272
25 276
66 283
113 271
152 271
194 270
242 272
282 283
321 283
370 283
408 271
454 283
497 296
536 276
580 284
624 270
664 284
713 287
754 284
2 294
37 306
83 294
123 298
160 306
206 295
240 306
284 294
323 283
365 294
406 295
445 282
486 289
523 301
564 283
603 294
645 295
687 297
724 295
760 283
34 294
63 315
102 304
142 306
177 304
213 306
253 293
293 304
331 294
365 298
404 315
440 293
476 310
513 310
550 299
588 310
629 304
664 293
704 304
739 304
776 293
20 318
58 313
91 314
123 323
162 302
195 313
231 319
263 318
303 324
338 303
371 313
404 324
440 303
475 315
512 307
547 323
581 323
616 313
653 318
683 313
721 313
753 313
788 313
11 314
38 319
75 310
105 324
138 320
172 319
206 320
238 320
272 320
302 319
339 320
373 330
402 314
437 309
471 313
500 310
534 320
570 315
604 320
635 320
666 314
700 322
734 314
769 320
26 336
63 317
88 326
121 327
155 328
185 327
216 327
245 336
279 326
310 327
342 327
371 327
403 331
434 327
464 327
498 326
529 331
560 318
592 327
623 322
654 327
681 318
715 332
750 336
776 322
12 342
47 324
75 338
107 324
132 342
166 324
192 324
221 333
250 333
280 333
309 324
339 324
369 342
399 328
429 338
459 324
488 324
515 335
548 333
574 333
608 333
633 333
665 338
691 333
722 333
751 333
781 333
8 347
41 330
65 338
92 347
122 339
153 339
181 330
205 347
235 338
264 341
290 340
317 339
346 343
373 339
402 330
431 333
458 347
487 339
514 334
540 330
569 343
600 342
626 342
654 338
680 340
710 338
739 339
766 333
3 335
28 340
55 348
81 335
107 346
135 344
162 344
186 348
214 347
241 335
267 336
292 347
322 344
346 348
374 347
401 343
428 346
453 351
480 335
505 335
531 348
558 351
588 345
610 336
638 343
663 335
693 343
715 336
743 344
18 348
43 340
68 349
94 348
119 343
147 340
169 350
195 348
223 340
245 347
271 347
295 343
322 348
347 348
371 355
399 340
423 348
450 344
473 350
500 351
527 348
551 340
578 349
601 340
627 344
650 348
679 343
701 340
731 347
16 352
41 344
62 351
90 344
110 351
135 355
159 347
183 351
209 344
234 351
259 351
284 344
307 348
330 351
356 359
380 347
405 355
429 351
454 347
477 344
504 355
525 347
550 351
576 347
601 351
627 359
646 344
672 348
696 351
722 352
27 351
53 348
72 359
97 359
120 351
143 348
165 362
189 355
212 359
239 355
261 351
286 348
306 348
329 355
355 348
378 355
400 355
425 355
447 348
471 348
492 348
519 355
540 348
564 357
589 362
611 362
635 359
656 351
679 355
702 348
48 352
69 360
91 352
111 366
136 360
158 362
179 359
202 358
225 359
249 359
271 366
290 362
316 359
339 352
358 362
384 355
405 358
425 359
450 358
472 366
494 359
516 359
539 359
560 362
583 359
604 355
626 352
651 359
674 362
695 359
54 363
77 358
99 363
121 361
142 368
165 355
187 355
205 361
229 355
250 361
271 361
293 363
314 363
336 361
357 358
379 361
401 358
422 361
443 358
466 355
486 355
509 365
529 362
554 368
572 361
595 368
615 365
638 357
658 358
682 365
72 358
89 364
111 368
132 364
151 366
172 364
195 368
216 364
235 364
256 364
278 358
299 360
319 367
341 368
361 371
383 361
401 358
424 367
444 364
465 364
487 367
508 361
527 358
548 358
569 371
589 364
611 361
631 358
651 358
672 364
81 367
104 361
123 369
141 373
164 367
182 367
202 363
224 363
243 367
263 367
281 370
302 367
322 369
343 373
363 363
382 367
403 367
421 367
443 367
463 367
483 361
502 364
523 364
544 363
563 363
584 369
602 364
624 367
643 367
664 367
93 370
113 370
134 373
153 370
171 371
190 373
211 370
230 370
249 373
269 370
287 366
306 373
327 376
347 366
365 370
383 370
403 367
424 364
441 373
461 370
481 366
500 364
519 364
538 367
559 370
577 373
597 364
618 373
635 364
655 370
103 375
123 369
140 372
159 375
180 366
197 375
217 366
235 368
253 369
271 373
290 372
311 369
329 372
347 372
365 373
385 372
402 366
423 369
439 375
459 372
477 366
496 372
514 366
534 375
554 368
573 377
590 375
609 372
629 372
648 375
112 377
131 374
148 374
169 369
185 374
203 377
222 377
239 377
258 371
277 377
293 376
312 376
331 369
349 380
366 377
384 377
403 374
420 374
438 377
457 374
473 369
493 374
511 374
530 377
545 369
564 374
583 380
601 374
619 374
635 369
119 373
136 376
155 376
173 371
188 382
207 376
224 373
243 371
260 374
277 382
293 379
311 376
328 377
346 371
365 376
382 371
399 378
417 371
435 376
451 376
469 379
487 376
503 379
521 379
538 373
557 376
574 376
592 376
609 379
626 379
129 378
147 373
164 380
180 378
195 381
214 373
231 381
246 378
263 381
281 379
298 378
316 379
331 380
348 379
365 373
382 381
400 378
417 378
434 378
451 378
467 383
484 378
502 381
519 378
536 373
552 380
569 381
585 384
603 373
619 380
136 380
152 381
169 380
185 383
203 377
220 377
236 382
251 382
269 377
285 380
302 380
319 375
334 375
349 382
366 380
384 380
399 380
415 381
433 377
448 380
465 380
482 380
500 385
516 380
532 380
549 382
566 380
581 380
597 382
612 380
143 384
160 377
175 382
193 384
207 382
223 377
239 377
256 382
271 384
288 384
303 377
318 384
336 377
352 377
367 382
384 382
399 382
414 382
431 382
447 377
462 384
480 383
496 382
512 379
525 377
542 377
558 384
575 382
592 382
607 384
151 388
168 388
184 384
199 383
213 386
229 383
245 388
261 379
277 383
291 385
306 379
323 386
339 379
354 381
370 383
385 386
400 381
415 383
431 381
446 383
461 381
476 380
494 385
507 383
524 384
540 388
555 381
571 381
587 381
603 388
155 380
171 387
185 390
200 385
215 386
231 382
247 387
261 386
277 380
291 387
306 386
322 390
336 386
352 382
368 387
382 386
398 386
413 380
428 380
443 383
458 390
472 385
488 380
502 385
518 387
532 385
549 385
563 385
578 385
592 387
166 386
180 386
196 382
208 384
223 391
239 387
253 382
268 386
283 382
298 382
312 384
328 384
341 386
356 382
370 391
385 387
401 387
415 387
430 391
443 389
459 386
473 387
489 386
503 382
516 384
531 382
546 384
561 386
577 389
591 386
171 385
185 388
199 389
214 388
227 389
241 388
255 392
269 388
284 383
298 390
312 390
328 389
341 383
355 388
370 385
384 390
398 385
413 389
426 383
441 383
456 388
470 383
483 383
499 388
512 388
527 388
541 383
557 388
569 389
584 388
179 390
192 387
205 385
220 385
233 386
248 390
261 390
276 389
291 385
305 387
318 394
331 390
346 389
359 389
373 385
386 389
401 393
414 391
430 393
443 389
458 389
470 390
485 391
498 389
513 390
526 391
540 389
554 391
568 390
582 386
181 390
194 388
208 390
221 386
235 386
249 390
261 390
275 392
290 386
302 392
317 390
330 392
343 391
358 390
371 392
384 392
399 386
411 386
426 390
438 388
452 388
467 390
479 392
494 391
507 388
520 388
534 390
549 390
562 386
575 391
