734 3
854 29
960 21
52 22
213 73
381 25
507 97
627 111
741 85
848 126
945 171
95 101
226 150
346 121
475 167
568 167
674 150
762 181
850 206
945 230
5 152
131 136
233 208
353 194
455 178
546 218
642 250
714 234
791 246
869 230
940 266
1017 268
45 202
166 218
265 226
361 223
451 245
527 254
608 265
682 272
757 257
831 285
893 290
948 277
1012 285
54 259
151 260
243 288
331 249
406 278
488 311
561 283
621 280
689 307
753 291
817 317
884 341
936 347
987 334
89 283
173 300
253 275
331 309
408 308
480 300
544 318
604 335
666 330
728 353
785 349
842 361
891 351
938 351
985 365
49 308
128 313
202 317
275 304
341 327
407 352
472 347
531 359
590 338
641 333
699 353
749 362
805 370
845 366
895 370
936 356
987 391
49 332
115 321
180 347
246 350
316 337
376 359
439 353
493 342
551 369
605 373
654 376
705 372
751 391
793 378
844 381
885 399
925 372
964 383
1003 378
58 346
129 359
192 363
249 367
315 366
368 369
422 354
474 373
525 361
577 394
630 381
670 387
717 394
761 377
803 400
841 382
884 385
921 401
960 403
999 406
25 360
91 364
154 352
206 354
265 366
318 378
372 382
421 383
474 387
517 389
568 400
611 409
655 384
696 386
741 402
778 397
813 393
852 402
894 423
925 414
963 407
994 418
52 375
111 379
168 371
225 377
274 391
324 394
378 392
424 381
470 391
513 386
555 393
601 411
638 420
683 416
718 399
759 413
795 415
832 419
865 414
898 415
935 423
967 424
998 428
10 375
64 402
115 390
169 378
222 395
273 384
315 392
361 406
413 405
451 399
494 408
537 411
580 415
617 403
655 417
693 419
732 409
765 423
796 425
834 420
864 422
900 435
933 431
961 433
992 440
1015 430
32 396
82 402
130 408
181 404
231 409
277 408
323 412
367 412
410 414
450 409
487 424
528 419
563 421
604 423
640 414
673 438
708 428
744 424
776 437
808 423
839 435
875 442
898 428
931 445
960 443
989 442
1015 448
53 393
99 414
144 401
190 411
234 413
281 416
324 430
364 432
404 421
441 423
482 418
517 433
557 428
592 442
628 421
660 433
694 435
724 425
756 438
788 439
819 440
849 436
880 438
905 444
934 446
960 437
991 448
1013 449
3 399
53 402
94 416
143 418
184 432
224 421
266 426
306 425
349 431
386 417
424 420
460 443
495 445
531 446
566 436
599 438
635 439
662 435
696 437
724 434
758 439
785 451
815 448
843 449
871 449
900 461
922 446
952 458
972 445
25 409
69 425
114 424
151 431
193 427
235 441
274 436
313 421
353 437
389 425
424 437
457 433
492 434
528 441
556 432
592 438
621 439
651 451
682 448
710 454
742 450
768 461
798 453
825 463
851 459
878 460
902 457
927 449
952 459
44 428
88 419
123 432
168 433
202 435
243 437
278 438
316 434
349 440
386 436
419 444
454 445
488 451
518 447
549 448
580 449
609 445
640 457
669 458
697 464
726 460
751 461
778 452
804 449
830 455
855 460
877 456
905 462
928 463
0 433
39 445
83 436
121 431
160 434
196 440
235 431
268 433
306 434
336 451
372 446
407 438
435 449
470 450
501 442
530 457
558 445
588 460
618 447
646 457
673 449
699 450
727 451
753 465
779 453
803 463
827 464
850 456
876 470
899 469
24 439
61 443
103 442
141 443
173 445
212 436
245 442
281 449
311 452
345 445
377 442
408 462
441 456
471 446
502 456
527 448
555 450
583 459
613 460
638 466
664 458
694 463
716 464
743 465
766 466
790 467
815 459
840 468
862 469
883 462
29 450
67 457
102 448
139 451
175 440
206 446
241 443
272 453
302 459
334 460
368 456
396 457
427 463
456 451
486 461
513 463
540 457
567 463
594 460
621 470
645 475
670 468
697 463
721 461
743 470
770 478
789 463
816 472
834 475
859 477
49 451
83 452
119 453
154 457
185 458
216 466
252 448
284 458
312 459
345 451
374 461
403 457
430 467
458 464
484 467
512 470
540 467
563 476
590 463
615 461
640 462
663 471
685 464
710 480
733 473
757 478
781 482
801 475
825 480
845 472
54 455
82 461
118 458
149 458
183 459
217 452
244 461
276 463
303 463
331 459
363 456
388 461
417 467
446 459
470 464
498 469
522 470
546 471
571 472
597 476
619 481
646 478
669 475
688 475
711 469
735 473
757 478
776 486
801 486
820 472
59 460
91 461
124 463
157 454
187 458
216 464
245 465
273 470
301 467
333 472
359 464
384 465
413 462
437 474
466 468
491 477
515 465
540 469
564 477
587 468
609 472
632 477
655 474
679 480
697 472
720 480
742 480
764 485
782 484
804 482
77 468
107 464
140 465
167 469
198 475
228 468
255 469
284 471
311 470
336 479
363 472
388 473
416 474
440 478
467 483
488 483
515 480
537 477
560 481
584 482
607 483
627 472
649 480
670 477
694 484
713 486
734 476
756 491
777 487
797 492
87 459
115 468
144 469
170 474
200 472
229 473
254 464
280 473
306 478
334 478
359 475
385 476
409 469
435 474
456 480
483 471
504 481
528 480
550 476
571 478
595 485
616 490
638 485
658 480
681 484
701 488
720 485
739 479
758 487
778 487
93 471
121 471
151 480
179 477
204 474
232 482
259 479
285 468
310 476
335 477
359 471
386 479
409 483
432 476
456 481
479 485
500 482
524 483
546 480
566 484
590 488
610 478
628 479
650 489
669 487
691 484
711 494
729 491
749 485
765 483
98 474
125 475
154 476
180 469
205 469
234 480
257 478
282 481
308 473
331 477
356 481
380 489
402 475
426 490
449 476
469 477
491 487
514 485
535 486
556 486
577 480
596 491
617 488
637 489
656 486
675 490
694 492
715 486
732 485
751 495
97 473
122 481
149 474
177 479
201 472
228 484
250 482
275 481
301 486
325 483
349 483
369 480
392 491
416 489
439 486
460 489
482 487
501 487
523 488
543 488
564 489
583 483
605 493
623 490
641 491
662 491
681 492
699 492
717 499
735 493
103 480
129 480
156 481
182 474
204 478
229 479
252 479
278 480
299 478
324 485
346 486
369 482
390 489
412 489
432 488
453 488
474 489
497 483
514 487
536 491
557 494
576 491
596 492
612 492
632 493
651 487
669 497
688 491
705 489
722 495
118 482
143 483
166 484
190 484
216 478
237 489
263 486
284 486
308 489
327 491
353 488
374 489
395 489
414 490
436 491
456 492
478 494
498 495
516 488
538 492
555 493
575 496
593 488
610 488
631 495
649 501
665 499
684 499
700 502
719 494
118 488
144 485
167 489
192 486
215 480
238 488
259 485
282 490
306 485
326 483
348 490
368 484
390 488
411 485
429 495
450 493
470 496
491 496
510 490
526 494
545 495
565 489
584 499
603 498
619 494
637 497
656 497
674 501
691 501
704 493
122 494
145 488
168 484
193 482
215 491
235 496
259 490
280 491
301 491
325 492
344 492
366 486
384 493
405 490
424 494
443 494
464 495
483 495
501 492
520 496
539 491
556 494
575 500
591 492
609 495
626 499
645 493
660 502
677 500
693 497
124 496
148 490
168 492
193 484
214 498
235 485
257 495
277 489
298 487
319 494
341 488
360 498
380 495
400 495
419 499
437 496
458 497
475 497
494 504
513 499
528 493
547 499
564 505
581 500
599 500
616 500
634 506
650 496
667 501
682 502
132 485
151 495
175 486
195 495
217 487
237 494
257 500
280 496
300 491
319 496
339 496
361 493
378 497
396 497
415 492
434 498
453 504
471 502
490 493
507 494
526 494
541 497
561 501
577 501
594 504
610 502
626 502
641 497
659 504
673 498
133 496
155 497
179 488
199 494
221 489
240 495
259 496
281 490
301 497
319 491
339 503
358 494
376 498
396 493
414 496
433 494
451 500
468 503
487 501
502 495
522 501
537 502
554 502
570 497
588 504
604 503
621 503
637 501
651 509
668 504
138 498
159 497
182 496
201 496
222 491
242 491
264 498
284 492
302 498
321 504
341 493
359 499
377 494
393 506
414 497
431 498
449 498
466 507
482 505
501 497
519 508
533 503
550 503
566 504
584 504
599 504
615 505
631 500
647 508
662 506
146 491
168 497
186 498
209 492
228 493
245 499
266 499
286 500
304 506
322 503
342 501
360 504
377 496
394 496
413 502
429 502
446 508
465 505
480 504
498 499
514 504
531 505
546 508
563 506
579 508
593 506
608 503
625 509
638 507
656 507
