577 24
712 15
21 38
173 61
311 53
430 84
543 115
648 94
731 127
53 141
179 151
291 177
394 186
489 209
570 188
651 180
728 175
70 235
185 188
267 247
369 212
446 231
530 239
597 219
665 225
732 254
55 284
151 248
245 274
320 270
398 285
464 288
534 267
598 272
652 290
711 277
760 273
6 282
75 319
167 299
246 280
311 314
380 306
441 328
507 320
560 293
620 304
671 315
719 317
765 318
37 329
115 306
190 309
255 330
317 337
380 342
432 343
487 324
540 336
591 320
638 338
686 339
727 340
768 344
55 332
113 351
179 334
244 353
301 353
351 344
407 338
461 346
509 340
555 347
598 357
642 357
682 365
723 358
756 345
60 353
120 389
181 371
232 372
286 377
339 372
387 372
434 388
485 373
522 373
564 359
605 359
647 373
689 374
719 367
758 377
790 381
27 372
78 372
137 396
191 379
241 395
291 388
342 395
382 387
431 387
474 394
512 394
552 374
591 387
627 393
664 387
695 374
730 390
757 387
790 392
34 394
88 407
143 410
192 402
242 387
282 401
329 401
370 394
413 400
452 400
492 392
528 412
563 399
598 399
634 398
667 398
695 391
727 391
757 398
789 397
6 416
58 416
105 422
157 406
197 421
244 413
288 419
329 412
366 412
404 411
441 414
480 410
514 410
546 398
579 409
614 409
642 402
674 397
705 418
727 407
759 412
785 406
19 440
70 433
116 412
162 424
199 427
244 411
280 410
321 422
356 414
396 432
431 420
464 419
497 430
526 422
558 418
588 411
618 406
647 416
678 421
700 416
724 405
751 415
776 414
26 424
70 439
111 435
151 434
192 433
229 438
266 437
306 436
338 433
374 429
409 429
439 431
472 429
501 430
530 431
561 419
590 425
618 434
647 434
670 423
693 423
717 413
741 422
767 412
790 421
4 440
44 445
85 432
166 435
204 434
238 443
274 439
305 428
340 438
372 431
403 441
434 441
464 430
493 428
520 438
551 442
577 442
602 432
626 422
655 430
676 424
701 420
724 420
748 432
769 419
208 442
304 445
337 445
368 434
397 433
455 432
481 435
536 444
562 429
587 429
610 437
636 428
659 432
682 431
707 435
725 429
747 436
770 436
789 432
169 445
443 443
495 437
520 445
547 444
571 435
591 435
617 442
640 438
664 441
682 444
703 432
745 439
766 438
528 442
553 444
597 439
681 445
704 444
722 436
741 445
687 442
