49 16
187 7
346 5
462 28
583 33
709 53
62 130
190 111
293 138
404 140
503 164
601 126
693 131
789 164
98 189
194 193
299 185
392 185
480 206
558 208
644 213
712 203
781 207
58 223
156 216
238 242
313 245
398 258
464 228
541 255
612 241
670 235
733 258
64 273
147 275
223 266
292 256
361 289
433 301
497 281
561 284
624 290
673 274
734 287
784 288
37 301
107 291
182 303
252 309
313 293
377 305
441 295
497 289
552 311
606 299
659 292
712 292
759 310
45 325
111 344
171 307
233 335
299 326
356 335
409 327
462 327
517 311
568 328
617 320
659 329
711 313
751 329
11 344
66 327
123 344
184 348
239 344
296 349
345 361
399 345
448 345
494 345
540 345
587 330
630 349
672 345
718 336
758 331
41 360
97 360
147 360
201 360
255 360
304 345
346 367
394 345
441 359
487 359
526 373
568 361
613 363
650 345
692 372
726 365
766 362
7 379
60 374
109 374
159 373
206 359
257 373
304 359
347 372
391 375
429 372
470 378
510 371
553 364
590 358
630 383
663 370
701 370
740 382
768 369
24 387
75 389
122 386
169 377
212 398
256 384
299 390
341 371
384 396
418 383
461 385
500 382
535 384
572 381
606 381
641 380
673 386
708 380
742 391
771 385
40 397
88 388
131 395
172 395
213 398
255 394
295 399
333 393
370 381
407 398
445 394
481 379
514 379
549 393
584 379
617 389
650 389
677 394
709 399
743 388
766 387
17 394
61 393
98 405
141 404
184 403
219 403
258 408
295 396
333 401
370 401
404 411
436 389
469 393
506 401
535 398
567 393
599 392
629 387
662 396
691 396
718 391
748 400
777 389
25 417
61 425
106 401
140 405
178 414
216 400
250 410
289 403
320 409
355 402
388 408
422 407
454 401
483 409
514 395
545 399
574 405
607 398
634 403
662 394
689 398
716 404
745 411
768 401
6 421
43 410
77 420
118 408
153 418
187 418
222 417
252 416
290 409
322 415
350 415
382 414
414 423
446 416
474 412
502 416
533 407
558 406
585 405
614 404
641 413
668 404
695 408
718 407
744 398
770 411
33 427
65 437
100 431
135 425
169 424
202 414
235 423
265 412
298 412
327 411
357 414
386 410
417 414
444 418
474 409
501 417
528 411
554 416
580 411
605 415
631 423
656 416
683 414
706 413
730 408
753 412
776 411
7 433
41 437
72 432
107 433
138 430
172 429
201 420
233 438
265 418
291 418
322 426
353 417
379 420
409 419
435 433
462 432
488 427
513 431
538 416
564 421
588 420
612 422
639 421
661 427
684 422
708 422
733 413
753 409
776 408
20 442
52 427
84 441
113 436
143 435
176 438
205 442
235 433
264 427
290 432
317 426
345 430
375 421
401 424
426 428
451 432
476 427
502 428
525 427
549 417
575 429
597 416
623 419
642 427
667 423
690 426
712 422
732 421
753 421
59 442
94 432
122 443
152 431
178 443
206 442
234 432
264 436
291 436
316 427
342 429
369 426
393 425
417 428
445 427
468 424
490 431
516 430
537 434
562 426
585 430
608 424
628 431
651 427
674 427
692 419
713 422
732 425
71 441
130 443
156 443
186 437
210 433
236 441
265 440
288 439
314 439
339 431
364 441
389 437
412 438
437 440
461 435
482 435
504 438
528 441
550 435
572 435
595 432
614 439
636 431
655 430
678 430
695 422
716 422
50 445
80 441
161 439
186 438
235 445
261 437
287 443
336 435
359 434
382 441
405 440
426 440
450 432
495 438
513 437
535 437
557 440
580 429
598 428
620 430
640 430
660 437
677 433
697 433
222 441
292 443
338 445
360 445
427 436
493 437
513 442
554 440
573 439
594 439
613 435
633 438
652 440
669 443
689 442
402 440
445 439
465 445
484 438
525 444
545 443
565 445
584 442
602 444
638 440
658 440
677 442
355 444
477 444
515 440
534 439
555 445
590 444
607 443
628 443
644 443
663 442
434 445
528 442
601 440
620 442
636 445
652 445
570 443
