674 45
779 68
891 66
963 78
136 47
264 34
388 54
504 107
610 123
721 136
805 138
888 163
965 159
25 110
147 135
261 152
385 124
476 177
567 186
653 167
732 175
809 211
875 222
940 242
1007 238
70 183
179 185
280 204
372 179
458 210
534 222
616 252
678 251
752 255
813 255
871 251
926 280
988 280
48 187
131 221
228 230
310 240
387 226
457 244
531 270
592 249
654 285
716 268
770 297
825 292
876 297
929 293
967 292
1017 304
46 236
130 261
214 262
280 269
354 285
418 273
488 286
544 310
609 287
664 319
712 317
762 320
811 333
860 337
911 340
948 336
985 317
24 283
99 266
168 284
239 291
306 304
373 300
434 287
489 309
541 323
595 310
642 306
697 311
739 317
786 341
828 328
874 355
908 335
949 347
979 337
1015 341
48 294
119 300
188 290
248 327
308 315
366 320
418 339
478 311
524 315
578 350
626 342
667 341
712 345
746 340
790 337
832 361
871 369
909 359
939 369
973 369
1001 355
0 293
67 315
124 327
188 308
247 327
305 332
353 327
403 324
456 357
505 337
551 355
593 356
635 354
678 350
715 365
757 368
787 358
824 374
862 369
896 374
927 380
962 388
989 366
32 314
91 325
146 336
202 339
251 343
306 333
353 343
400 353
449 355
487 363
531 355
570 356
610 370
651 363
689 371
724 361
755 363
790 366
826 385
859 387
892 389
916 374
952 390
975 378
1004 379
49 328
100 345
156 336
203 355
250 368
298 361
340 366
390 363
429 366
470 368
511 358
551 375
593 374
623 370
661 379
692 370
728 372
764 390
795 376
823 389
855 390
882 385
913 399
939 395
964 402
993 398
1017 399
17 360
65 363
117 365
166 375
213 356
260 372
304 372
344 370
384 373
424 375
464 370
501 368
538 381
574 384
608 391
641 393
677 394
706 390
736 393
768 389
798 391
825 402
859 408
882 400
903 392
929 394
962 414
980 406
1007 398
7 364
57 367
101 371
149 359
187 378
236 382
280 366
314 382
355 381
393 395
430 378
468 392
500 394
537 396
570 392
600 399
635 401
663 399
695 408
722 400
754 402
781 412
806 395
829 396
861 416
887 408
908 410
932 415
955 412
979 413
11 379
68 364
108 366
150 380
192 384
230 378
270 386
309 377
346 383
384 391
415 398
450 394
486 396
518 399
550 399
577 391
611 412
639 403
666 395
697 406
726 407
750 408
777 415
801 411
824 404
850 413
874 414
896 416
920 417
944 418
36 382
80 373
122 387
160 388
201 383
237 391
272 398
310 395
347 391
379 398
413 399
442 395
478 397
507 398
536 410
569 406
594 408
623 400
651 410
677 406
704 413
728 410
756 424
778 416
805 421
828 422
849 411
870 412
895 425
918 422
54 390
92 381
131 387
169 385
209 392
241 388
281 390
309 411
346 403
379 409
408 396
437 398
469 398
497 409
529 410
555 406
584 408
613 418
637 420
661 416
688 420
714 410
735 415
760 424
782 413
804 423
828 415
852 424
872 425
895 428
71 403
113 399
146 390
183 401
219 408
250 395
286 406
315 398
345 417
378 404
406 415
438 412
466 413
497 419
525 420
549 408
575 427
601 419
627 420
651 413
677 418
701 427
723 424
744 425
770 421
791 429
811 427
830 428
854 429
870 426
76 403
112 405
149 406
181 402
213 403
248 410
276 420
309 414
338 408
368 417
399 416
427 412
455 420
479 414
505 412
532 413
558 414
584 419
607 426
631 420
653 426
677 427
700 420
719 421
744 433
764 430
785 426
804 424
826 433
846 433
89 409
124 401
155 411
189 409
221 409
252 416
278 418
308 419
339 410
367 420
393 421
421 422
448 423
473 419
499 424
522 421
548 418
572 427
597 436
619 429
641 434
663 431
686 439
707 428
729 440
748 434
766 430
787 439
807 436
826 444
107 415
138 416
170 417
197 427
227 419
256 424
289 422
315 414
341 423
371 416
394 425
419 434
447 427
472 428
494 428
517 430
543 423
565 431
588 427
607 425
630 434
651 427
674 428
694 437
714 436
735 437
753 438
773 432
792 440
810 443
118 419
148 420
181 414
209 419
234 423
263 424
289 425
317 428
342 423
369 421
392 429
419 430
444 438
468 431
490 425
513 433
535 427
557 427
580 428
601 439
622 433
641 433
661 435
683 432
701 443
719 440
741 441
760 443
778 448
795 436
125 416
151 425
181 434
205 434
237 428
264 424
288 429
313 430
339 435
364 432
387 440
410 440
434 441
459 435
480 435
502 436
525 437
544 434
567 438
588 435
606 442
626 440
648 441
668 445
686 443
704 443
723 444
740 444
759 445
778 451
135 432
161 432
186 430
211 438
240 431
265 435
291 433
314 437
340 441
363 428
386 436
411 436
433 440
453 438
477 432
499 432
520 436
540 436
561 443
577 442
598 444
618 443
637 445
656 445
674 448
693 448
708 440
727 446
748 453
762 450
137 433
165 432
192 433
217 426
241 435
265 436
292 429
313 443
337 430
360 438
382 434
403 439
427 440
449 434
469 434
491 435
511 438
529 449
550 439
569 437
588 445
607 445
628 446
645 449
662 447
680 441
696 442
716 448
734 455
750 455
153 434
178 435
204 443
229 444
255 433
277 440
300 432
321 436
343 441
367 441
388 437
409 442
428 443
450 445
472 444
491 446
512 441
530 446
549 440
569 453
587 447
604 442
621 442
640 449
657 449
675 453
691 444
709 451
726 454
742 452
158 438
181 431
203 439
229 433
251 443
274 447
296 441
320 438
341 443
362 439
384 444
403 444
423 445
444 449
463 446
484 453
502 447
520 442
540 449
558 449
574 449
594 451
610 447
628 451
645 454
663 455
678 452
694 453
711 448
725 448
159 442
185 434
207 448
229 442
254 442
273 445
296 446
318 444
339 445
361 445
380 449
400 453
419 447
439 442
458 442
477 448
496 449
513 449
532 450
551 451
567 451
585 446
602 452
620 455
636 447
653 459
670 456
685 460
700 456
716 450
163 436
188 443
210 437
233 444
254 438
276 445
296 449
316 446
337 447
357 441
378 448
397 448
415 455
436 451
453 453
473 447
490 453
508 446
526 452
544 452
562 458
578 456
593 454
612 454
628 457
642 452
659 450
675 458
688 451
706 458
170 441
189 445
211 449
234 449
255 447
276 447
297 444
314 451
337 449
355 451
374 450
393 453
411 451
431 446
449 449
466 452
483 456
501 453
518 454
535 449
552 457
570 458
585 450
603 450
618 456
633 451
648 459
664 458
679 453
694 458
178 447
198 451
222 448
239 455
260 449
282 451
300 456
320 451
340 446
359 446
378 455
396 458
414 453
430 455
449 451
466 455
483 455
501 452
517 456
534 453
550 456
566 457
582 457
597 458
614 458
629 463
644 459
658 460
673 457
688 461
183 450
202 453
223 450
245 445
263 448
283 452
304 452
321 453
340 448
357 454
377 454
393 455
411 456
430 450
446 461
463 456
480 462
496 458
512 457
527 455
545 453
559 459
576 461
592 462
606 460
620 455
636 460
650 466
664 462
678 456
185 452
206 449
226 453
245 450
264 453
284 454
302 449
319 456
337 455
355 455
374 451
391 456
407 457
425 460
442 455
459 458
473 463
491 459
505 464
521 454
538 460
552 463
567 461
584 466
599 456
611 457
626 463
641 457
654 458
669 463
193 450
213 454
232 451
251 455
270 452
288 451
305 451
324 457
341 457
358 452
374 460
392 458
408 461
424 459
441 462
458 460
473 457
489 460
505 463
519 461
533 464
549 462
562 465
578 458
591 458
606 466
621 464
635 461
648 464
662 467
196 455
216 453
233 458
253 451
270 460
287 463
305 453
320 463
339 458
356 454
373 464
389 465
405 462
420 458
437 461
453 464
467 464
483 462
499 457
513 463
528 463
542 463
556 463
571 466
584 464
600 460
613 469
626 469
640 467
654 461
199 462
217 462
237 458
254 461
273 459
289 461
306 459
323 460
339 460
355 463
372 462
389 456
405 456
420 463
435 457
450 458
466 460
482 463
495 461
509 459
525 469
538 469
553 465
568 460
580 462
594 466
607 463
622 468
634 464
647 464
199 456
216 464
236 459
253 454
268 460
287 462
303 461
321 456
335 464
352 457
369 462
384 467
399 464
416 458
429 460
444 468
460 464
474 460
489 469
503 460
517 467
530 461
546 463
559 468
572 466
585 464
598 464
612 467
625 467
637 468
202 462
218 460
237 462
252 461
269 462
285 466
301 464
318 457
336 458
350 464
364 466
381 459
397 459
412 466
425 464
440 463
455 467
470 463
483 466
497 466
511 469
525 462
538 471
553 469
566 463
580 472
593 470
604 464
618 468
631 473
205 464
221 463
239 462
253 465
271 460
286 463
304 463
318 466
333 469
349 462
365 469
379 462
395 465
408 461
424 463
438 462
452 466
466 464
480 468
493 463
507 467
521 468
534 465
548 464
560 473
572 469
586 467
598 469
611 470
624 470
