134 168
336 124
514 83
693 151
890 136
91 237
245 233
399 241
541 234
704 201
849 278
997 242
57 281
178 313
311 317
435 356
560 327
686 298
808 286
927 321
117 378
210 373
335 377
434 383
550 405
654 376
751 361
861 359
978 361
46 390
122 422
213 422
309 413
421 404
513 445
599 423
698 444
803 414
887 386
986 397
23 437
106 426
192 451
274 458
358 476
443 449
529 425
610 425
699 451
778 450
857 425
951 451
55 473
140 497
221 487
294 485
371 476
457 474
531 462
608 452
683 451
759 472
836 462
921 486
984 452
31 497
98 484
164 497
238 520
313 487
383 484
454 508
519 509
588 502
666 509
737 498
806 499
875 508
945 499
1006 485
67 537
131 516
192 536
264 497
329 497
395 497
454 521
520 505
583 527
648 497
708 497
777 497
843 518
904 506
960 498
38 522
87 551
152 550
209 550
274 512
333 531
392 512
456 522
510 531
570 550
632 532
694 512
753 532
812 550
881 550
935 540
993 531
11 562
73 545
129 545
186 528
240 535
292 545
350 563
406 544
462 545
519 563
571 545
625 528
684 548
738 544
798 545
852 550
899 528
971 553
39 547
91 555
144 547
192 557
246 548
304 540
355 546
402 561
456 555
505 555
562 547
617 556
668 546
765 546
825 556
873 556
926 565
20 566
66 566
173 550
217 551
266 567
314 551
367 556
413 558
464 558
510 567
656 567
708 566
760 566
809 566
854 552
902 558
98 561
236 561
324 562
369 561
557 561
647 566
833 567
727 570
