8 57
128 92
264 93
410 108
543 55
691 72
811 93
960 111
74 134
175 149
298 162
409 160
537 152
640 129
758 147
882 144
995 146
18 226
118 200
222 203
330 174
421 206
529 198
634 201
721 175
828 207
928 182
1 242
85 245
183 245
279 220
364 242
447 240
535 218
633 219
715 241
804 227
893 243
974 220
47 305
129 269
201 260
278 282
355 257
436 281
519 302
595 303
679 282
758 293
833 259
916 302
990 293
31 309
102 295
169 307
240 320
311 309
382 329
458 320
528 329
600 313
666 308
737 320
816 330
881 307
955 313
1019 310
19 332
83 352
152 343
209 351
282 324
342 315
406 332
466 338
538 342
597 334
665 334
723 314
794 352
861 333
918 315
986 314
43 344
98 361
160 351
222 336
278 360
338 360
394 360
457 352
516 370
570 352
635 351
691 369
751 334
808 344
865 334
932 351
983 356
16 377
78 372
128 371
185 354
238 369
293 353
345 384
405 368
453 371
508 376
569 353
619 376
672 352
731 353
783 369
838 368
897 369
951 369
1005 376
11 367
67 375
114 383
168 384
213 382
269 383
315 383
370 391
417 398
471 368
521 368
573 383
622 374
667 368
720 375
774 397
824 384
875 373
925 384
975 383
4 385
55 387
98 398
145 398
198 394
244 380
291 387
337 380
381 385
433 401
476 409
530 401
574 381
621 394
668 394
716 396
764 388
810 388
860 394
908 394
953 397
993 381
30 391
75 404
122 391
162 397
205 409
256 405
296 397
338 404
385 404
432 407
477 391
518 404
565 404
612 391
656 405
696 405
743 397
786 398
835 411
881 404
923 405
969 412
1007 397
18 421
62 415
104 418
148 414
189 416
232 414
275 414
316 407
353 420
398 414
437 414
483 414
526 402
563 427
605 414
649 408
690 420
734 402
773 414
822 420
857 402
902 421
942 417
987 414
8 427
46 414
86 421
125 422
169 422
209 434
246 433
286 421
324 422
367 414
404 428
447 422
486 434
528 410
566 422
606 422
642 409
684 422
725 422
764 422
804 415
846 415
882 422
923 422
962 410
1006 421
22 429
63 429
98 441
135 429
173 432
211 430
252 433
287 418
327 419
361 441
399 441
436 441
476 430
512 429
554 429
587 423
626 424
663 419
704 423
738 435
779 430
815 430
852 429
893 441
924 423
968 435
1000 419
18 438
55 437
85 441
122 436
161 447
195 442
232 425
270 440
306 426
341 437
373 431
410 430
449 436
480 426
520 430
553 430
588 442
625 437
660 442
699 436
732 447
771 436
805 447
840 441
878 442
912 437
947 426
984 437
13 443
49 433
78 443
116 443
145 443
183 443
215 443
251 438
281 443
318 437
351 443
386 443
422 448
454 443
487 443
521 443
554 437
590 448
624 448
658 453
693 448
725 448
760 437
793 433
828 438
862 443
893 437
931 443
965 443
20 458
56 448
88 442
122 443
153 448
187 438
218 438
252 438
282 453
315 448
350 438
379 448
415 448
447 438
479 453
510 438
543 453
577 438
608 448
641 438
673 438
707 438
740 453
772 438
803 448
836 448
868 438
902 453
934 451
21 453
50 455
84 453
116 453
145 453
178 443
208 449
241 453
269 455
301 447
332 444
362 462
395 455
427 443
459 453
487 444
519 444
549 453
582 453
612 458
642 448
678 453
705 453
738 453
768 453
798 453
831 443
864 453
895 453
923 443
35 462
67 467
95 458
125 460
157 449
184 453
215 449
243 458
271 462
302 462
335 458
362 458
394 463
423 449
454 458
483 460
512 452
542 458
572 453
603 462
631 467
661 460
692 452
722 449
750 458
784 467
808 449
844 458
868 461
901 462
62 463
89 462
119 462
148 465
176 465
203 471
236 454
264 462
291 462
322 453
351 462
379 457
406 467
436 462
463 464
492 467
522 462
547 471
578 457
607 454
636 454
662 462
689 454
720 471
747 462
778 467
809 471
835 463
866 467
893 457
75 466
98 471
128 467
154 466
183 466
214 458
238 466
267 467
292 467
319 462
349 458
373 462
403 467
432 458
457 462
486 466
513 467
538 466
566 467
594 470
621 475
651 470
679 466
702 467
730 458
760 462
788 467
813 475
844 475
869 458
88 470
114 470
141 472
169 462
195 465
221 470
247 470
272 474
299 470
329 474
353 466
378 465
407 462
432 473
461 466
487 474
512 462
540 465
566 472
592 462
618 465
643 470
670 466
699 472
721 462
750 470
776 470
805 474
828 473
856 470
109 477
133 473
162 473
185 476
211 481
238 473
263 473
289 475
314 473
338 481
364 473
389 473
418 473
441 477
469 481
491 481
521 477
544 473
569 477
596 477
622 477
646 465
671 473
696 468
725 476
748 477
773 465
802 481
827 477
854 481
125 469
148 476
172 476
195 480
221 478
247 478
270 469
293 476
318 480
344 480
369 477
394 476
417 469
445 473
466 479
494 469
516 478
542 476
567 472
589 473
616 480
641 484
667 479
690 473
716 476
741 480
765 477
787 469
812 477
837 476
136 479
159 479
185 487
209 483
231 479
257 487
281 483
305 472
328 479
353 479
375 472
401 479
424 483
447 475
473 479
496 483
519 479
544 479
569 476
590 479
617 483
639 472
661 472
686 483
709 479
735 475
760 487
782 483
807 475
827 472
148 482
170 482
195 482
217 475
239 475
265 485
286 482
309 484
333 475
355 479
380 482
402 489
425 475
449 489
472 475
493 475
515 484
540 482
563 482
586 482
610 475
631 486
655 482
678 482
700 479
723 482
746 485
770 478
793 475
816 486
152 481
173 488
196 481
220 485
241 478
265 488
285 486
308 485
332 488
355 485
377 485
397 481
420 492
444 488
467 485
489 488
512 485
532 485
555 485
578 485
601 485
622 478
646 488
667 485
688 485
713 485
735 485
758 485
780 492
802 485
163 487
185 487
208 487
230 480
250 483
272 483
293 483
317 483
336 481
360 487
381 487
402 483
424 489
446 489
466 487
488 487
510 487
533 480
552 484
576 487
599 490
620 487
642 487
661 487
684 487
705 481
726 490
749 484
770 480
791 487
180 489
202 489
221 490
242 489
266 483
284 493
308 489
327 489
349 491
368 493
392 489
413 489
434 489
453 489
474 491
495 491
518 493
540 493
559 485
582 489
602 489
624 493
644 483
663 483
687 489
708 496
728 493
750 493
770 496
792 486
185 495
207 492
227 495
249 492
269 485
291 492
309 488
330 493
352 488
372 485
393 492
411 485
433 488
454 485
473 495
495 492
516 495
536 495
557 488
575 492
596 492
617 485
638 495
660 493
678 488
699 492
721 491
742 495
763 495
780 485
193 500
213 494
233 490
254 487
274 496
292 500
314 494
333 494
352 494
375 494
393 494
415 487
433 494
454 490
473 494
492 494
513 494
534 494
553 490
573 494
593 487
612 490
633 497
652 488
672 490
691 494
713 487
731 497
752 494
771 490
200 502
220 496
238 497
259 489
278 502
296 489
317 499
335 492
355 490
374 495
395 489
414 499
433 496
453 496
472 499
490 496
511 496
530 496
550 502
570 497
586 490
607 496
626 502
645 496
664 496
684 496
706 502
723 490
744 496
762 496
210 492
227 500
248 492
265 499
285 492
303 497
320 503
342 499
360 494
378 497
397 497
418 494
436 497
454 497
472 492
492 497
511 503
530 500
549 491
568 492
587 491
604 494
626 497
644 497
663 500
682 497
700 497
718 491
739 499
755 491
215 502
233 502
255 493
272 499
292 493
308 499
327 499
346 493
365 499
382 493
401 505
419 495
437 499
456 493
474 495
494 493
512 499
530 502
550 499
566 493
587 499
604 499
622 499
640 493
661 500
678 499
698 499
716 496
733 505
753 499
223 503
241 502
260 500
278 500
296 495
314 495
334 500
352 495
369 500
387 506
405 495
424 500
442 495
458 506
477 497
495 498
513 497
532 506
549 503
567 495
587 506
602 500
620 500
639 500
659 500
676 500
695 500
712 495
731 503
749 500
233 496
252 502
268 502
288 496
305 497
321 502
339 502
359 502
376 508
392 505
411 502
428 505
445 496
462 497
481 502
497 502
514 508
534 504
550 502
569 497
586 502
605 502
621 505
639 503
657 505
673 502
690 499
709 505
725 502
745 502
