149 45
276 58
409 98
521 77
626 121
737 152
49 162
171 108
290 131
398 160
499 178
583 168
667 174
749 222
67 175
161 239
264 193
362 225
447 232
528 236
600 226
663 245
726 239
792 264
93 233
174 237
259 243
344 255
417 274
488 282
553 280
614 293
672 286
726 292
783 279
28 270
100 308
190 277
262 313
332 283
399 295
462 309
519 291
579 304
633 324
684 316
727 307
775 302
39 329
117 307
185 318
259 311
320 341
377 323
442 325
494 325
546 319
590 321
639 347
689 339
732 356
774 349
48 350
112 351
174 352
237 356
300 362
352 354
406 363
457 339
508 356
556 356
603 342
647 373
689 373
729 358
759 350
7 371
75 371
132 371
198 355
246 372
303 372
351 372
401 357
449 373
492 377
540 373
581 373
622 387
658 378
694 374
731 374
768 380
31 388
92 378
145 388
199 379
250 388
294 388
340 402
389 402
430 387
475 380
514 387
555 387
589 379
626 374
666 393
695 374
727 393
763 389
29 394
82 418
133 407
182 402
232 402
279 401
321 401
365 387
405 413
448 400
482 387
521 406
556 399
591 405
628 404
660 398
692 404
722 398
750 409
779 391
42 430
93 401
138 401
188 418
230 413
273 426
317 406
355 425
393 399
434 423
467 414
501 403
537 402
568 398
606 420
631 397
665 410
696 401
721 407
751 417
776 410
13 414
58 427
103 428
144 412
190 424
233 423
269 425
308 410
349 416
385 414
422 420
456 420
486 408
521 424
548 407
580 418
611 417
641 422
665 421
697 416
721 415
751 418
772 409
36 424
76 436
120 441
159 434
203 421
242 425
278 443
316 424
352 430
382 423
418 418
448 418
479 427
513 427
539 436
569 416
595 430
625 418
650 414
679 428
702 423
728 422
751 416
777 426
87 444
167 435
205 436
242 434
275 440
310 439
342 433
376 437
410 426
468 445
500 434
527 424
552 433
583 435
608 426
631 431
657 435
684 425
709 438
728 420
751 420
777 430
303 436
395 443
450 444
480 431
507 440
532 434
560 439
585 429
607 442
656 436
681 440
700 427
724 426
748 434
769 437
788 425
266 443
326 441
385 444
437 438
467 442
517 445
568 445
636 434
659 445
681 440
701 435
723 439
743 439
765 438
506 442
553 441
575 444
618 443
682 445
722 436
744 444
646 443
667 442
706 442
