28 113
145 109
271 66
392 53
526 5
674 53
37 144
119 129
205 150
318 145
411 137
520 133
648 141
762 86
21 204
88 240
156 200
237 182
323 203
403 174
497 170
596 193
698 159
19 258
78 257
145 266
214 275
286 239
354 272
433 259
512 244
589 227
683 224
771 236
29 288
91 279
134 305
201 291
255 303
317 289
388 262
453 260
524 289
597 288
669 266
744 275
18 320
66 295
113 300
168 293
221 318
269 326
330 308
386 289
445 315
502 315
570 305
635 285
702 303
774 303
19 315
65 321
107 329
148 337
200 319
248 328
294 328
344 328
401 311
457 327
515 332
569 317
632 326
694 317
764 325
12 345
43 345
92 331
130 345
173 359
216 345
265 345
307 336
358 349
402 345
453 349
508 344
558 361
614 335
671 361
726 334
14 358
51 345
86 365
129 345
165 359
208 359
246 359
289 359
337 373
381 359
429 374
472 359
519 364
573 360
620 345
673 352
727 363
786 368
5 357
39 369
73 373
105 370
148 370
180 383
218 374
259 375
297 358
336 375
380 378
422 372
466 372
514 359
555 359
602 373
653 388
702 374
754 389
2 382
33 382
64 379
102 379
128 391
163 380
200 380
236 393
269 387
306 382
344 382
387 370
425 395
462 383
507 383
550 384
595 384
640 385
682 399
728 385
775 386
11 377
40 377
65 388
96 399
130 391
156 389
191 389
227 379
260 390
294 390
329 384
367 391
401 392
435 385
475 399
515 386
555 397
596 394
636 395
681 395
720 388
767 396
2 404
31 394
61 385
84 385
112 406
141 396
171 399
203 387
237 397
265 403
296 388
330 399
363 393
396 400
437 402
472 401
504 390
544 402
582 391
620 415
659 403
702 405
739 393
787 408
9 395
34 401
59 402
88 402
117 407
142 403
173 394
202 404
227 409
261 405
288 410
322 400
355 396
387 402
415 418
451 413
482 409
519 409
554 412
590 416
624 400
666 423
702 412
742 419
782 426
5 401
27 407
52 412
77 409
102 408
126 411
152 409
182 410
212 401
236 401
265 401
294 416
323 402
351 407
382 416
412 414
443 414
475 405
506 415
543 416
577 417
607 417
643 423
679 419
717 419
757 426
23 412
44 417
71 413
94 422
118 405
145 414
171 415
196 407
223 407
247 412
276 417
301 417
331 423
359 421
386 419
415 429
448 420
475 411
506 417
540 422
573 423
602 424
637 418
673 430
707 426
739 430
1 416
23 409
43 417
66 420
91 420
112 414
135 419
162 421
184 416
210 425
234 421
258 426
286 431
313 414
338 423
367 419
394 424
419 421
448 426
480 426
508 427
536 428
568 419
601 429
631 432
659 421
693 431
729 432
5 413
26 417
47 414
68 422
89 423
111 431
135 416
157 424
180 426
206 425
227 418
253 430
278 428
303 435
328 431
354 428
378 421
406 421
434 422
459 440
487 436
513 423
545 424
570 425
604 439
631 435
664 436
694 439
19 418
36 427
58 429
79 423
98 434
123 431
143 424
165 421
187 424
209 429
233 430
257 426
280 427
305 434
329 425
355 437
376 429
402 442
430 439
455 436
483 428
510 437
536 429
590 434
622 440
710 433
16 435
35 429
55 433
74 430
94 432
116 438
136 435
157 436
180 435
200 440
221 441
243 437
267 435
289 435
311 436
336 436
359 441
383 439
408 430
457 444
483 435
535 442
561 434
588 443
643 444
39 429
57 436
76 433
94 433
115 434
132 442
153 428
173 436
196 436
215 430
237 433
256 442
277 442
300 432
323 432
347 433
368 445
393 442
439 438
462 443
514 441
640 440
55 429
70 430
92 430
107 439
127 441
148 438
168 435
186 439
207 440
224 441
246 441
268 435
288 435
310 443
353 444
376 445
444 439
65 445
84 435
120 440
139 441
157 442
177 435
217 443
232 445
254 438
274 441
295 445
314 442
337 440
421 445
488 444
533 445
82 441
100 436
118 437
134 443
152 438
169 444
207 442
264 440
323 445
97 444
114 439
131 439
148 442
166 443
107 443
123 442
157 443
138 445
