785 11
195 1
411 17
502 49
587 76
672 107
737 96
15 12
110 74
216 68
320 82
397 99
474 97
553 106
618 136
681 130
741 159
47 117
138 107
225 137
306 130
384 151
448 145
516 158
575 166
634 169
680 161
732 186
784 208
60 145
157 127
228 155
291 161
355 177
417 184
479 167
533 191
582 206
628 193
680 197
722 213
759 218
35 147
100 156
174 171
235 188
292 210
350 198
403 190
456 208
505 214
552 212
601 215
641 235
680 231
713 236
751 240
788 250
34 194
107 202
166 194
228 192
283 199
331 223
379 220
432 230
479 244
515 248
564 237
599 241
636 257
676 240
710 257
743 254
772 263
17 210
74 219
136 205
189 230
242 233
291 232
339 235
380 252
422 231
462 246
504 255
537 241
581 260
611 252
648 262
682 276
712 271
744 274
770 272
27 212
79 231
128 233
184 245
227 242
278 245
322 252
364 239
403 257
437 258
478 261
514 253
546 254
581 279
610 264
646 262
673 264
702 277
725 269
754 282
782 279
0 225
47 228
98 245
140 248
190 252
235 255
272 257
312 259
351 268
389 265
428 256
461 264
497 283
527 270
559 282
587 273
613 272
648 283
673 285
703 292
730 288
752 300
775 297
21 253
70 243
111 258
159 250
199 253
237 266
272 263
309 273
349 284
379 276
416 278
449 280
480 292
508 284
540 290
568 291
596 292
621 282
652 297
674 296
701 300
720 298
746 308
768 305
787 304
4 255
43 268
83 278
132 258
173 262
208 279
244 280
277 289
312 291
346 283
381 279
410 288
444 288
472 284
499 291
525 288
553 294
581 287
605 289
629 299
652 292
678 310
698 296
719 307
743 306
763 311
787 308
9 277
48 276
93 276
131 271
167 269
204 282
239 286
270 286
306 288
337 280
365 291
398 293
423 294
453 295
481 302
506 298
531 296
559 304
579 298
605 308
631 308
650 311
675 312
694 305
716 303
734 312
755 313
775 315
791 315
32 280
72 283
111 275
140 296
180 288
210 300
244 296
275 284
308 286
335 305
363 298
392 304
420 297
445 307
474 299
499 309
521 309
545 312
566 301
590 310
613 311
634 312
655 315
676 315
695 315
715 320
734 319
752 318
772 319
4 296
41 288
76 290
110 296
144 295
177 294
207 300
239 293
269 294
301 292
328 302
355 304
382 309
406 314
431 303
456 308
481 314
504 311
524 305
548 313
571 307
590 308
613 312
631 314
653 318
674 323
688 313
712 324
725 315
746 323
19 296
52 289
86 297
115 306
151 291
181 305
210 302
240 295
268 305
295 306
321 315
347 304
372 310
397 318
422 316
446 309
467 307
492 322
513 316
534 310
555 315
572 312
593 317
615 321
634 315
651 316
669 317
689 324
707 325
725 326
37 292
67 310
102 299
132 305
158 308
191 299
217 309
245 313
270 313
296 307
319 315
346 314
371 311
392 309
415 310
438 313
461 312
481 320
504 324
523 319
542 319
563 327
580 324
601 328
620 326
635 324
654 329
672 325
689 329
707 333
48 306
75 315
106 308
138 302
163 314
194 307
217 315
244 321
270 322
293 309
319 317
343 318
365 322
385 320
408 321
431 318
452 329
473 319
490 328
511 325
533 328
550 320
569 328
585 331
605 329
622 330
640 330
655 331
672 329
688 333
63 307
92 314
118 317
147 318
172 316
200 317
223 325
247 318
270 319
295 322
318 321
340 322
362 323
384 317
404 326
425 332
444 330
466 327
484 328
505 335
523 332
540 330
556 325
575 325
591 332
610 339
625 336
639 328
656 329
674 338
68 319
97 312
121 321
148 318
173 323
198 316
222 321
245 318
266 326
288 330
313 325
334 327
355 326
375 323
394 329
414 330
435 323
453 330
472 325
489 328
508 332
527 339
544 336
560 334
578 335
593 335
609 336
625 342
640 340
655 339
78 320
107 320
132 325
155 322
178 316
201 331
227 321
247 329
270 326
292 321
313 331
333 329
352 336
372 324
392 331
410 325
428 332
448 336
466 335
484 337
499 335
517 335
533 333
549 339
567 343
583 341
598 338
614 342
629 345
642 335
90 317
113 331
140 321
161 329
182 327
204 327
228 328
249 332
269 336
290 327
310 325
328 332
350 327
369 333
387 328
405 335
423 341
439 332
458 333
474 334
491 340
506 344
523 339
539 339
553 340
568 335
585 341
599 344
614 342
627 337
92 327
116 324
135 334
158 325
181 333
204 330
225 331
245 328
264 329
283 333
302 337
323 334
340 338
359 335
379 330
395 337
411 337
430 343
445 333
463 336
480 341
494 337
511 346
526 341
540 342
555 337
571 343
586 343
600 344
613 344
100 330
120 330
145 331
164 338
186 332
206 336
226 334
246 334
266 329
286 330
304 339
321 337
340 337
359 332
376 338
391 342
410 336
425 340
441 335
459 342
473 344
489 342
505 343
520 340
533 339
548 344
563 345
578 350
593 345
605 341
108 333
130 327
150 334
169 335
191 330
209 339
229 337
249 340
266 335
283 340
302 339
319 339
336 335
354 341
372 341
389 342
404 342
420 337
436 338
452 346
467 344
480 344
495 345
510 340
524 341
540 346
552 342
567 347
580 347
593 348
115 335
136 336
154 342
175 335
193 341
212 344
233 339
250 339
267 340
284 335
302 341
320 347
337 342
351 343
368 344
385 344
400 344
415 340
432 350
446 345
460 351
474 346
490 348
503 347
518 343
531 348
543 344
557 349
571 349
584 350
123 335
140 340
162 336
178 341
197 335
214 344
232 344
250 342
267 345
284 343
301 338
318 341
335 344
349 346
365 345
380 341
397 343
412 349
426 347
440 347
454 345
469 350
483 351
496 351
509 345
524 350
536 350
548 346
561 353
574 352
121 338
138 343
156 341
174 342
192 347
212 338
228 343
244 345
262 344
278 339
295 340
310 346
326 346
341 342
358 342
372 352
387 343
402 343
415 348
431 350
445 345
458 351
472 350
485 351
497 351
510 351
525 351
537 352
548 352
562 355
127 340
142 343
162 340
179 344
195 349
213 350
229 345
246 351
261 349
279 349
293 347
309 350
325 353
341 348
354 349
368 345
384 354
397 345
410 350
425 348
439 346
452 351
465 352
478 352
491 352
504 355
516 353
529 349
539 351
552 356
130 342
148 342
164 346
182 343
199 342
214 347
231 344
247 348
262 343
279 349
293 353
307 350
324 345
337 346
352 353
365 351
380 347
394 352
408 352
420 350
435 352
447 353
459 353
472 358
484 358
497 358
509 356
521 352
533 355
545 357
136 342
150 349
168 350
185 343
200 353
217 346
233 349
246 354
262 350
278 348
292 348
307 351
320 347
335 352
348 352
362 352
376 355
390 355
403 349
416 355
428 350
441 359
454 352
465 351
478 355
490 356
502 352
513 357
525 357
536 359
138 348
155 351
172 352
187 345
203 352
219 346
232 353
247 352
263 349
277 352
290 348
304 355
319 353
333 353
345 355
359 358
372 354
386 354
397 351
411 357
423 355
435 356
447 360
460 360
472 359
483 357
495 355
507 354
518 360
530 360
142 350
159 346
173 351
191 349
205 349
218 352
233 357
249 348
261 353
277 353
291 351
304 356
318 350
331 356
344 351
357 355
369 352
382 352
393 356
407 356
418 353
431 357
443 358
454 358
465 354
477 358
488 355
500 359
511 359
521 357
147 347
161 348
177 352
191 350
205 353
221 349
234 352
247 350
262 354
275 351
289 353
302 355
315 360
328 357
341 360
354 353
367 357
378 353
390 353
403 354
415 362
426 356
438 355
448 357
461 355
471 359
483 360
494 356
504 361
515 361
151 353
166 351
180 356
194 356
210 350
222 357
237 357
251 353
263 357
277 358
290 357
303 356
315 359
327 361
341 359
354 355
365 358
377 358
390 355
402 355
413 359
424 355
435 359
447 363
457 360
468 360
480 364
489 357
501 364
511 361
155 355
171 351
184 355
198 356
212 355
225 357
238 354
252 356
264 361
278 357
291 353
303 358
316 356
327 358
340 358
353 359
364 357
377 355
387 359
399 358
410 356
422 360
432 358
444 361
455 363
466 362
476 363
487 361
497 363
507 364
156 355
169 356
182 356
196 360
210 357
224 353
236 357
249 357
262 362
276 360
287 358
300 355
312 357
324 355
336 361
348 356
359 360
372 358
383 364
393 361
405 359
415 362
427 361
437 361
449 362
458 362
470 359
479 359
489 364
499 364
158 357
171 358
185 357
199 356
211 359
224 358
238 358
250 359
262 359
275 357
286 358
298 361
310 356
323 360
334 360
347 357
357 361
368 365
379 359
390 359
402 360
413 363
424 362
434 363
444 359
455 363
463 361
474 365
484 362
494 362
161 362
174 354
186 360
200 362
212 363
225 355
237 359
250 360
262 356
275 361
287 362
298 357
310 357
322 361
333 358
344 362
355 364
366 362
377 362
388 366
399 363
409 364
419 365
430 360
440 360
450 365
460 366
470 364
480 364
489 366
