506 47
654 60
805 123
928 122
98 60
244 95
380 101
517 147
635 173
747 212
863 208
934 192
102 172
249 170
361 159
481 177
582 189
685 215
773 221
863 258
953 265
18 204
138 226
239 234
347 248
451 261
557 278
647 299
724 309
803 302
881 312
957 325
1013 294
58 255
166 266
261 258
357 266
446 294
529 302
615 309
692 321
762 336
836 345
900 352
960 326
61 297
160 281
245 310
329 333
415 327
491 336
557 340
633 349
700 333
758 339
819 357
885 381
942 378
997 382
84 327
176 332
255 347
330 336
408 363
477 358
551 385
615 380
670 376
732 371
793 403
848 390
897 404
953 407
998 404
46 326
127 336
194 371
268 386
340 371
406 379
471 382
539 392
597 374
652 405
706 389
758 388
812 408
860 403
907 425
954 404
998 423
47 361
122 378
187 380
257 406
328 374
387 405
451 419
508 392
567 412
621 415
666 416
724 435
769 406
809 410
866 436
908 432
948 443
61 379
126 395
195 400
257 404
318 408
372 410
435 399
486 403
542 406
594 425
643 429
687 436
734 427
779 424
818 432
868 458
907 460
6 406
74 409
130 430
194 399
257 424
313 424
362 428
416 446
467 423
516 436
564 424
610 434
658 445
704 439
741 450
785 460
822 447
863 444
29 420
85 424
144 426
208 415
260 437
313 436
364 447
409 442
456 445
508 447
550 457
595 460
637 440
678 444
721 453
757 469
797 451
831 453
54 426
106 439
154 455
209 442
269 431
317 434
365 443
406 460
450 455
499 449
538 446
581 475
620 457
664 466
701 461
741 483
772 479
810 477
17 450
70 452
123 439
176 457
222 443
267 468
318 458
360 466
407 454
453 471
492 454
536 481
571 470
613 460
651 467
684 476
720 471
757 479
789 470
31 460
78 463
137 445
176 461
224 463
268 472
317 467
355 472
401 475
436 480
479 475
520 477
557 485
593 482
628 475
665 472
699 486
732 493
763 494
43 476
96 457
142 459
184 469
228 471
275 473
315 475
358 469
392 490
432 480
471 482
509 495
545 479
582 493
612 481
649 484
680 492
716 495
744 489
8 470
60 459
103 476
147 476
189 477
230 479
270 474
310 485
350 473
386 485
420 491
456 494
493 496
529 481
559 493
595 484
626 501
658 487
691 488
717 500
25 471
63 492
110 482
151 486
193 474
229 486
271 477
306 479
342 493
378 498
413 505
446 495
482 486
514 503
545 504
579 490
611 504
639 503
669 509
697 500
33 485
78 476
117 488
154 490
189 497
228 504
269 494
301 490
340 497
371 498
406 500
441 501
469 507
504 503
535 495
562 500
595 510
625 513
652 511
681 511
45 492
89 483
123 495
160 499
197 492
235 489
266 500
303 501
333 508
370 494
400 499
434 501
460 502
494 499
525 500
551 505
580 512
611 522
637 509
663 517
59 488
95 494
125 506
161 504
197 508
234 505
269 500
296 517
332 513
365 509
395 510
425 506
454 503
483 509
511 515
538 518
570 511
595 512
619 510
650 519
72 504
106 505
145 497
177 502
210 514
245 500
273 511
307 503
337 513
365 514
395 511
424 521
454 522
483 513
508 510
536 529
562 521
590 513
617 523
641 525
84 500
119 501
151 502
179 512
212 523
242 515
273 525
305 517
332 518
363 518
391 519
418 522
448 516
474 530
498 527
528 515
553 520
577 517
600 530
626 527
85 514
119 519
148 520
180 521
211 517
243 518
271 510
300 520
329 521
359 517
384 525
413 516
440 520
466 525
491 521
517 523
540 528
566 528
591 533
612 530
93 517
124 514
156 519
188 512
212 525
241 526
272 532
301 515
329 525
355 529
380 526
410 519
432 532
460 520
486 524
509 530
533 526
556 531
579 536
602 525
104 521
135 514
163 527
194 524
218 529
246 534
276 518
303 522
329 520
356 529
383 530
407 534
432 527
458 524
479 529
506 529
527 536
552 538
573 535
596 535
108 525
138 530
168 521
196 519
221 532
250 529
275 532
302 522
329 539
355 528
379 533
405 535
427 529
449 542
474 535
499 529
521 529
543 537
565 538
586 538
114 532
140 529
170 538
199 522
223 533
250 540
275 528
302 526
327 534
349 527
372 543
399 536
421 544
444 533
468 541
490 534
514 543
536 535
557 540
578 536
121 536
146 534
173 533
201 534
226 534
251 530
279 528
302 538
324 541
349 538
373 534
394 539
420 536
441 536
462 536
486 543
507 545
529 544
548 545
568 550
129 527
153 531
178 539
203 536
228 530
250 542
274 546
298 543
325 536
346 542
370 541
391 541
414 549
436 542
458 543
479 540
498 544
520 545
539 538
560 552
128 537
154 533
178 542
205 532
227 533
249 540
275 542
297 534
319 542
341 546
364 539
388 537
408 544
429 548
449 538
471 549
491 542
513 550
531 550
553 550
131 547
158 541
179 545
205 545
227 544
249 544
272 543
295 537
317 547
340 545
360 545
381 546
404 550
426 540
444 551
465 548
485 545
506 543
523 549
544 550
136 535
163 536
184 543
206 537
229 545
253 545
272 546
296 539
318 547
338 547
358 554
379 551
401 548
421 552
442 549
460 550
480 554
500 551
520 553
539 548
143 544
167 545
189 552
213 546
232 547
256 549
278 541
297 548
319 549
341 543
362 549
380 544
400 550
421 551
438 551
459 546
478 549
495 552
514 553
533 553
146 543
167 547
189 544
211 548
231 549
251 552
273 546
296 544
313 554
334 554
354 545
376 552
393 558
414 554
433 553
451 550
471 554
487 557
507 549
525 549
152 548
174 549
194 550
218 544
236 557
256 557
278 551
298 552
317 555
338 547
357 547
377 553
397 548
413 550
432 558
452 555
471 550
487 559
505 557
524 562
153 554
174 557
194 551
216 558
238 553
257 552
276 547
296 559
317 554
335 554
354 552
375 555
391 549
411 550
429 550
446 554
466 551
482 557
498 558
516 560
154 546
175 553
197 550
215 559
235 554
256 557
275 555
294 549
313 558
332 552
350 557
369 558
388 557
405 554
422 552
441 558
458 560
474 553
493 559
510 559
