1 75
149 60
277 20
427 65
552 42
690 20
112 153
211 154
324 153
435 160
549 123
657 123
786 185
56 195
138 219
238 231
326 202
419 229
520 218
607 232
707 202
0 268
83 245
164 267
233 278
317 274
396 278
480 253
561 245
643 243
715 244
66 308
129 288
206 323
274 301
342 302
422 302
492 302
556 280
634 302
702 323
781 301
16 330
87 334
151 311
210 320
269 340
340 312
401 331
463 340
525 330
587 330
655 340
720 340
776 331
10 336
65 362
128 354
178 343
239 345
291 359
353 371
410 353
464 353
521 362
574 353
631 353
692 354
748 343
42 363
84 388
147 356
195 375
245 356
297 377
347 364
397 372
447 364
500 356
551 372
607 363
655 356
708 372
754 356
26 373
67 388
115 388
162 388
208 388
257 388
302 391
349 388
402 388
448 388
496 373
544 388
587 392
634 373
682 395
732 380
777 391
11 387
49 408
97 387
140 401
183 401
231 387
269 405
317 408
359 393
406 387
444 387
491 387
532 393
579 405
620 408
667 408
711 401
750 401
5 399
47 399
86 412
128 404
165 399
208 404
246 418
287 425
330 412
369 418
407 412
450 412
490 412
529 399
571 399
614 412
655 419
693 419
738 425
770 399
34 422
69 422
108 410
148 416
185 422
220 422
258 422
298 414
335 422
370 428
407 428
447 422
483 428
524 428
562 424
596 410
634 410
671 422
710 410
748 410
784 422
13 431
47 442
87 430
120 431
153 436
192 431
228 419
263 430
300 431
333 436
370 431
405 419
443 431
475 431
513 431
546 431
581 431
615 419
653 431
689 424
723 419
756 419
66 438
97 433
133 444
166 428
197 438
265 428
302 439
333 438
368 428
402 428
436 438
466 428
503 439
538 439
570 441
603 438
671 444
706 442
736 428
770 438
23 435
180 436
244 435
374 435
626 435
721 445
753 436
128 443
189 442
219 442
371 442
582 442
673 442
735 442
