101 43
261 46
397 44
547 10
697 58
828 57
988 58
64 129
188 120
303 130
437 135
549 92
671 154
786 123
919 140
117 179
222 180
325 155
425 214
541 183
642 197
742 183
843 153
956 169
58 236
153 204
250 234
338 204
429 235
522 234
603 234
708 229
793 255
888 257
974 215
32 270
121 257
193 281
272 271
360 259
443 254
523 269
595 247
678 245
758 270
839 275
923 255
1006 271
1 298
78 275
150 297
221 287
290 277
366 300
441 286
507 285
589 277
653 278
735 275
801 297
884 297
951 284
32 338
100 329
179 307
242 320
309 338
373 317
447 330
508 339
577 337
647 320
717 339
780 326
853 330
914 319
973 301
35 323
91 329
153 322
223 323
276 349
335 350
398 341
460 331
528 348
583 331
646 341
712 339
771 345
834 359
883 324
952 340
18 364
79 350
135 349
182 376
239 360
300 368
356 343
406 367
464 349
522 364
580 363
635 360
691 376
745 368
806 359
865 377
913 343
968 361
42 360
91 382
148 359
195 358
251 374
302 375
355 390
406 379
455 358
505 374
560 358
612 358
667 364
716 359
767 373
825 374
873 375
929 374
30 387
81 380
130 395
171 402
221 391
276 388
321 388
371 374
419 402
465 394
518 373
567 387
608 379
661 387
709 395
755 373
810 387
854 380
900 395
16 398
67 384
110 402
154 385
200 398
243 397
287 398
338 398
379 398
426 397
472 400
517 390
560 400
609 397
653 404
698 405
746 411
795 411
838 384
884 401
49 394
91 394
136 407
178 408
220 407
265 407
307 414
351 407
390 394
437 400
479 407
520 413
563 407
606 399
647 407
690 394
737 414
778 400
825 414
863 395
71 415
112 403
154 415
193 415
236 415
278 408
314 427
356 416
395 415
440 415
477 408
520 403
559 408
602 418
645 421
680 403
723 427
764 402
807 415
845 408
93 412
131 423
171 424
212 418
248 417
285 412
324 435
360 424
399 429
436 412
474 424
514 429
557 429
592 412
630 412
672 423
707 435
745 424
787 423
826 435
120 436
157 419
194 436
232 430
263 433
303 423
339 430
376 433
411 431
451 436
485 430
523 430
556 434
593 433
630 430
669 432
702 436
739 419
776 430
816 424
134 436
165 442
203 437
239 426
273 440
309 437
339 437
376 437
412 437
444 437
479 437
515 447
549 437
586 438
619 426
653 437
691 442
721 426
761 442
791 426
145 442
178 445
213 445
244 445
281 443
310 453
345 443
378 443
413 448
446 433
477 432
508 437
545 453
577 433
609 443
642 447
678 448
710 433
743 445
776 438
161 447
193 447
227 438
256 448
289 451
320 448
354 448
384 448
416 442
447 450
483 452
512 453
544 458
577 443
609 438
640 448
668 448
702 438
731 438
763 438
177 452
210 452
237 455
270 443
299 447
327 461
361 452
391 457
424 457
451 452
484 446
515 447
544 447
575 443
605 452
636 462
667 443
698 461
726 461
755 452
195 459
227 461
254 461
285 456
315 456
343 459
371 452
404 447
431 456
458 447
490 448
518 447
549 447
579 447
607 458
635 456
666 456
697 456
725 456
753 456
206 455
234 460
261 452
290 460
317 452
344 455
375 460
403 461
429 455
459 461
485 455
513 452
541 460
571 469
600 460
629 460
656 465
682 452
711 460
739 460
212 456
236 464
267 464
293 456
320 456
348 464
373 465
402 469
428 465
455 473
480 456
507 473
537 456
563 459
592 469
619 468
644 456
672 468
696 456
723 459
223 468
248 476
277 460
299 468
327 460
353 470
381 476
408 463
432 468
458 468
485 468
511 468
537 468
562 476
587 469
613 468
640 464
666 468
691 460
716 460
235 479
261 479
288 464
310 471
335 463
362 471
387 467
410 471
438 475
462 471
488 471
511 475
537 471
561 475
588 467
611 471
637 475
663 471
689 475
714 479
248 482
270 475
297 470
318 474
343 482
367 478
391 467
416 475
442 477
466 474
488 474
514 474
536 475
562 474
587 467
609 482
636 478
659 475
685 478
706 471
258 478
278 478
303 474
327 478
349 478
373 478
396 478
420 471
443 479
469 473
490 474
513 473
537 479
561 471
585 485
608 470
631 481
653 471
678 485
700 485
262 480
286 477
308 477
330 481
353 484
375 474
398 477
421 480
442 484
466 488
488 484
509 483
531 480
557 480
578 476
602 488
623 483
647 480
667 474
689 473
274 487
296 483
317 486
340 476
362 483
383 490
404 483
428 476
449 483
472 485
493 479
515 483
536 486
559 483
581 479
601 479
624 476
648 490
670 483
690 476
278 489
300 479
324 482
342 487
365 488
387 488
407 482
428 481
450 485
472 485
494 489
515 485
534 479
555 485
577 487
600 485
620 481
641 485
664 487
683 479
287 481
306 494
329 481
350 487
370 487
391 490
411 487
432 488
451 494
472 487
495 489
515 491
535 487
557 487
577 487
597 481
617 487
638 487
659 487
681 487
289 493
308 489
328 489
347 483
368 491
387 493
409 490
428 496
449 496
468 489
488 489
507 489
528 493
549 496
568 491
588 493
611 490
629 491
649 486
669 483
299 491
317 491
336 494
359 485
377 491
397 485
417 497
437 488
456 491
475 485
495 491
514 497
533 491
554 485
573 485
593 491
611 491
632 485
650 485
671 485
299 496
321 490
338 490
359 493
377 493
397 487
416 487
435 493
452 496
473 495
491 493
509 493
528 488
547 487
567 487
587 496
606 487
625 490
644 499
663 487
308 497
327 495
346 492
364 498
383 495
403 495
420 497
439 495
457 492
475 495
496 489
512 489
531 498
552 492
570 489
589 496
607 495
624 497
643 489
663 492
313 498
330 500
348 498
367 494
384 497
404 498
421 500
439 493
458 491
476 497
492 491
512 491
530 498
547 497
564 491
583 497
603 498
619 491
638 500
656 491
316 495
335 498
352 498
370 498
388 493
404 498
423 493
440 495
457 501
477 493
493 493
510 498
528 493
545 493
563 501
582 500
600 498
617 493
635 501
653 493
