116 40
260 3
536 32
694 31
87 147
200 149
310 96
426 130
536 147
656 130
762 98
36 196
125 194
231 180
318 224
410 195
507 196
608 195
703 194
789 181
18 243
101 244
177 250
267 243
346 244
422 219
504 244
589 242
663 228
750 218
1 278
69 266
144 300
216 279
286 279
352 300
419 285
491 279
560 266
632 258
703 279
779 289
34 315
91 311
156 306
218 305
275 311
343 310
399 311
460 315
527 295
590 305
653 324
719 324
774 305
22 327
72 310
133 327
189 317
243 336
298 335
355 318
410 316
465 336
527 344
581 344
635 327
687 310
752 327
14 349
58 345
108 345
160 345
215 329
265 329
312 360
366 329
415 335
470 360
518 352
569 329
621 329
668 345
723 329
771 337
33 367
84 359
130 359
174 367
225 367
273 374
313 367
366 352
408 359
458 345
504 359
554 359
601 345
642 345
694 359
741 352
790 359
19 372
65 385
104 372
152 358
194 372
235 372
278 385
321 378
365 372
409 379
453 372
494 372
535 358
581 364
621 372
665 358
708 372
753 385
8 383
49 375
90 377
128 383
171 383
209 383
247 389
290 389
331 385
371 383
410 385
451 383
493 383
529 370
574 383
611 370
653 383
690 385
732 389
772 383
30 380
70 380
107 380
146 380
179 398
218 404
257 392
291 392
328 392
370 404
407 392
445 380
483 392
520 392
559 396
593 392
634 403
672 395
708 392
744 380
781 380
20 400
57 389
92 394
130 393
161 389
201 389
232 406
271 389
305 400
338 400
376 400
407 400
444 411
481 400
515 400
550 411
586 400
621 402
653 389
692 400
728 403
762 400
7 407
38 401
70 397
102 397
137 407
169 407
205 413
238 407
269 412
303 407
337 407
367 407
400 407
433 407
467 407
500 401
535 412
565 397
601 401
633 401
668 407
702 412
736 413
763 401
27 419
57 414
89 404
121 409
153 414
185 414
213 416
247 414
279 404
312 408
342 416
372 419
404 414
434 414
464 404
498 419
528 414
560 419
595 424
624 404
656 419
688 408
718 417
750 404
785 424
10 425
37 420
69 414
95 422
128 420
156 420
188 420
217 423
246 411
275 411
308 423
337 420
367 416
395 425
426 420
459 420
487 415
519 420
546 411
577 420
607 425
636 422
665 411
699 425
727 420
755 414
790 420
30 416
55 420
88 416
111 427
144 425
171 425
199 425
227 427
253 425
282 425
311 425
341 425
369 420
397 421
427 425
453 420
482 429
510 416
538 434
569 416
595 430
623 420
653 434
683 425
708 425
737 416
766 425
17 430
44 430
73 430
99 422
128 430
154 425
181 430
208 430
233 439
260 430
290 438
315 432
345 422
370 434
397 422
425 421
451 430
480 439
504 430
534 426
559 430
587 425
615 434
641 430
666 430
696 439
724 430
749 434
7 443
36 427
62 439
87 435
114 427
140 439
165 431
192 434
217 439
245 427
271 435
295 434
322 435
348 443
375 434
400 443
424 430
453 443
477 434
505 438
530 439
554 427
581 435
606 434
635 435
658 435
685 439
712 426
738 426
1 434
25 434
47 443
74 434
100 442
122 440
151 431
172 439
198 443
224 442
273 431
298 438
323 434
349 431
371 439
398 439
422 434
448 439
471 435
496 431
545 439
573 442
595 439
621 440
649 443
673 439
695 439
720 439
64 442
90 438
164 438
184 442
208 442
234 435
257 442
306 438
327 442
353 442
376 435
402 435
425 442
470 442
497 442
520 445
543 438
569 445
591 442
614 442
637 442
687 442
149 438
195 442
241 439
265 438
515 442
539 442
563 438
608 439
655 439
199 442
220 445
353 442
376 442
483 442
507 442
529 442
550 445
617 442
638 442
107 445
212 445
277 445
362 445
426 445
445 445
637 445
