107 34
215 42
317 32
414 4
525 14
628 3
741 23
7 74
87 84
161 80
252 89
341 89
421 79
513 112
590 76
685 100
766 90
44 117
115 140
188 141
263 146
338 125
411 122
479 138
549 126
625 146
696 117
771 119
19 174
82 174
143 176
212 174
272 172
340 174
401 176
461 156
528 180
593 172
654 183
726 170
788 171
13 197
74 184
125 189
181 205
239 188
292 199
352 203
405 187
462 213
522 197
581 206
632 197
693 207
746 197
4 223
57 220
110 206
160 219
212 204
259 223
310 228
358 222
415 213
461 206
514 206
561 218
615 204
668 223
719 225
762 210
31 235
77 222
124 229
169 229
214 236
267 223
306 235
352 222
403 235
450 235
496 236
538 243
585 236
634 229
684 248
722 223
772 241
29 249
71 249
109 255
154 261
195 252
237 250
280 254
323 249
368 243
411 250
450 237
496 249
533 249
579 237
619 238
663 249
701 238
747 243
21 264
55 264
97 261
138 250
176 261
219 255
258 250
295 263
331 250
375 256
414 260
449 255
490 267
531 266
570 261
606 255
644 262
683 261
724 255
770 272
12 275
47 272
84 261
120 278
155 278
196 262
228 273
264 272
302 272
338 261
372 272
410 272
443 271
482 271
517 271
549 262
591 272
625 274
662 272
700 272
734 283
771 272
32 287
61 292
99 287
129 282
165 287
197 292
232 292
263 291
297 283
333 282
365 278
397 272
430 276
465 287
499 277
532 287
566 287
598 292
631 292
661 273
695 272
731 283
763 285
29 290
64 285
91 295
123 290
153 290
187 281
215 292
244 299
278 285
308 290
340 295
370 290
402 290
432 295
466 290
494 285
527 295
558 290
587 295
622 290
651 290
681 281
713 294
748 299
772 291
30 288
56 299
89 289
117 289
146 292
173 297
203 297
229 297
260 301
287 297
319 292
347 297
377 298
405 297
434 301
465 302
494 299
519 302
549 300
581 297
606 289
639 297
668 293
696 298
723 297
754 297
783 302
11 303
39 303
67 308
99 296
123 303
150 305
177 303
209 300
233 304
262 295
287 295
314 307
343 307
370 295
397 308
426 295
451 303
479 299
507 295
534 295
561 307
588 303
616 295
645 305
670 304
697 295
726 303
755 303
14 304
40 309
66 308
91 317
115 312
143 309
168 308
198 300
224 309
247 312
276 301
301 308
326 316
351 308
379 313
406 308
431 310
455 308
482 308
507 310
536 312
561 312
587 316
612 317
637 308
661 301
688 309
717 316
745 312
7 317
35 313
60 321
86 313
111 306
133 313
162 306
183 306
209 313
235 310
257 317
281 309
306 321
331 306
355 321
381 313
407 309
431 313
455 306
480 315
504 313
531 313
553 313
576 306
602 309
629 316
653 306
678 314
702 313
727 321
25 318
44 325
70 318
92 318
116 320
139 325
163 318
186 318
210 313
235 311
257 311
280 325
303 311
328 325
351 320
375 314
397 313
420 318
446 318
467 318
493 318
517 319
539 314
560 311
586 318
607 311
634 320
655 321
680 319
702 320
42 322
63 328
88 315
111 322
131 322
154 324
174 325
200 325
221 325
244 325
267 315
289 322
310 318
331 329
354 322
379 322
398 318
423 315
444 328
467 315
489 315
511 315
535 325
553 315
577 322
601 325
622 325
644 325
668 322
687 322
60 319
81 326
102 322
123 325
145 325
166 325
188 326
209 325
229 329
251 322
274 326
294 325
316 329
337 325
358 319
380 329
400 326
421 326
444 322
465 328
486 332
506 329
529 326
550 322
571 329
592 326
611 319
636 329
656 319
677 326
72 332
93 323
114 335
135 323
154 329
177 325
196 332
215 329
237 330
256 325
276 329
296 335
317 329
337 330
357 329
379 335
399 335
418 329
440 323
460 323
479 332
501 329
520 323
541 325
560 323
581 323
601 329
621 323
641 323
663 326
94 329
110 332
131 332
151 326
170 332
191 326
210 326
228 332
247 329
268 335
286 333
306 333
325 329
345 329
364 338
383 335
403 335
421 329
441 334
462 334
479 332
499 329
517 327
539 332
559 335
576 326
597 329
618 332
634 332
654 332
106 335
125 335
143 335
162 335
180 341
199 335
219 332
236 332
254 335
272 335
292 329
311 332
328 335
347 335
367 335
385 335
403 338
422 335
441 332
459 335
479 341
497 335
515 341
534 330
553 337
570 337
589 336
608 331
627 337
646 335
111 332
129 334
146 338
163 338
184 335
200 332
218 343
236 338
254 338
272 332
288 343
308 340
325 332
343 343
362 332
377 332
396 335
414 340
432 335
450 334
468 338
487 341
504 332
522 334
539 338
557 339
576 332
593 334
610 340
630 340
127 340
142 340
161 340
178 340
194 340
212 340
229 340
246 340
264 340
282 340
297 340
315 343
332 340
350 340
368 340
385 340
401 340
420 337
437 340
454 340
472 340
489 340
506 340
524 340
539 340
557 340
574 334
592 340
610 340
628 342
134 342
152 339
167 337
184 347
201 342
218 347
234 339
252 337
269 337
284 337
301 342
317 344
335 347
351 339
369 339
385 342
402 344
417 342
434 345
451 347
469 339
484 337
503 342
518 342
536 339
552 337
570 342
586 343
602 337
619 347
139 349
155 341
172 344
189 345
204 344
221 344
238 344
254 344
269 341
285 349
303 339
318 345
333 346
351 344
368 344
383 341
399 346
414 339
432 344
448 344
464 344
480 344
498 349
513 341
530 346
544 344
562 344
576 344
592 339
609 341
149 341
165 341
180 341
196 341
210 345
225 351
243 346
257 341
273 348
288 346
305 341
319 346
336 341
352 343
368 341
383 347
400 348
414 347
429 341
446 343
461 343
477 341
494 348
508 346
526 347
540 348
557 345
573 348
587 350
603 348
155 343
169 348
185 348
200 343
214 350
230 348
245 343
261 348
276 348
291 343
306 343
321 348
336 348
352 348
366 345
382 350
396 345
411 345
428 345
441 345
457 350
472 348
488 348
503 348
518 349
532 348
547 345
564 350
578 343
593 348
162 350
176 349
193 345
208 345
222 347
235 350
250 352
265 345
280 349
295 351
308 352
323 345
338 352
353 352
367 349
382 350
396 352
411 349
427 349
440 349
455 345
470 345
485 351
498 345
513 347
527 350
543 349
558 350
573 352
587 347
174 347
188 351
202 351
217 351
231 351
244 347
259 351
273 349
287 351
301 355
315 348
331 356
344 351
358 351
373 349
387 351
402 353
416 349
430 351
444 351
458 351
473 353
487 352
501 355
515 353
529 351
542 351
557 348
572 347
586 348
182 353
195 355
208 354
221 353
237 355
251 354
264 351
278 351
292 353
306 353
319 353
332 348
345 355
361 350
373 353
387 348
401 353
416 348
429 353
444 353
456 350
471 355
483 355
498 357
511 350
526 353
538 354
553 350
568 353
582 355
186 356
201 354
214 354
226 352
240 352
253 350
267 350
279 354
293 354
307 354
321 355
333 354
346 350
360 352
373 354
386 354
401 354
413 356
427 354
440 352
454 352
466 354
480 354
492 354
507 354
521 354
534 356
546 354
561 356
573 354
192 351
204 353
217 352
230 356
244 356
257 351
269 356
283 352
295 352
307 355
321 355
335 353
347 356
359 352
372 353
387 357
399 357
411 357
424 353
437 360
450 357
464 356
477 353
488 352
503 357
515 352
529 358
541 355
555 356
567 351
198 353
209 353
222 353
235 358
247 353
261 358
272 357
286 354
299 359
310 357
324 357
337 353
349 357
361 353
374 357
387 361
399 353
412 357
424 357
437 357
449 357
463 361
475 357
487 359
499 355
512 353
526 357
536 353
551 357
562 353
203 354
213 358
227 356
240 356
251 359
263 360
276 356
288 360
301 359
313 354
326 358
337 358
350 354
362 354
374 358
386 354
398 356
412 360
424 356
435 358
448 354
461 354
472 356
484 358
496 356
509 358
522 358
534 354
547 358
558 356
210 359
221 361
233 360
246 359
256 360
270 357
281 363
293 359
305 355
317 363
329 357
341 355
352 355
364 360
376 355
389 359
400 361
412 359
425 361
436 361
448 359
460 357
473 363
484 363
497 360
509 357
521 357
532 359
544 359
558 361
212 360
222 360
234 360
247 357
257 364
270 358
281 360
292 361
304 358
317 357
328 360
340 360
351 357
363 358
374 357
386 357
398 360
409 362
421 358
433 364
444 356
456 362
468 360
480 361
491 360
502 358
514 358
526 360
538 361
550 360
217 361
228 358
240 358
251 361
263 358
274 362
285 359
297 358
308 361
319 361
330 365
342 358
354 363
365 361
376 361
388 365
400 361
411 359
422 359
433 363
444 359
457 361
468 361
479 361
491 361
502 361
514 363
524 361
537 363
547 361
