40 51
160 102
288 72
434 100
559 70
691 70
7 139
102 187
215 169
326 152
436 167
553 156
659 134
771 155
57 205
140 222
235 209
324 235
424 194
515 223
610 229
691 222
783 207
18 275
106 269
180 281
259 269
335 273
417 253
501 269
582 268
658 292
731 269
9 292
73 304
140 283
217 294
284 315
354 304
419 292
489 283
563 314
625 283
705 324
771 304
40 322
111 322
171 320
231 312
292 313
352 341
420 331
482 351
541 341
598 313
670 331
728 350
789 331
4 362
59 353
114 362
173 336
233 354
287 353
350 336
406 371
462 371
521 353
569 343
625 353
683 336
744 345
51 372
98 372
150 356
205 372
252 377
311 372
363 372
412 388
462 377
513 372
565 372
621 380
666 372
725 372
771 356
34 388
77 388
122 402
174 402
220 388
273 380
316 388
365 388
409 379
459 373
507 395
553 373
598 395
649 391
697 388
746 403
1 401
47 401
92 401
132 401
181 387
220 415
269 401
308 387
353 408
395 401
441 408
488 408
530 401
575 408
619 401
661 415
704 393
745 394
789 393
30 416
69 412
110 425
154 406
190 426
234 400
275 425
313 416
356 405
398 405
437 399
483 425
519 399
563 415
605 405
641 412
686 425
724 416
766 405
15 410
56 422
96 422
130 424
170 410
210 416
248 415
285 422
324 422
360 410
400 428
435 410
473 422
514 422
553 428
587 428
629 422
665 422
708 426
741 415
782 415
14 436
49 431
89 419
124 424
158 442
195 424
232 431
265 424
304 419
334 420
371 431
410 431
442 442
478 420
513 436
552 424
586 419
624 436
657 431
695 431
728 424
767 436
2 439
36 444
70 432
106 433
140 432
170 439
206 439
238 433
273 439
309 428
411 439
445 428
475 438
513 442
545 432
576 439
611 444
647 432
711 428
745 428
783 442
117 445
214 435
405 435
466 439
530 435
624 445
687 435
720 435
755 445
71 442
194 441
252 442
313 445
371 441
612 442
702 445
