101 72
249 74
404 120
585 47
745 95
55 184
191 142
326 182
442 155
575 173
705 207
100 225
213 198
301 193
408 253
508 208
624 193
719 193
52 236
142 249
230 290
316 250
404 274
493 250
576 241
678 262
765 265
19 297
102 297
178 295
251 319
329 297
409 306
489 303
566 303
638 273
729 306
7 320
82 307
145 323
218 318
286 307
348 318
415 307
486 318
559 298
626 300
693 318
757 298
39 318
94 337
162 337
215 337
279 336
346 347
401 336
463 327
534 343
585 326
651 346
720 343
775 347
29 336
73 369
131 353
191 362
250 345
300 362
361 344
418 361
470 358
526 362
578 336
636 352
693 352
749 353
51 349
99 365
150 365
200 373
246 381
300 357
352 365
404 373
455 365
502 351
554 365
609 349
654 351
711 355
758 358
26 376
71 376
114 390
166 368
210 375
256 390
307 383
357 368
400 362
450 390
496 376
542 361
590 369
630 362
679 369
732 376
777 361
15 392
60 390
103 377
142 389
190 386
234 379
276 372
320 373
361 377
408 372
449 386
496 392
538 380
578 379
625 393
664 386
712 392
757 385
39 406
81 406
122 381
163 393
204 393
244 399
281 393
324 393
367 386
406 406
448 385
484 400
526 393
572 397
609 381
651 394
688 400
732 393
771 394
30 412
69 401
105 401
144 404
184 401
219 400
258 401
299 389
334 403
372 412
409 407
449 400
486 400
527 412
564 406
601 400
633 389
673 389
712 401
753 412
789 406
16 400
49 406
86 400
117 412
152 418
192 406
227 410
262 406
298 400
331 409
366 408
406 395
439 406
475 396
509 401
545 406
584 418
619 412
652 406
690 406
724 407
760 407
4 401
35 422
75 406
104 417
139 412
175 401
206 417
239 412
271 422
307 401
339 412
372 401
406 412
441 417
474 414
510 417
538 412
574 412
606 407
640 417
678 422
711 417
742 412
779 417
27 417
57 417
92 417
123 422
153 427
187 411
220 407
248 417
283 407
314 417
345 407
377 417
407 427
436 411
471 411
502 411
534 422
564 427
595 417
629 417
657 417
687 407
723 417
754 422
785 417
8 415
38 426
71 421
101 421
131 415
159 416
187 421
217 426
251 421
277 426
308 421
341 411
369 421
398 421
430 431
457 412
490 415
521 424
548 415
580 430
610 421
638 421
668 412
700 421
731 421
760 421
789 421
2 425
26 434
57 424
86 429
115 425
144 425
174 416
203 416
230 429
258 425
287 425
318 416
346 424
372 429
404 419
430 425
458 415
490 426
516 429
546 424
576 424
604 419
630 415
660 425
691 425
720 434
750 424
775 415
23 428
48 428
79 420
102 433
131 429
159 433
185 424
211 431
239 428
265 428
293 420
320 430
349 428
378 429
403 429
430 420
458 420
487 433
513 428
537 428
565 428
591 420
618 420
650 428
673 420
703 428
730 428
758 428
17 432
39 440
68 428
91 436
117 440
147 432
171 432
197 432
222 424
248 432
277 440
302 432
326 432
352 434
380 432
405 432
430 424
459 440
483 432
509 440
534 432
562 433
585 432
614 423
639 432
662 424
690 432
717 432
743 432
11 430
33 437
61 430
83 436
109 427
131 439
156 439
181 435
206 439
231 435
257 427
283 430
308 435
330 436
355 435
380 427
407 430
431 439
456 435
479 435
504 430
531 437
557 439
580 439
602 427
630 435
654 435
678 427
703 439
729 437
18 434
38 441
62 437
86 437
109 445
138 430
158 437
181 440
207 437
230 430
255 430
277 437
301 437
325 430
351 430
373 445
397 430
421 430
444 437
470 439
494 430
517 439
540 437
565 439
587 437
611 437
638 437
662 437
681 437
708 441
36 436
54 440
80 436
102 440
169 440
215 444
239 444
260 440
284 444
331 440
353 440
375 433
421 433
442 440
467 436
490 433
513 440
536 440
557 440
582 440
605 444
627 440
649 433
670 436
695 444
48 439
69 439
90 444
114 438
138 436
156 442
180 438
202 443
223 435
247 443
288 444
312 435
333 436
377 443
400 436
422 443
444 442
465 438
488 442
510 442
530 443
640 438
662 442
685 445
64 438
126 438
169 441
190 445
230 445
253 441
274 441
294 445
314 438
337 445
356 445
378 445
442 438
482 438
527 441
545 438
568 445
589 445
610 438
135 440
178 440
237 443
276 440
438 440
601 443
622 440
106 443
147 445
225 442
283 445
322 443
361 443
400 443
419 442
476 442
555 443
594 443
98 444
115 444
192 444
228 444
267 444
381 444
417 444
436 444
456 444
513 444
550 444
608 444
