811 19
892 17
953 78
999 66
659 41
736 92
793 61
863 109
923 122
968 115
397 8
494 35
568 56
644 79
714 113
776 144
829 130
868 176
919 166
957 168
1002 206
118 49
237 59
341 110
431 116
517 118
580 145
639 162
699 163
755 152
805 165
847 196
882 204
925 213
960 220
990 211
100 93
218 77
301 117
382 156
459 153
531 163
590 174
646 186
697 204
740 203
780 212
825 220
865 243
898 218
928 225
959 245
987 251
1012 264
22 106
134 103
223 142
305 177
377 153
444 179
501 189
552 180
609 195
656 204
704 222
740 238
777 236
815 242
849 263
881 255
909 265
937 249
965 259
983 272
32 143
117 150
208 177
282 177
343 187
414 198
471 187
522 202
575 221
618 237
656 235
699 225
736 255
772 255
804 271
830 254
865 267
893 271
917 281
940 282
8 181
103 174
176 194
246 198
311 221
374 221
427 228
480 216
525 238
574 240
614 237
655 258
689 247
725 261
754 269
785 257
813 280
844 277
867 281
896 287
13 184
92 198
156 221
229 193
292 224
348 236
403 233
450 224
491 237
537 242
573 248
614 261
650 268
685 277
711 276
747 265
773 269
804 273
825 277
850 291
33 205
101 230
164 214
232 229
283 220
338 241
384 248
434 257
473 248
515 262
554 280
590 258
621 263
652 267
687 295
715 280
742 295
768 292
791 285
816 293
20 219
80 227
143 249
200 231
253 245
307 254
352 243
395 265
442 270
477 270
514 281
551 278
584 275
616 285
649 288
677 297
704 300
726 287
755 290
779 308
44 229
101 228
159 249
213 254
262 246
303 277
350 255
393 259
432 276
468 280
505 283
536 293
567 285
599 282
628 299
655 288
682 302
708 309
730 306
756 314
30 261
87 238
139 257
187 275
240 267
282 270
326 274
370 266
405 282
440 292
473 291
505 292
538 297
567 287
597 301
625 308
652 296
676 313
700 310
723 307
33 265
86 266
139 254
187 284
232 267
273 279
312 277
355 279
388 289
423 303
457 306
491 288
519 295
550 308
575 300
602 313
629 310
653 307
676 320
697 308
30 252
75 256
128 277
168 277
218 281
257 284
298 277
332 302
368 305
405 297
435 310
465 302
495 295
523 309
551 304
575 306
604 314
626 316
650 323
673 315
31 274
74 281
124 293
167 285
207 288
246 285
287 283
319 302
353 305
389 302
419 295
451 298
479 314
506 312
531 308
557 311
582 314
603 320
628 326
649 324
47 275
89 288
137 289
177 281
213 290
250 298
288 301
324 298
354 306
386 298
418 301
444 312
471 315
499 321
525 318
549 320
573 322
595 319
618 318
638 320
38 287
83 296
122 294
167 287
200 293
237 302
273 299
305 301
337 319
368 302
399 315
426 307
450 322
478 311
504 324
528 332
553 317
575 326
594 328
616 322
36 282
78 285
115 298
152 311
187 308
225 296
261 313
294 301
322 303
352 316
380 326
408 319
437 323
460 318
486 324
511 318
533 327
555 329
575 331
597 332
37 301
77 301
117 306
154 311
189 313
222 302
253 309
287 315
317 308
343 314
372 312
398 318
424 317
448 318
474 328
495 329
521 338
540 332
563 329
581 335
36 309
76 306
113 304
147 305
181 322
215 318
247 317
276 322
306 317
333 325
359 320
387 318
409 328
435 321
459 332
482 332
504 334
525 335
544 336
566 337
48 312
88 312
121 323
151 318
188 326
220 311
250 313
275 315
302 325
330 335
357 328
381 337
408 331
430 336
453 330
475 339
497 340
516 334
537 346
555 347
44 317
79 315
112 317
148 314
178 321
210 319
238 325
264 326
293 336
319 321
345 327
371 332
394 334
415 335
437 329
460 330
481 342
500 333
521 341
541 342
37 321
75 314
107 320
137 314
168 324
196 326
224 327
254 329
278 330
304 335
330 333
353 335
377 332
400 337
422 345
443 346
466 341
486 342
503 346
522 351
50 323
79 323
114 325
143 322
173 332
201 333
228 331
253 336
279 341
305 342
329 344
351 345
376 332
397 343
417 348
438 345
460 343
478 351
497 342
516 346
42 328
75 327
103 331
135 328
161 330
191 334
215 333
243 342
270 336
291 337
317 345
338 343
363 337
383 345
404 345
424 344
445 339
462 349
481 353
499 342
52 322
79 329
110 330
139 324
166 335
195 330
221 339
245 334
267 341
294 335
314 337
338 343
359 343
382 340
400 345
422 346
439 350
458 348
476 343
495 356
46 330
76 331
102 329
132 334
158 339
184 337
212 331
234 339
259 340
282 343
305 346
327 344
347 344
369 346
389 348
407 341
428 352
446 350
462 351
481 351
47 336
77 334
107 331
135 332
161 338
187 335
211 340
235 348
257 342
278 350
301 351
323 339
343 340
363 348
382 352
402 351
420 350
440 348
457 352
475 350
44 339
71 332
99 331
127 339
150 340
177 335
198 346
222 343
245 351
267 347
289 340
312 349
330 349
352 349
370 350
389 345
409 349
427 349
442 348
461 355
46 345
75 342
97 343
124 334
151 342
175 344
199 341
219 352
242 340
266 347
284 351
308 349
325 351
346 351
366 352
382 353
402 348
418 354
437 355
453 356
44 341
70 341
95 342
120 343
147 348
168 346
193 346
216 347
236 348
258 349
277 353
297 351
319 355
336 359
355 354
374 354
393 355
410 356
427 357
442 363
53 346
80 347
104 348
129 347
151 347
172 354
196 355
217 353
238 356
259 351
280 349
299 353
318 348
336 354
354 352
372 356
389 353
406 358
423 358
438 364
43 351
71 338
93 346
117 341
141 348
163 349
185 344
208 347
228 352
247 354
268 353
288 348
307 355
324 356
341 354
359 354
376 353
394 359
410 359
424 355
48 342
73 350
95 344
120 345
139 351
161 357
183 352
205 349
224 355
245 349
264 355
283 356
302 356
321 357
337 358
355 359
370 362
387 355
404 361
420 356
49 354
73 349
94 350
117 354
141 352
160 354
182 353
204 354
222 360
241 356
262 356
280 352
297 358
315 359
332 359
350 361
366 366
382 361
397 359
412 357
48 353
74 351
95 352
116 353
139 353
158 354
180 355
200 356
218 357
238 360
256 361
274 361
294 357
310 357
326 366
343 361
358 363
376 358
390 363
405 364
47 352
67 352
89 359
112 354
133 349
154 350
175 359
193 359
213 361
231 361
250 364
267 360
284 355
302 359
319 359
334 362
352 363
366 361
382 364
397 365
