165 33
306 34
440 69
577 45
716 32
107 120
207 133
323 133
427 113
543 102
662 146
765 103
17 224
124 197
208 169
303 211
393 196
492 211
592 211
683 196
779 210
76 219
155 266
231 249
317 229
401 229
477 220
569 266
637 219
726 248
54 268
124 266
191 277
263 278
330 257
404 289
467 257
538 278
614 278
686 289
748 289
44 293
109 305
167 294
235 286
288 286
353 305
421 305
477 324
540 286
600 315
669 294
727 287
16 326
77 327
131 318
189 327
249 309
302 344
358 344
422 327
477 310
527 327
592 332
645 316
697 327
756 335
48 349
102 329
150 352
199 360
255 344
304 352
352 348
410 329
458 344
508 335
562 345
613 329
660 352
715 360
763 345
34 366
83 345
126 374
172 345
216 367
268 351
312 362
357 345
408 352
452 359
497 359
545 374
596 362
641 374
690 367
732 345
780 367
15 364
58 372
104 359
145 386
190 359
234 372
272 379
315 372
359 385
408 372
449 376
493 359
534 379
580 359
621 364
668 379
706 365
750 379
2 385
48 370
85 383
123 389
163 386
204 395
250 383
286 385
329 375
370 370
409 375
450 370
488 385
532 389
566 383
608 375
649 383
693 383
729 375
768 370
26 404
67 398
102 392
144 394
182 398
221 386
253 380
291 392
332 392
370 392
405 392
444 380
480 386
520 394
555 404
595 398
632 392
667 403
702 385
743 392
779 404
11 400
46 400
81 406
117 406
152 400
188 400
219 406
257 403
293 395
327 400
364 400
399 395
433 406
470 393
506 406
538 406
574 389
609 400
645 389
683 400
716 400
750 389
786 411
0 397
34 407
68 408
103 397
134 397
169 397
199 397
234 418
268 408
298 412
333 401
368 402
402 397
433 397
469 410
499 397
531 397
565 413
599 418
634 408
665 408
701 418
732 412
765 407
23 414
55 419
82 414
117 414
149 424
181 416
211 404
245 419
274 408
308 417
337 416
371 414
398 419
431 408
463 419
494 424
526 408
555 408
590 419
623 404
653 404
686 416
715 409
747 414
780 417
8 422
36 425
71 420
100 420
127 420
156 429
187 429
219 420
247 410
275 425
309 410
337 429
366 420
395 422
428 410
458 424
487 425
518 414
546 425
575 429
606 420
636 410
664 420
695 424
725 425
757 429
785 420
12 425
41 419
68 434
98 425
123 427
153 425
183 425
207 416
235 429
266 420
292 425
323 429
350 425
377 420
405 425
434 425
465 429
490 425
520 425
548 425
578 429
605 427
634 429
661 416
692 425
717 416
746 416
773 425
2 431
28 438
56 421
85 421
108 429
139 421
163 432
191 421
220 424
245 429
272 431
298 424
327 429
354 424
381 438
407 429
433 430
462 425
486 430
514 438
542 421
566 430
594 429
622 434
651 434
676 430
704 430
731 425
756 421
10 429
36 434
62 426
87 438
115 436
141 434
165 434
192 426
216 436
243 438
271 436
297 430
320 434
348 434
374 434
400 438
425 434
451 426
474 426
503 434
527 438
552 434
581 434
605 434
630 434
657 436
680 426
707 434
732 426
7 438
29 439
55 438
82 434
107 442
128 438
154 439
178 430
204 439
230 438
255 438
280 431
304 431
327 438
351 438
377 431
401 442
428 438
452 438
478 438
503 438
528 440
551 430
575 434
624 430
674 438
700 442
727 431
42 442
63 443
91 438
114 442
137 442
161 439
186 438
209 435
232 442
255 444
304 443
350 438
374 435
423 439
448 435
470 442
493 438
520 442
543 435
589 442
639 444
661 443
684 442
709 442
32 438
76 445
101 445
123 445
216 445
260 445
282 441
306 438
330 441
466 438
488 441
510 441
601 442
626 438
647 438
671 442
693 445
52 444
75 442
139 442
185 445
208 442
317 442
359 442
382 445
427 442
494 442
623 442
690 445
247 445
375 445
609 445
