302 19
799 7
51 77
217 119
382 116
561 73
756 75
926 117
98 204
234 160
379 202
527 240
663 241
811 204
952 224
65 268
183 250
298 283
425 268
541 283
659 256
768 249
884 268
1014 285
42 314
157 273
251 258
348 285
442 294
554 300
644 288
750 288
840 257
950 315
86 288
167 324
256 324
338 324
433 312
518 339
598 312
695 311
778 338
866 286
950 300
50 311
125 333
203 310
275 355
361 331
429 336
507 343
594 310
665 343
741 309
823 309
897 333
976 332
41 350
102 348
180 349
242 349
319 360
382 369
457 329
525 329
597 348
664 337
726 328
798 338
874 369
940 350
1013 336
21 366
91 361
154 342
217 352
279 342
337 349
407 370
464 380
536 371
596 343
660 360
722 360
786 364
851 352
911 352
980 361
2 354
55 361
111 377
177 372
230 361
285 371
346 371
408 374
467 354
521 371
583 371
644 353
701 372
753 372
816 362
871 363
937 380
997 371
46 381
98 384
153 381
208 381
261 371
309 389
366 381
416 381
475 381
530 365
578 397
632 381
689 373
741 389
797 365
847 381
911 389
955 365
1013 389
23 388
79 388
130 404
176 403
226 388
275 388
329 379
376 396
431 388
480 404
533 373
580 388
631 389
677 373
729 388
781 389
831 388
882 380
935 380
981 388
43 395
91 398
138 396
189 400
232 381
283 382
325 410
372 410
418 410
468 396
512 395
565 395
606 387
654 388
700 382
751 387
793 403
844 396
889 396
935 395
986 410
35 401
82 415
124 408
169 388
216 406
260 389
303 402
342 395
388 394
435 401
474 389
522 393
563 394
606 408
651 402
694 408
742 401
782 415
830 402
872 415
916 408
961 408
1003 402
33 407
69 407
115 407
153 407
196 401
232 407
277 400
318 407
360 407
403 414
442 407
483 407
523 407
563 400
607 413
648 413
689 420
732 413
770 414
813 400
853 395
895 401
936 407
973 400
5 405
45 406
83 412
123 400
160 400
201 400
237 418
277 411
319 400
353 412
396 412
434 400
472 417
510 400
550 418
591 400
628 411
668 400
705 400
747 400
785 418
824 400
861 411
901 412
939 400
980 418
1018 415
5 416
43 416
77 416
116 405
152 410
191 416
224 418
263 409
299 405
335 427
374 418
411 404
450 416
483 405
520 405
557 416
596 416
631 421
667 410
709 416
741 416
781 416
816 416
852 416
891 404
930 416
966 416
1001 404
23 420
58 422
95 409
127 414
163 409
196 420
230 425
265 425
304 420
336 420
374 425
408 409
444 420
479 422
513 413
548 420
583 414
619 425
653 431
687 422
724 413
760 409
792 420
832 430
861 409
902 420
931 423
970 425
20 423
54 423
89 426
121 426
153 434
190 413
223 423
255 423
291 413
325 423
358 417
389 428
423 423
455 425
489 428
524 423
553 433
589 417
623 413
657 413
688 423
719 413
754 434
786 423
822 429
858 433
888 424
925 428
956 417
7 427
34 432
69 427
99 427
132 427
167 417
195 427
230 427
259 427
290 421
324 417
352 422
386 427
420 417
449 422
483 426
513 427
543 427
575 427
608 431
638 436
673 431
705 426
732 427
765 417
799 422
831 427
860 436
897 436
925 417
25 429
56 429
86 431
119 420
149 424
178 429
208 429
237 434
268 429
302 434
330 425
359 424
392 420
421 432
454 425
484 434
513 420
545 424
574 432
604 420
634 424
663 429
694 425
727 431
753 420
786 430
815 429
848 434
875 432
907 430
52 436
80 432
112 432
139 434
169 441
200 432
228 432
258 434
286 432
314 441
344 432
373 432
405 432
432 436
464 441
489 441
522 436
548 432
577 436
608 436
638 436
665 423
694 432
722 426
756 435
782 436
811 423
844 441
872 436
903 441
73 426
100 434
127 434
153 439
183 436
212 436
237 426
264 434
293 439
322 439
351 434
379 434
405 426
436 430
461 437
492 426
517 436
546 434
574 429
600 430
630 439
659 443
688 437
714 430
744 434
772 439
799 434
825 426
853 434
881 434
88 436
114 436
143 445
171 441
195 436
224 445
251 440
278 428
305 436
332 437
357 428
387 436
414 441
439 431
468 436
495 441
520 436
549 437
576 432
600 437
631 440
656 428
680 428
709 440
735 436
764 432
792 445
817 441
845 431
868 428
104 439
129 439
156 439
181 431
206 431
235 441
259 439
285 440
312 431
336 435
364 439
389 447
415 431
441 447
467 431
491 431
516 441
544 439
570 439
595 439
622 431
646 443
673 439
699 439
724 435
749 439
775 441
803 434
827 431
854 443
110 437
134 444
159 437
186 440
210 433
237 444
259 442
284 440
311 444
337 441
362 440
384 436
409 448
436 444
462 441
487 444
512 440
535 440
561 440
586 441
611 441
635 433
662 444
686 441
709 441
737 440
762 440
787 440
812 448
836 440
124 442
148 442
174 442
199 435
221 438
245 438
268 438
295 438
317 435
343 442
367 442
390 438
414 445
439 444
461 442
485 442
510 442
536 435
557 439
584 442
609 446
632 442
657 442
678 442
703 442
727 435
751 446
776 438
799 435
823 442
145 444
169 444
190 444
214 444
239 437
260 447
286 444
307 444
332 446
353 447
379 444
402 444
426 444
447 444
471 445
494 445
519 447
543 447
564 440
590 444
612 444
636 447
659 437
680 437
707 444
729 451
751 447
776 447
798 451
823 440
152 449
176 445
198 449
222 445
244 438
268 445
288 442
311 447
336 441
357 439
381 445
401 438
425 442
449 438
469 449
493 445
516 449
539 449
562 441
582 445
605 445
629 438
652 449
676 447
695 442
719 445
743 445
766 449
790 449
808 439
162 454
184 447
205 443
229 440
250 449
271 454
295 447
316 447
337 447
361 447
382 447
406 440
426 447
448 443
469 447
490 447
514 447
536 447
557 443
579 447
602 440
622 443
645 450
666 440
688 443
709 447
734 440
753 450
776 447
797 443
171 455
192 448
212 450
235 442
256 455
276 442
299 452
318 444
340 442
361 448
384 442
405 451
425 448
448 448
468 451
488 448
512 448
532 448
554 455
576 450
593 442
616 448
637 455
658 448
679 448
700 448
724 455
744 442
766 448
786 448
182 443
201 453
223 443
243 451
264 443
283 449
303 456
326 451
346 446
366 450
387 449
410 446
429 450
448 450
469 443
490 449
512 456
532 453
553 443
573 443
594 443
613 446
637 449
656 449
677 453
697 449
718 450
737 443
760 451
778 443
189 454
209 454
232 444
251 451
273 444
291 451
310 451
332 444
352 451
370 444
391 457
411 447
431 451
452 444
471 447
492 444
512 451
532 454
553 451
571 444
594 451
613 451
632 451
652 444
674 452
693 451
715 451
735 447
753 457
775 451
198 455
218 453
239 452
258 452
278 446
297 446
319 452
339 446
357 452
377 458
396 446
417 452
436 446
453 458
475 448
494 449
514 448
533 458
552 455
572 446
594 458
610 452
630 452
651 452
672 452
690 452
710 452
730 446
750 455
769 452
210 447
231 453
248 453
270 447
289 447
305 453
325 453
346 453
365 459
382 456
402 453
422 456
439 447
458 447
479 453
496 453
515 459
536 455
553 453
574 447
592 453
613 453
631 456
650 454
669 456
687 453
705 449
726 456
743 453
765 453
