100 63
268 19
426 11
584 65
722 17
49 201
168 163
312 131
427 162
540 184
672 165
14 215
116 218
200 260
315 202
411 229
505 233
610 230
704 231
8 279
92 287
179 280
249 291
337 292
421 256
504 256
577 265
659 254
742 254
63 323
126 334
199 299
263 323
333 323
411 323
472 302
547 292
614 323
679 323
748 313
37 337
110 318
164 328
228 326
281 337
344 318
405 337
468 337
527 337
584 327
652 340
707 337
772 327
26 339
81 339
130 339
190 339
242 356
293 346
351 359
400 345
452 345
508 339
566 361
620 356
669 356
727 347
777 346
31 355
74 374
123 355
169 355
217 371
266 371
320 355
362 355
418 371
459 371
511 375
562 371
605 355
656 374
704 362
758 371
3 376
47 384
89 383
140 369
177 386
227 369
274 384
320 375
362 388
410 383
455 384
494 369
543 375
583 390
629 383
679 384
725 390
765 369
42 394
82 394
125 381
164 394
207 394
243 401
289 407
327 394
369 394
410 381
451 394
491 394
536 381
579 394
619 394
659 407
701 394
743 381
785 394
29 403
67 395
103 415
144 395
181 391
221 402
256 415
297 391
331 403
373 395
408 406
448 403
483 403
523 390
562 395
599 390
636 403
677 415
713 403
751 391
789 409
15 410
47 416
85 410
117 410
156 410
193 403
225 416
263 399
294 410
333 416
368 410
400 399
434 410
475 422
508 413
541 410
577 422
613 410
646 399
680 399
716 399
756 416
787 404
6 406
37 417
66 427
103 416
137 406
169 417
203 417
235 416
268 410
298 406
331 417
366 419
396 416
431 416
463 417
496 410
528 410
564 416
593 419
627 419
663 427
693 416
728 416
757 416
791 411
0 412
26 432
63 417
93 412
124 412
153 422
181 417
215 422
244 422
274 427
307 432
339 422
366 422
399 416
428 422
459 422
490 422
523 427
551 422
580 412
616 427
642 412
673 432
704 422
734 424
766 422
1 437
28 427
61 422
86 427
116 430
145 427
173 427
203 427
231 429
261 427
293 423
319 430
350 427
378 418
405 427
436 422
466 436
494 427
522 418
550 427
578 423
608 427
641 428
670 432
699 437
728 429
753 427
785 432
21 428
47 437
76 432
103 434
131 441
160 432
185 432
212 423
242 434
269 434
294 437
321 432
351 432
376 437
406 427
434 434
459 441
487 432
515 434
543 432
571 441
596 432
623 432
651 432
678 436
709 441
732 423
760 434
8 428
37 432
62 428
90 428
114 428
140 440
165 436
193 438
218 445
243 431
272 428
297 436
321 436
347 432
375 438
398 436
424 436
451 436
479 436
506 436
531 440
558 436
581 428
608 436
633 428
661 431
683 428
712 428
738 440
14 431
33 443
59 436
84 436
110 440
136 443
159 440
184 443
209 439
257 441
284 435
307 439
330 440
357 435
382 439
405 431
481 439
504 443
527 441
552 439
576 432
603 440
625 431
652 439
673 431
700 431
725 435
22 443
47 435
69 443
92 443
118 443
137 445
188 438
234 435
256 435
305 443
328 435
352 439
375 435
467 443
490 438
515 435
538 445
561 435
609 444
632 443
652 435
676 439
701 439
66 442
87 441
112 438
132 441
154 445
201 445
221 445
266 445
334 438
378 441
422 445
444 441
535 445
556 441
602 445
79 442
143 445
229 445
272 441
292 441
398 441
590 441
613 442
118 444
158 445
301 444
364 444
423 445
464 445
569 444
