20 12
117 57
219 53
327 44
430 22
529 38
637 39
739 10
848 44
953 46
82 69
173 67
260 94
345 104
434 99
515 117
605 93
699 104
784 77
882 89
969 102
74 107
148 141
231 136
306 117
378 128
464 153
544 129
620 128
690 108
772 153
852 128
925 109
1006 150
39 158
113 170
183 141
243 171
315 164
385 159
452 160
519 160
591 168
657 160
729 159
797 160
859 148
935 138
997 160
21 188
88 185
148 184
214 186
274 169
331 185
390 188
454 186
519 169
580 168
641 167
703 195
756 169
820 188
884 169
948 185
1001 187
16 191
67 210
128 224
181 213
237 208
290 216
341 212
401 224
457 208
509 192
561 216
619 211
671 223
727 215
786 207
842 216
892 215
943 216
17 209
69 223
121 224
167 209
219 231
273 217
319 232
369 224
421 223
471 224
518 223
574 210
617 239
670 225
720 224
768 231
822 224
869 224
923 239
17 238
68 225
108 224
162 226
204 238
250 238
297 225
341 224
388 237
436 238
481 252
526 241
572 231
619 225
660 239
711 224
755 251
804 238
845 238
893 225
55 251
96 244
141 253
181 251
225 243
267 251
309 263
354 251
391 250
439 251
479 254
524 262
565 250
604 244
647 243
693 244
731 239
776 257
818 237
860 250
69 259
114 263
155 248
190 266
228 260
268 261
313 249
349 263
386 263
425 259
471 254
509 272
545 263
585 271
629 259
666 247
706 252
749 259
786 271
823 260
106 269
145 258
184 269
220 274
258 258
295 263
330 258
370 269
406 272
443 280
479 269
517 258
553 258
591 269
625 269
661 258
700 269
740 274
778 279
811 271
133 269
165 276
203 266
236 279
271 271
304 275
344 286
379 281
412 281
446 276
484 276
518 270
553 266
587 265
620 275
657 270
692 281
725 266
762 276
800 276
153 277
186 283
215 283
253 283
285 283
315 277
347 283
383 293
416 278
449 277
482 288
513 288
545 285
581 288
614 283
647 283
678 288
712 284
742 277
775 274
172 284
203 290
235 298
262 289
297 299
326 289
357 298
389 280
421 280
453 280
482 291
513 284
543 294
576 280
605 280
638 280
669 290
700 284
728 280
762 290
181 294
215 285
245 303
274 290
301 304
333 303
361 303
391 285
421 294
450 285
482 290
509 294
538 303
569 294
600 285
629 295
656 303
690 303
717 299
747 294
201 304
233 300
259 308
287 299
316 299
343 291
372 295
398 299
428 308
456 299
484 299
513 308
539 299
567 291
596 301
624 299
654 300
681 302
707 291
740 303
210 303
237 303
265 299
293 303
319 299
345 304
372 300
402 296
428 299
453 306
481 303
506 303
535 299
563 303
590 299
617 311
641 299
671 304
695 304
722 308
225 307
252 307
276 308
302 312
331 300
354 300
380 308
405 300
433 303
458 304
485 304
509 308
533 310
559 315
585 308
612 308
639 307
665 307
690 300
715 304
238 311
260 319
287 304
310 311
336 311
361 304
384 312
409 304
433 304
460 311
482 311
508 311
534 304
556 319
582 307
607 311
632 311
658 319
681 307
707 311
251 311
275 315
298 315
319 315
345 322
369 315
391 308
413 317
439 315
461 315
485 308
509 315
532 312
557 315
578 311
604 311
627 308
651 308
673 311
698 311
259 320
285 312
305 312
329 322
353 318
373 322
396 314
418 322
442 318
464 312
486 325
511 318
532 318
554 322
579 318
600 318
623 322
645 318
668 318
690 311
269 321
289 328
311 321
333 318
356 315
376 321
400 321
422 324
444 328
464 323
485 328
507 324
529 318
553 321
574 328
594 323
618 321
639 328
660 321
681 315
284 327
304 327
326 327
347 324
369 320
389 318
408 324
430 327
451 324
474 324
494 324
515 330
536 327
556 321
578 318
599 324
621 320
642 324
663 324
683 324
291 323
312 326
333 326
352 326
372 326
392 326
414 326
433 332
456 323
475 320
495 326
516 326
536 320
556 320
575 320
597 326
615 320
637 326
657 323
676 333
295 325
314 323
333 325
352 329
372 325
393 323
412 325
430 329
452 331
471 329
489 325
510 330
531 323
549 325
567 323
587 323
609 323
628 326
648 334
666 323
305 331
323 331
342 332
361 331
380 325
400 331
420 337
437 331
456 327
475 332
496 333
513 332
532 325
553 325
572 331
591 331
608 328
627 327
648 332
667 332
312 330
328 330
348 333
366 327
383 330
401 333
420 333
439 333
458 330
476 333
493 333
512 330
531 330
548 333
568 330
585 333
604 333
621 335
641 333
659 333
317 335
335 335
354 330
372 335
388 335
408 335
425 330
443 332
462 332
477 330
497 335
514 338
530 330
548 332
568 338
584 335
604 335
619 335
637 332
655 335
318 337
335 337
352 332
370 334
388 337
405 334
422 337
438 339
456 339
472 337
491 337
509 337
524 337
542 334
560 334
576 334
592 337
612 337
627 334
646 337
325 334
341 335
359 336
375 333
391 338
409 339
426 340
442 338
459 335
475 333
494 341
510 339
526 344
543 341
559 340
576 334
595 339
610 335
627 336
644 335
332 341
346 340
363 341
380 335
397 338
412 342
428 341
446 342
462 340
478 340
495 340
512 342
526 342
543 335
560 337
576 342
592 335
610 341
626 337
642 340
338 342
355 337
368 344
386 342
402 342
417 342
433 337
450 342
464 342
480 342
495 337
513 337
528 337
545 344
560 339
577 339
591 342
609 344
624 337
639 342
338 343
354 343
369 340
383 345
398 343
415 339
431 338
445 348
460 343
476 340
492 343
508 343
523 343
538 345
555 345
569 345
584 343
599 343
615 338
631 341
342 347
360 340
374 345
390 340
404 347
418 340
435 342
449 345
463 345
480 349
494 345
509 344
524 340
540 349
553 346
569 340
583 346
598 347
615 346
630 340
350 348
364 346
379 346
395 343
409 346
425 346
439 346
452 343
466 346
481 342
496 348
512 343
527 346
541 346
556 347
570 347
585 343
598 343
615 344
628 342
354 349
369 343
385 343
398 343
412 352
426 350
441 343
454 347
468 343
484 343
498 343
512 343
527 349
539 343
555 347
569 349
583 348
597 345
612 350
625 345
