64 94
164 23
44 189
101 149
190 128
287 169
406 91
743 28
32 223
94 243
133 246
223 185
303 154
383 188
481 158
625 138
775 60
950 54
33 250
75 276
117 268
179 248
229 222
292 225
371 212
457 166
568 182
677 168
812 156
977 108
29 299
66 290
104 265
146 257
194 271
239 275
297 262
354 272
426 237
507 239
593 194
698 194
816 196
937 164
5 322
28 310
64 315
98 292
132 279
170 302
218 291
259 270
305 274
371 290
431 259
497 250
568 216
659 259
751 217
862 175
981 222
29 310
54 325
83 317
114 314
142 310
182 314
221 285
258 307
304 296
350 286
403 281
459 275
521 278
590 260
668 251
755 242
841 216
953 188
79 321
100 313
132 324
158 323
195 317
227 313
270 310
308 290
348 302
390 301
444 293
502 268
560 261
622 253
697 279
765 238
849 256
954 217
119 347
152 332
178 316
205 330
242 338
275 326
311 318
349 323
385 316
434 324
482 303
530 281
584 304
646 293
705 303
775 287
860 269
949 273
176 326
195 324
224 334
256 331
285 316
320 333
358 316
394 328
432 317
475 313
523 310
567 306
627 284
678 315
743 293
808 287
878 291
962 274
211 342
239 328
263 326
299 324
328 334
359 331
395 315
429 312
469 322
513 320
559 332
605 316
653 301
710 289
763 302
829 278
895 310
974 285
247 346
272 339
300 344
328 340
358 331
391 336
424 346
461 331
492 329
539 326
576 327
625 334
671 317
718 306
774 300
837 297
895 285
966 306
265 349
294 351
321 335
347 350
374 343
403 342
441 326
471 340
504 338
540 331
588 322
629 340
668 328
716 335
772 317
821 298
880 300
947 305
1010 319
300 352
326 340
354 349
380 352
409 335
440 338
469 331
506 340
540 342
577 348
613 333
654 318
696 315
744 326
788 323
838 305
898 317
959 320
326 348
350 353
377 342
402 353
430 343
457 347
493 356
526 349
557 347
592 340
633 337
671 328
713 320
755 317
798 327
852 317
905 329
956 304
350 352
375 356
396 354
427 353
453 351
478 344
508 349
543 358
575 339
608 336
645 347
681 346
718 340
765 341
810 333
857 331
901 335
958 325
1006 314
374 354
397 358
422 366
443 356
474 364
499 353
528 362
558 340
590 338
624 336
658 348
694 337
732 347
772 328
811 325
858 323
907 333
955 323
1002 315
387 361
413 351
438 368
462 353
487 366
516 365
542 364
570 343
601 351
632 340
668 343
699 347
736 356
776 343
817 329
860 340
900 349
954 347
999 339
410 368
436 362
457 370
482 360
508 359
533 349
559 352
587 355
620 364
649 352
682 351
717 360
749 348
784 336
824 347
864 343
912 341
953 342
996 325
423 365
445 364
468 358
493 362
517 356
542 360
568 355
599 349
627 351
655 358
686 354
717 352
754 345
790 349
827 341
866 357
901 338
949 343
990 341
441 367
463 366
485 365
509 368
534 355
557 354
585 361
609 351
640 353
668 353
699 351
730 355
761 357
795 362
831 351
870 349
910 347
951 346
994 333
458 369
478 376
501 359
522 366
547 365
572 356
596 363
621 354
648 352
679 360
705 359
736 357
769 347
800 365
835 348
872 352
909 351
952 360
990 341
475 366
496 369
518 369
538 368
563 375
588 366
610 357
634 367
662 363
689 362
717 352
748 360
777 354
811 358
840 351
877 349
911 344
951 342
986 345
488 374
510 364
529 363
553 373
576 369
598 372
621 362
646 370
673 365
699 356
726 371
757 362
784 361
814 364
849 359
880 357
915 361
951 355
989 354
501 373
520 379
541 372
562 367
585 363
606 369
631 369
656 371
681 374
705 368
731 373
759 368
787 359
820 362
850 370
880 363
915 359
950 367
983 356
520 377
538 377
560 376
580 372
603 367
625 363
646 370
671 373
695 368
723 367
748 366
777 374
804 369
832 360
863 354
894 361
927 355
961 359
997 358
530 371
550 375
571 374
590 373
612 372
633 372
657 371
680 378
706 365
729 361
755 368
782 367
809 358
836 357
863 356
898 363
925 354
961 361
994 356
538 373
556 369
574 371
595 375
615 370
637 366
659 368
681 372
706 375
730 370
752 365
780 370
807 360
833 362
859 359
887 357
922 356
952 359
986 371
552 377
569 377
589 378
608 376
629 369
651 374
675 381
693 373
716 368
741 373
767 373
789 372
815 362
844 361
871 368
901 367
928 362
958 360
992 366
562 375
578 374
599 377
618 370
636 373
657 376
678 375
701 374
723 370
746 373
768 373
793 367
819 367
843 370
872 365
897 369
926 368
955 369
987 366
571 380
590 379
609 372
628 378
647 378
669 377
688 370
709 372
732 371
753 368
778 374
801 377
823 366
848 367
878 375
901 370
932 369
957 369
987 363
575 381
593 380
610 374
631 376
650 379
669 375
689 378
707 380
731 378
750 376
775 375
798 375
819 374
844 370
870 369
895 368
920 371
950 370
975 365
1008 369
585 376
602 378
621 378
638 374
656 380
677 379
696 380
716 378
737 374
757 370
782 379
804 376
827 382
850 378
874 376
898 366
928 372
951 367
980 367
1008 366
596 383
611 382
629 383
647 375
666 377
684 382
703 381
724 382
745 378
765 378
788 377
810 380
830 379
853 369
879 371
904 378
927 367
956 374
982 368
1010 371
605 383
623 377
638 385
657 382
676 381
693 381
711 374
733 380
750 379
771 379
791 372
816 371
836 371
861 380
883 372
909 371
931 375
960 377
983 367
1010 373
608 384
625 383
641 380
657 385
674 382
693 376
712 376
731 387
749 380
769 376
791 379
812 379
833 378
855 381
879 380
900 380
924 376
948 375
973 368
1000 371
615 387
633 379
649 384
667 378
684 386
700 377
721 379
739 382
757 381
778 387
797 381
817 380
839 373
862 385
881 380
904 372
927 379
951 380
978 378
1002 369
627 388
642 385
659 385
676 381
692 384
712 383
729 383
745 379
764 382
783 376
803 384
824 377
846 380
866 380
889 381
910 380
934 375
955 374
981 374
1004 370
634 389
650 381
667 380
683 380
700 390
716 387
734 379
751 384
769 378
790 377
809 377
829 376
849 384
867 375
891 380
913 383
935 381
956 376
982 381
1004 374
