612 4
35 90
166 87
314 85
447 48
609 104
732 61
80 152
199 167
298 153
411 134
520 153
639 149
752 131
41 189
132 189
228 173
317 163
409 192
509 189
593 191
691 204
774 163
23 244
109 207
193 220
267 220
338 231
425 233
502 233
587 219
657 231
735 210
4 250
74 221
140 240
209 261
277 240
350 229
422 251
488 220
562 240
629 227
691 246
765 240
47 237
106 236
177 238
233 255
288 254
358 254
413 237
479 254
541 273
596 244
659 255
723 236
779 256
18 272
69 284
134 268
179 284
241 267
295 252
353 267
410 268
464 251
521 260
572 276
628 252
683 267
741 268
0 278
53 281
100 278
149 281
204 263
257 278
309 264
355 270
406 293
455 263
503 286
553 286
604 271
655 286
710 278
756 263
37 301
88 273
131 287
180 295
221 294
274 302
320 274
363 288
406 301
454 274
500 290
549 279
595 301
639 301
685 288
733 294
773 288
20 300
64 294
106 294
151 294
192 294
236 294
275 294
322 294
366 307
404 287
449 281
493 286
531 282
574 294
620 288
664 295
704 294
745 287
788 297
5 300
48 301
90 303
129 301
168 301
204 313
248 300
287 301
327 301
364 301
405 306
444 301
482 301
526 300
564 306
603 289
644 301
684 295
723 301
757 289
36 295
67 318
110 296
142 296
177 306
214 306
252 307
288 296
325 295
362 317
399 300
437 312
475 296
511 296
544 309
585 306
618 306
660 306
691 307
731 312
763 307
23 322
60 312
98 312
131 301
161 322
199 311
235 315
266 314
299 312
335 317
368 312
403 301
440 305
472 322
508 312
541 306
573 301
608 317
647 316
678 316
713 311
745 313
782 311
15 306
47 319
80 316
113 316
142 321
176 321
208 306
240 306
270 321
306 316
335 321
370 321
402 316
435 319
465 325
497 306
528 306
560 321
593 326
628 318
655 306
689 316
719 306
756 316
783 306
3 321
34 319
64 314
98 310
124 322
155 319
188 310
215 319
246 319
275 314
308 319
338 319
366 329
400 310
428 320
461 315
489 322
521 324
553 319
582 310
614 321
642 310
673 315
701 319
736 314
763 310
33 314
56 322
86 327
115 318
143 322
173 314
204 322
234 323
263 314
290 318
318 322
348 331
378 317
407 327
436 322
465 317
492 314
524 327
549 317
579 323
610 318
639 322
670 331
694 314
723 318
753 322
783 323
15 330
45 330
71 321
98 317
124 334
153 326
179 330
211 326
237 321
266 317
291 317
317 326
347 317
374 326
400 326
430 326
456 317
484 317
509 317
540 326
565 317
594 328
623 334
648 334
677 330
702 321
729 326
756 317
15 330
40 320
64 336
93 330
118 332
143 328
170 328
196 328
225 329
250 336
273 332
302 328
329 320
351 332
381 324
407 328
430 328
459 328
484 336
510 328
536 328
563 328
588 332
614 329
638 324
665 321
693 328
720 332
744 329
0 332
27 326
51 332
77 331
102 338
128 323
154 323
175 330
203 323
227 331
251 331
276 333
301 332
327 330
350 327
376 331
402 326
426 331
450 326
477 323
500 323
527 334
551 331
579 338
600 331
626 338
650 335
677 326
699 326
727 335
23 326
43 333
68 337
92 333
114 335
139 333
165 337
188 333
211 333
235 333
260 326
285 328
307 337
333 337
356 340
381 329
402 326
428 336
452 333
476 333
501 336
525 329
547 326
571 326
595 340
618 333
643 329
667 326
689 325
713 333
36 335
62 328
84 337
105 342
132 335
151 335
174 331
200 331
221 335
244 335
265 339
289 335
312 337
336 342
358 331
380 335
404 335
425 335
449 335
472 335
496 328
517 331
541 332
565 331
587 331
611 337
632 332
657 335
679 335
702 335
52 337
75 337
98 340
120 337
140 338
162 340
186 337
207 337
229 340
252 337
272 333
294 340
318 344
340 333
361 337
382 337
404 334
428 330
448 340
470 337
493 333
514 330
536 330
557 334
581 337
602 340
624 330
648 340
668 330
690 337
65 342
88 335
107 339
128 342
152 332
172 342
193 332
214 335
234 335
255 340
276 339
300 335
320 339
341 339
361 340
384 339
403 332
426 335
445 342
467 339
487 332
509 339
530 332
552 342
574 335
596 345
615 342
636 339
659 339
681 342
77 344
98 340
118 340
141 334
159 340
180 344
200 344
219 344
241 337
262 344
280 342
302 342
322 334
343 347
362 344
383 344
404 340
423 340
443 343
464 340
483 334
505 340
525 340
547 343
563 334
585 340
606 347
626 340
646 340
665 334
86 338
105 342
126 342
146 336
163 348
185 342
204 338
225 336
244 339
263 348
281 345
301 342
319 343
340 336
361 342
380 336
399 344
419 336
439 342
458 342
477 345
498 342
515 345
535 345
555 338
576 342
595 342
615 342
634 345
653 345
99 343
119 338
138 345
155 343
173 346
194 338
212 346
229 343
248 346
268 345
287 343
307 345
324 345
343 345
362 338
380 346
400 343
419 343
438 344
457 343
475 349
494 343
514 346
532 343
551 338
569 345
588 346
607 349
626 338
644 345
108 345
126 346
144 345
162 347
182 341
200 341
218 346
235 347
255 341
273 345
292 345
310 339
328 339
344 347
363 345
382 345
399 345
417 346
437 342
454 345
473 345
491 345
511 350
529 345
547 345
566 347
584 345
601 345
619 346
636 345
117 349
135 340
152 346
172 349
188 346
205 340
223 340
242 346
258 349
277 349
293 340
310 349
330 340
348 341
363 346
383 346
399 346
416 346
435 346
452 341
469 349
488 347
506 346
524 343
539 340
557 341
575 349
593 346
612 346
629 349
127 352
146 352
162 347
179 347
195 350
213 347
230 352
248 342
265 347
281 349
297 342
316 350
333 342
350 344
367 347
384 350
401 344
417 347
435 344
451 347
468 344
484 344
504 349
518 347
537 347
554 352
571 344
588 344
606 344
623 352
132 343
149 351
165 353
182 348
198 349
215 345
232 351
248 349
266 343
281 351
297 350
315 353
331 349
348 345
365 351
381 349
398 349
414 343
431 343
447 346
464 353
479 348
497 343
512 348
530 351
545 348
564 348
579 348
596 348
611 351
145 349
160 349
177 344
191 346
208 354
225 349
240 344
256 349
273 344
289 344
304 346
321 347
336 349
352 344
368 354
384 349
401 350
416 349
434 354
448 352
465 349
480 349
497 349
513 344
527 347
543 344
560 347
576 349
593 352
609 349
151 347
166 350
182 352
198 350
213 352
227 350
242 355
258 350
274 345
290 353
305 353
322 352
336 345
351 350
367 347
383 353
399 347
414 351
429 345
445 345
461 350
477 345
491 345
509 350
522 350
539 350
554 345
571 350
584 351
600 350
161 352
174 349
189 346
205 346
220 348
236 352
250 352
266 351
282 346
297 349
312 356
326 352
342 351
356 351
371 346
386 351
402 356
416 353
432 356
447 351
463 351
476 352
493 353
506 351
523 352
537 353
552 351
567 353
582 352
598 348
164 352
177 349
193 352
206 347
222 347
236 352
250 352
265 354
281 347
294 354
310 352
325 354
339 353
355 352
369 354
384 353
399 347
413 347
429 352
442 349
457 350
472 352
486 354
502 353
516 349
530 349
545 352
561 352
575 347
590 353
