2 72
120 50
233 61
358 63
493 75
639 13
14 172
109 151
204 115
297 147
401 134
523 144
646 120
765 78
6 214
83 212
164 207
243 203
334 186
417 179
512 191
622 186
722 155
26 256
84 232
154 253
219 249
289 234
370 221
449 267
525 241
619 250
708 235
792 233
31 287
79 305
135 291
197 284
258 271
324 261
391 280
459 288
521 277
596 254
673 274
757 273
12 311
58 315
114 313
157 314
212 317
273 297
327 307
387 325
448 324
507 305
572 304
635 283
707 303
785 281
20 321
62 337
103 337
153 321
197 319
248 336
300 344
352 344
404 327
459 310
523 326
574 315
641 308
698 307
769 334
19 345
65 331
106 331
142 359
188 331
233 336
279 360
324 352
372 329
423 329
471 345
527 329
577 336
634 336
695 344
747 334
16 358
51 365
91 365
131 371
162 365
209 352
247 359
293 345
334 359
381 359
427 345
470 345
522 360
570 352
623 360
671 368
722 345
786 376
15 369
52 357
85 369
118 370
154 382
190 376
229 370
267 377
307 371
346 371
386 358
431 364
471 372
517 359
561 372
607 387
654 380
701 373
755 374
16 373
46 379
81 379
110 380
142 386
179 386
214 383
249 381
285 383
321 381
361 382
396 370
440 383
477 370
519 384
559 386
605 391
649 385
697 399
740 372
788 386
15 376
44 377
75 377
100 393
133 399
166 388
194 389
225 389
262 401
297 390
333 379
368 391
404 391
441 395
476 392
518 404
557 397
596 394
636 382
678 382
718 395
764 396
15 384
43 388
73 389
98 385
130 385
155 401
190 386
217 397
248 397
281 398
310 398
344 409
380 399
413 399
446 411
483 401
519 403
554 390
595 402
634 406
673 403
710 404
753 392
791 399
10 395
35 391
60 392
88 401
114 402
143 407
172 403
198 408
228 403
257 404
284 405
315 405
347 405
378 406
411 400
445 412
475 397
512 402
545 402
582 409
619 415
657 416
688 405
730 412
771 413
10 410
33 406
58 398
83 403
109 408
136 408
159 410
188 409
216 400
244 405
271 413
299 416
328 412
357 412
386 403
418 418
448 414
480 420
515 425
547 406
581 421
615 411
648 421
685 408
724 430
760 415
4 415
25 412
50 407
70 414
97 413
120 413
145 414
170 417
196 406
220 407
249 419
276 416
302 413
328 422
358 418
388 419
416 414
448 420
475 411
507 421
539 427
569 424
600 414
637 429
669 425
702 419
740 426
3 415
27 408
47 412
72 409
91 419
117 418
140 418
163 419
187 421
209 420
235 420
261 421
287 422
313 417
339 418
367 423
393 419
421 429
449 416
476 435
508 418
535 432
566 422
597 438
630 429
659 430
692 421
724 431
5 412
23 420
43 421
67 421
88 414
111 422
133 418
155 423
178 423
199 432
223 425
249 433
271 428
298 418
321 431
347 419
374 420
398 429
427 438
452 430
481 426
506 431
536 426
565 437
593 433
621 434
654 444
685 435
714 441
2 424
20 431
43 418
64 429
83 426
105 419
126 431
147 424
170 428
191 432
215 421
238 430
260 430
284 431
307 439
333 432
356 440
379 428
407 442
431 434
459 439
483 440
508 428
537 437
563 437
594 438
620 439
649 444
679 432
710 432
21 423
40 424
57 432
79 425
100 433
117 432
142 423
158 431
181 435
203 436
224 440
246 426
269 434
291 430
314 428
335 436
360 436
384 432
409 438
432 434
456 431
506 440
536 445
559 441
586 444
643 444
668 444
696 445
38 438
57 435
76 432
97 429
115 437
137 437
157 431
174 435
195 435
218 429
237 437
259 441
281 434
300 438
324 439
345 432
370 433
393 441
415 445
437 442
464 443
511 439
562 445
56 441
74 442
94 442
110 440
132 437
149 431
170 438
188 435
207 439
229 433
249 433
269 444
290 441
311 445
333 443
353 445
398 444
488 443
512 443
538 441
585 442
636 443
64 445
84 445
102 439
121 441
139 440
157 441
175 441
196 435
214 438
235 443
254 444
293 445
334 439
356 439
461 442
484 443
507 444
90 441
105 438
124 436
141 442
158 443
175 444
196 444
213 438
232 445
269 440
348 442
368 445
410 444
428 444
101 444
119 438
136 439
151 445
169 445
203 441
240 444
257 444
296 443
351 445
112 443
127 443
143 441
159 442
227 444
188 445
