903 6
987 65
571 20
669 32
754 50
822 44
888 105
940 114
990 129
379 50
496 41
576 84
654 104
729 92
787 136
845 142
892 157
941 167
976 190
121 55
235 61
349 84
441 95
511 98
584 130
654 142
714 180
772 149
807 182
859 173
904 189
939 218
973 218
1000 209
119 89
229 72
324 116
406 145
471 123
542 163
601 172
656 163
704 203
754 223
799 210
832 228
873 232
908 233
938 247
972 245
997 243
3 112
118 90
196 131
282 145
359 148
432 181
491 183
549 193
605 194
658 220
697 225
742 227
774 233
813 239
848 236
878 236
910 248
939 260
964 269
990 276
13 117
96 154
192 159
268 150
341 182
398 201
457 201
515 210
562 201
613 224
655 216
697 237
731 235
770 249
800 255
830 246
860 251
887 269
922 285
941 265
99 149
175 180
242 200
312 190
368 197
430 216
477 223
528 216
574 238
614 233
655 249
687 246
727 259
756 256
785 268
817 275
843 269
867 268
899 295
3 196
86 188
161 177
231 189
290 222
348 226
409 213
457 251
498 250
546 233
584 244
624 257
661 262
696 271
725 272
755 279
787 281
811 283
839 286
862 293
7 196
87 196
158 197
219 203
272 227
328 224
380 240
431 260
471 245
518 257
552 275
596 279
626 277
661 262
693 271
721 288
750 274
776 282
801 298
831 295
34 213
109 210
169 237
221 251
278 226
327 240
375 237
425 257
460 275
505 280
540 271
579 281
611 266
645 294
672 291
705 294
731 295
754 295
779 293
805 290
18 241
82 231
150 224
200 244
254 250
304 269
346 260
395 251
432 269
472 265
506 265
542 281
574 296
606 299
634 296
664 294
693 297
719 294
743 302
766 295
41 240
100 230
159 236
202 269
254 274
299 265
345 256
388 261
426 277
459 287
500 296
527 288
562 291
594 299
620 290
647 299
676 302
700 305
726 312
750 309
34 257
95 256
147 262
193 272
237 270
284 287
327 272
364 281
401 296
436 294
470 302
501 288
536 287
564 300
590 303
617 310
644 308
669 300
693 312
715 314
25 262
81 264
126 270
180 260
220 276
264 268
304 289
340 293
380 301
411 293
446 296
479 299
508 301
540 304
569 306
593 309
618 311
642 313
665 310
689 321
37 268
88 274
137 276
186 268
227 272
264 286
303 301
340 286
377 286
408 289
439 291
470 294
497 312
530 309
553 311
577 313
606 315
628 317
652 314
675 313
31 289
79 282
128 286
172 287
208 290
251 282
287 289
320 299
355 301
387 298
417 301
450 299
478 311
504 318
530 306
553 317
577 319
601 317
625 315
646 317
42 272
90 290
127 296
169 282
210 301
245 299
281 291
318 304
350 297
377 304
406 316
438 313
465 316
491 322
516 314
539 313
565 323
587 320
609 322
631 320
37 284
83 299
120 296
158 298
199 301
233 307
266 296
302 303
335 315
362 318
390 315
419 326
447 322
472 322
497 323
521 324
546 330
566 331
587 329
610 331
42 301
82 289
122 301
160 294
193 297
229 319
261 305
293 304
324 316
352 317
381 319
408 317
433 315
459 317
483 326
506 328
528 326
549 331
571 325
590 334
46 296
79 304
121 311
157 308
192 311
222 304
255 310
287 317
313 310
344 321
371 325
397 320
423 326
447 330
471 329
493 330
515 328
536 333
560 335
578 336
49 311
83 309
119 311
156 303
190 315
222 317
250 319
282 323
312 323
338 325
364 329
387 331
412 329
436 335
461 336
485 333
505 342
527 336
545 330
565 335
46 301
78 312
114 319
144 325
181 319
211 323
242 314
269 328
298 318
321 327
351 321
375 330
397 339
422 333
446 335
467 336
489 337
506 338
528 333
548 348
42 319
76 308
112 319
143 316
175 317
202 324
232 318
262 327
286 331
312 338
339 334
362 333
386 331
409 336
430 341
454 342
474 342
495 341
511 338
533 343
51 314
81 321
117 323
146 324
177 326
203 335
233 331
259 333
286 340
311 326
333 335
358 333
382 339
404 339
426 340
446 334
468 349
486 339
506 344
524 345
49 323
80 325
115 334
141 336
172 329
199 323
225 334
253 326
278 335
302 343
327 338
349 342
373 336
393 343
415 342
435 339
456 348
473 342
494 340
511 341
45 326
79 328
107 321
137 326
165 336
193 334
216 335
242 343
269 341
292 339
316 336
336 341
359 342
380 343
400 338
421 346
438 347
458 341
478 355
495 349
45 333
78 331
105 334
135 326
161 335
188 336
212 341
236 346
260 340
286 337
309 335
329 340
352 341
372 349
392 346
412 351
431 348
449 349
467 346
486 351
45 332
75 337
102 336
129 329
156 341
182 332
208 336
232 341
257 342
279 344
301 344
321 346
342 348
363 347
383 350
401 350
421 351
438 351
455 352
474 354
40 334
72 336
97 337
127 331
152 340
176 334
199 342
224 336
247 337
268 341
290 347
310 350
331 348
350 355
372 353
390 351
408 358
427 358
444 359
460 354
47 337
72 338
100 333
124 347
149 343
174 343
197 350
220 345
244 347
267 344
286 348
307 345
329 350
347 357
366 352
386 350
402 353
422 351
437 349
455 350
54 333
80 341
107 335
130 337
152 348
176 339
200 340
224 347
245 354
265 343
285 353
305 351
325 352
343 353
362 359
381 354
399 361
415 359
431 362
449 357
45 345
71 343
96 344
118 348
142 349
167 350
190 350
212 349
233 346
253 354
272 352
293 358
312 356
332 354
348 355
368 356
384 354
401 363
418 353
436 353
52 338
79 339
101 340
124 349
147 348
171 355
190 351
212 347
235 346
255 353
274 354
293 360
311 352
330 356
347 351
365 357
382 363
398 359
414 365
430 363
47 348
73 347
96 348
122 343
142 353
166 351
187 352
206 346
226 353
246 354
267 358
285 355
304 357
322 360
341 358
356 359
373 359
390 355
406 355
420 356
53 348
75 349
100 353
121 357
144 352
163 355
185 355
205 354
225 352
244 350
263 351
280 358
299 353
318 359
334 354
353 355
368 363
384 361
400 362
414 362
49 346
71 351
95 358
117 354
138 348
159 355
179 349
198 358
218 356
238 357
255 358
275 358
292 359
309 360
326 363
343 364
359 359
376 362
391 363
405 366
52 346
74 358
97 353
118 354
139 355
161 350
179 358
198 352
217 358
236 361
255 354
272 357
290 361
306 361
323 362
338 357
355 363
371 359
386 364
401 367
