22 4
17 150
91 124
195 56
312 108
459 29
32 185
101 179
165 182
236 124
338 113
464 64
593 105
774 57
27 231
77 244
117 232
180 192
254 206
326 194
421 177
521 155
661 131
800 101
991 66
23 263
65 256
115 259
151 269
209 230
265 259
336 219
402 195
482 224
584 199
684 212
810 175
970 135
23 320
60 308
91 293
125 298
174 294
219 277
263 248
323 239
391 254
452 246
534 235
611 223
707 180
821 226
958 160
26 326
61 300
84 311
113 324
147 308
195 299
236 294
282 289
328 293
378 277
435 271
504 263
573 278
652 219
736 208
828 223
942 210
64 327
99 310
127 321
154 332
185 305
226 311
261 307
301 286
341 287
389 282
444 287
500 292
562 276
629 269
708 284
780 257
878 256
975 205
109 335
135 329
172 333
202 324
231 321
270 317
303 298
339 300
384 305
432 310
480 298
528 273
594 297
652 285
718 296
794 256
885 260
980 250
146 349
179 334
204 338
230 333
264 340
300 331
334 328
372 309
414 319
459 310
507 297
554 311
603 287
667 293
729 292
795 262
867 287
951 268
189 341
217 341
243 349
271 322
302 336
340 336
371 327
407 310
445 313
486 309
530 306
577 311
628 310
688 311
739 303
804 275
870 269
951 262
231 344
256 354
287 335
319 339
347 325
376 334
413 332
448 333
481 318
524 324
572 335
614 303
664 299
711 295
775 323
826 294
894 307
962 293
259 348
285 347
310 356
337 337
367 341
400 342
432 325
465 339
505 336
537 330
580 335
622 325
665 315
715 319
769 315
822 319
880 316
941 288
301 346
326 339
354 348
380 346
411 334
438 354
472 329
503 327
539 336
578 335
618 332
660 337
701 320
746 310
798 325
851 303
909 315
971 319
321 364
345 343
371 351
396 360
427 348
452 346
484 345
518 331
550 341
588 345
622 339
661 335
705 335
746 317
796 327
846 331
899 307
957 326
348 361
370 358
397 345
423 363
449 345
478 350
509 343
542 340
572 345
608 354
642 353
683 327
721 330
765 341
804 325
855 337
904 327
958 316
364 350
386 349
413 359
436 356
464 354
491 353
522 341
549 360
582 359
615 346
648 356
684 343
723 330
762 341
805 330
847 328
899 332
942 330
1002 334
387 361
409 363
434 368
460 358
484 357
511 350
539 344
566 358
596 356
632 350
662 338
699 336
735 350
773 343
810 334
856 332
899 331
943 335
994 339
414 358
437 364
462 361
485 351
511 354
537 358
566 356
596 349
624 354
654 342
690 340
721 349
758 348
798 351
834 344
877 342
920 340
966 331
1013 324
426 365
449 368
471 363
498 353
519 356
545 360
573 353
601 352
630 366
660 345
693 355
725 342
756 356
792 339
831 350
873 357
911 333
955 342
998 340
440 359
460 358
482 365
505 372
529 367
555 353
582 365
609 351
634 349
664 359
696 366
726 355
762 356
793 346
831 351
867 338
905 347
946 346
988 344
457 371
478 367
502 368
525 370
548 369
571 356
598 359
624 362
652 352
677 354
708 349
738 352
772 347
802 345
840 353
872 352
916 360
952 349
993 341
472 374
494 369
515 365
536 363
560 374
585 368
609 365
635 366
661 359
688 364
717 356
746 351
776 359
807 348
843 358
877 355
914 353
951 352
987 351
493 373
516 371
535 377
556 371
581 376
605 360
628 358
651 358
677 365
707 372
735 363
762 370
794 360
823 364
857 353
892 362
927 360
960 349
1001 363
503 376
522 372
543 371
567 366
588 370
612 365
635 368
657 367
684 374
709 358
736 360
766 363
795 362
822 362
852 352
887 350
920 363
953 348
995 356
511 378
534 369
553 373
573 365
594 371
616 371
639 370
664 369
686 368
711 371
738 367
765 366
792 361
822 364
852 371
882 370
917 360
950 359
982 363
530 376
548 375
570 374
589 370
612 376
632 375
655 371
678 374
702 377
728 376
754 376
779 375
807 358
836 369
864 373
894 368
927 362
958 370
991 355
536 380
556 377
574 379
594 374
615 374
636 375
656 373
682 379
705 371
726 370
754 377
776 373
806 363
833 371
861 369
888 365
920 356
949 368
982 371
1014 353
551 374
569 377
589 376
609 369
629 377
652 370
673 377
696 370
716 375
742 367
764 367
792 372
815 369
845 364
869 368
901 367
928 370
959 365
990 356
557 378
577 378
593 374
614 377
633 379
653 376
676 368
696 374
720 374
742 374
766 376
790 372
813 371
842 370
869 371
892 361
925 371
955 367
981 366
1014 365
567 382
586 379
606 375
624 374
644 377
664 373
685 376
707 382
727 375
749 381
773 380
798 366
820 365
847 371
872 374
901 372
926 369
957 364
986 367
575 383
591 376
610 374
630 379
647 378
669 372
687 381
708 377
729 383
751 378
773 368
799 376
820 374
846 373
870 372
895 364
925 367
953 366
978 362
1010 368
585 387
602 384
618 383
636 374
657 379
675 380
696 375
715 384
735 371
759 377
779 379
804 375
824 376
849 374
875 373
899 373
925 365
952 371
982 371
1010 370
592 383
608 382
626 381
643 381
663 383
680 381
701 379
722 379
740 378
762 378
782 380
803 377
828 379
852 382
874 375
900 374
926 373
952 373
980 372
1007 379
606 386
623 385
640 385
658 383
675 381
693 386
713 386
733 383
752 385
773 379
795 375
816 378
837 371
860 376
883 372
909 375
932 371
960 374
986 373
1013 380
607 389
623 378
639 383
656 377
675 382
693 382
711 376
732 377
751 380
769 381
791 379
812 373
834 378
855 378
877 374
901 373
925 370
951 375
976 375
999 367
616 381
633 387
648 381
666 380
682 384
700 388
718 382
737 378
756 383
776 375
796 380
817 380
838 379
862 379
883 378
906 378
927 380
951 370
978 376
1002 369
624 390
640 385
655 384
672 387
690 384
706 385
725 383
744 382
762 388
780 382
802 381
822 375
842 380
863 380
885 379
908 380
932 384
954 378
976 374
1000 370
630 389
648 386
663 385
679 385
696 384
713 384
731 384
749 383
767 383
786 385
805 385
824 384
846 378
866 377
889 386
908 380
930 380
955 373
977 378
1002 378
636 387
649 386
665 391
682 386
698 380
716 380
734 387
750 386
769 386
787 386
807 388
824 382
843 376
865 379
886 378
906 381
929 380
951 376
975 379
997 379
