966 31
281 24
427 15
550 45
677 99
776 76
875 111
965 139
2 92
144 80
274 83
393 112
504 134
606 125
696 165
785 158
867 184
934 172
986 187
41 125
164 110
256 165
373 171
471 179
554 166
632 216
711 212
790 221
857 252
921 247
979 247
82 183
189 196
285 211
367 239
448 223
528 235
609 247
672 246
742 257
805 262
855 249
918 275
970 288
18 219
112 240
195 222
279 254
359 251
433 251
501 255
560 255
625 280
682 304
741 273
794 288
848 283
895 306
948 310
992 320
1 240
80 257
161 245
223 278
301 278
373 291
438 289
495 276
558 298
607 294
671 325
721 320
769 334
816 312
862 341
899 314
947 348
980 329
16 277
96 274
167 279
234 304
302 283
362 304
417 301
470 313
528 335
577 323
633 318
680 338
719 334
767 337
811 326
851 347
886 339
930 350
963 353
998 359
59 282
124 287
193 292
247 315
311 302
369 313
417 330
468 334
517 320
570 324
617 342
662 351
699 348
747 364
785 346
821 350
860 358
895 353
933 364
961 359
996 375
2 324
72 319
133 323
191 313
245 316
297 341
356 330
404 342
449 344
497 341
541 351
584 342
628 357
667 360
711 368
741 369
778 361
818 382
853 375
885 367
914 365
946 366
977 381
1004 372
36 331
93 341
149 345
203 326
250 359
307 335
354 350
403 360
442 361
490 359
533 362
575 364
612 367
650 375
687 360
723 386
755 376
789 372
825 383
857 393
886 377
918 386
946 387
974 383
1001 392
10 341
67 345
120 339
172 343
217 368
272 344
317 352
363 375
405 377
449 368
489 358
529 384
566 376
603 365
636 378
674 384
708 383
740 384
772 388
803 388
837 400
863 391
893 393
921 395
949 407
976 403
998 399
14 357
70 348
118 365
173 362
213 364
263 354
301 380
351 359
386 367
427 364
468 381
507 391
544 374
576 377
613 380
646 387
678 399
710 397
739 393
768 388
801 401
829 397
853 399
881 391
906 393
933 398
964 414
986 406
1013 412
38 372
94 368
137 370
182 360
224 362
264 377
309 367
348 387
385 376
423 385
460 392
496 378
529 395
562 392
593 396
628 389
658 402
690 401
716 399
747 401
772 397
802 404
829 396
853 411
879 404
904 418
927 405
948 407
974 404
29 361
74 363
110 388
158 372
202 382
240 384
279 385
316 381
352 388
389 380
423 392
459 388
493 395
524 391
558 394
586 391
616 401
648 412
677 413
705 409
734 407
756 404
785 410
811 402
833 403
862 417
884 405
908 416
926 408
955 426
41 381
82 383
124 396
167 387
204 389
241 395
280 387
318 383
355 396
386 397
420 399
452 410
486 406
518 403
545 404
575 408
606 407
633 408
662 410
687 420
714 412
737 409
763 405
787 415
815 416
837 409
862 427
885 428
902 421
925 422
50 391
89 380
129 393
170 389
203 398
237 399
275 399
311 390
342 402
377 393
411 395
439 406
468 409
501 408
529 410
558 411
585 412
613 405
639 417
661 407
690 408
714 418
738 419
761 420
784 413
810 426
831 423
854 428
874 425
893 418
71 402
114 393
147 400
182 401
217 403
252 404
286 397
316 401
348 408
377 410
408 411
440 403
467 404
494 414
523 415
552 416
578 422
601 419
626 411
651 421
677 430
701 414
726 423
746 432
770 428
791 427
812 419
835 436
855 429
873 422
83 403
118 404
153 405
188 401
219 408
249 418
287 402
316 406
344 413
374 416
405 410
434 421
462 420
488 419
515 411
540 412
564 424
589 422
616 415
639 424
663 417
686 422
711 435
730 421
751 421
773 437
794 430
816 435
834 428
857 436
100 408
133 419
166 411
200 404
229 413
258 419
293 410
320 417
347 420
376 423
405 415
433 423
458 426
485 427
508 420
535 425
559 426
585 430
608 428
628 430
654 437
673 430
696 427
718 432
738 425
756 426
779 434
799 438
819 436
839 438
107 405
135 419
169 410
198 416
231 418
260 419
289 428
316 416
342 417
369 423
395 428
422 420
450 426
472 430
499 431
523 436
545 437
567 430
590 424
614 432
637 436
658 426
680 434
699 430
720 435
741 436
762 438
778 438
797 431
819 442
107 422
138 419
170 412
203 413
228 422
257 415
284 425
313 429
339 422
364 419
390 428
415 430
442 421
465 422
489 433
510 434
534 425
557 426
576 427
601 442
621 436
644 437
662 438
683 441
704 431
725 445
743 439
760 443
779 441
798 443
120 417
149 427
177 424
207 417
232 425
258 429
285 427
311 428
337 436
364 425
388 432
413 428
436 432
459 426
484 434
506 441
528 435
550 436
571 436
592 437
612 445
631 439
654 439
674 447
690 437
713 448
730 442
748 444
764 440
785 446
128 429
155 426
182 429
208 428
234 437
264 430
288 430
313 428
338 436
363 426
388 434
410 428
433 428
455 429
477 436
499 441
522 438
543 435
563 433
581 433
602 436
623 441
642 435
662 444
679 450
698 446
718 444
736 445
754 447
768 446
133 424
162 433
188 434
216 424
240 436
267 433
290 433
316 427
338 435
363 432
387 429
408 437
428 438
453 438
474 441
493 446
514 444
537 435
557 435
577 449
594 443
616 443
633 444
653 445
671 445
691 442
708 453
723 447
742 447
760 451
151 425
175 429
201 427
227 434
249 435
274 436
299 437
323 433
345 431
367 432
388 441
410 440
433 441
453 443
473 448
494 442
514 443
534 444
556 441
575 445
593 439
612 440
630 446
648 447
666 442
683 445
701 449
718 452
735 456
752 447
152 428
174 436
198 436
223 441
250 431
272 442
295 435
318 440
341 441
361 438
383 439
406 436
424 443
446 444
465 438
487 445
506 445
525 447
545 450
563 447
581 441
600 448
617 442
636 443
652 444
669 452
685 448
704 451
720 449
736 452
154 438
178 442
199 446
225 440
247 437
269 443
294 443
315 439
337 443
359 445
378 444
398 439
420 447
440 442
460 447
479 450
497 453
516 445
535 448
552 452
569 444
589 456
606 445
622 453
639 451
657 452
671 447
689 450
706 453
721 459
164 447
186 442
210 444
232 443
255 445
276 445
298 438
319 445
340 442
362 446
380 447
403 441
420 442
439 448
458 449
477 452
497 450
514 456
531 445
551 448
568 446
584 458
600 447
618 448
634 450
651 449
667 454
684 455
697 450
715 456
168 447
191 450
216 446
238 441
260 442
280 443
301 441
320 447
341 444
361 448
379 449
399 455
418 447
437 450
455 454
475 451
492 453
509 452
528 455
544 453
562 454
579 451
594 454
610 449
626 458
643 461
660 456
672 451
690 458
703 452
172 446
192 446
216 447
237 453
257 448
277 442
297 449
319 444
336 450
357 450
377 445
394 446
412 449
430 447
449 453
466 450
485 448
502 451
518 454
536 455
552 455
567 457
585 456
601 462
617 457
631 460
648 458
663 458
676 455
692 464
175 451
196 454
218 449
239 449
259 451
279 450
296 451
316 448
337 452
355 454
373 447
391 448
409 456
429 451
445 456
462 455
479 452
497 450
513 461
529 457
545 457
560 454
577 460
592 458
608 460
625 456
639 456
653 460
667 461
683 455
182 450
203 444
223 451
242 451
262 449
281 452
301 447
318 453
337 456
356 457
373 454
393 449
410 452
426 450
443 453
460 456
475 457
494 458
510 458
526 461
540 461
558 460
572 454
586 455
603 461
618 462
633 461
647 461
661 463
676 464
183 458
204 450
223 456
244 453
263 459
282 454
299 455
318 455
337 461
353 456
370 456
389 454
405 454
423 458
438 458
456 461
471 464
487 459
504 461
518 460
535 460
550 456
566 458
578 456
594 457
609 463
622 465
637 462
651 463
665 458
196 451
214 454
233 449
253 450
270 453
288 461
305 462
323 457
340 457
358 458
376 455
393 461
408 459
425 459
441 462
458 460
473 455
487 461
504 461
519 462
534 464
548 463
563 462
578 467
591 458
607 464
620 461
635 464
649 464
662 464
198 453
216 451
236 457
252 460
271 457
288 452
304 460
324 453
339 459
356 459
373 462
390 462
405 460
421 462
436 463
453 458
467 464
483 462
500 463
514 467
528 464
542 460
556 461
571 464
585 460
599 469
613 465
626 465
640 470
652 466
197 452
214 459
234 453
251 456
268 456
284 459
301 454
319 460
336 457
350 463
368 461
384 463
399 457
416 467
430 460
445 463
461 460
475 466
491 464
504 464
520 462
534 464
547 462
560 463
575 465
589 461
602 468
616 468
630 467
642 464
202 464
222 454
238 462
257 455
273 463
290 458
306 456
323 458
339 459
354 459
371 460
386 458
400 460
416 463
431 464
446 462
460 464
475 460
488 465
504 465
518 461
532 466
545 467
559 466
572 467
586 467
598 465
612 468
625 472
638 464
206 455
222 456
238 461
256 456
272 463
288 462
304 464
320 467
337 458
353 461
367 459
383 469
398 460
414 465
428 466
442 461
458 465
470 468
485 461
500 466
512 464
527 465
540 467
553 467
566 465
580 464
592 466
605 473
619 464
631 473
