679 11
101 39
211 40
316 13
422 76
542 43
647 59
752 43
859 11
975 27
46 100
141 66
243 97
333 66
426 98
522 98
605 97
713 92
800 120
897 122
989 78
23 135
112 122
188 147
268 136
357 123
442 119
523 134
597 111
683 109
762 135
845 140
933 120
70 141
145 164
217 153
286 143
364 166
440 151
507 150
590 143
655 143
739 140
805 163
888 163
958 150
30 205
98 195
176 173
240 187
308 205
372 184
447 197
508 205
577 204
648 187
717 206
782 192
854 197
917 186
978 167
32 190
89 196
151 188
221 190
276 216
335 217
397 208
460 198
528 215
583 197
646 208
713 206
772 212
834 226
886 190
953 206
20 231
79 217
134 216
184 243
240 227
300 234
355 210
407 234
464 216
522 231
580 230
634 227
690 243
744 235
806 226
863 243
914 210
967 227
43 226
93 249
149 226
196 225
253 241
303 241
356 256
407 246
455 225
505 240
560 225
612 225
667 231
716 225
766 240
823 241
871 241
927 241
34 253
84 246
134 262
174 268
224 258
278 254
323 254
372 240
420 268
466 261
518 240
566 253
608 246
660 253
707 261
754 240
808 253
852 246
897 262
21 264
70 250
114 268
157 251
203 264
245 263
290 264
340 264
380 264
427 264
473 266
517 256
560 267
608 264
652 271
696 271
743 277
791 277
836 251
880 267
53 260
94 260
141 273
182 274
224 273
268 273
310 280
353 273
391 260
437 266
479 273
519 279
562 273
605 266
646 273
688 260
734 280
775 267
820 279
860 261
78 281
116 269
159 281
197 281
240 281
280 274
317 293
358 282
397 281
441 281
477 274
520 269
558 274
601 284
643 287
678 269
719 293
761 269
803 281
840 274
98 278
137 289
177 289
216 284
252 283
288 278
328 300
363 289
401 295
437 278
475 289
514 294
556 294
591 278
628 278
669 289
703 300
742 289
783 289
820 300
128 301
163 285
199 301
237 296
268 299
306 289
342 296
378 298
412 296
452 301
485 296
522 296
555 299
591 298
628 296
666 298
699 301
735 285
772 296
811 289
141 302
172 307
209 302
244 292
277 305
313 302
342 302
378 302
413 302
445 302
479 302
515 312
548 302
584 304
618 291
650 302
688 307
718 291
755 307
787 292
152 307
185 310
219 309
249 310
286 308
315 317
348 308
380 308
415 312
447 298
477 298
508 303
544 317
576 298
607 308
640 312
674 312
706 298
738 310
771 303
169 312
199 312
232 303
262 312
294 315
324 312
357 313
387 312
418 307
448 314
483 317
512 317
543 322
576 308
607 303
637 312
665 312
699 303
727 303
758 303
184 317
217 317
243 319
275 308
303 311
332 325
364 317
394 321
426 321
453 317
484 311
515 312
543 311
574 308
603 317
633 326
663 308
694 325
721 325
749 317
202 323
234 325
260 325
290 320
320 321
347 323
374 316
406 312
433 320
460 312
490 312
518 312
548 312
577 312
605 322
632 321
662 320
693 321
720 320
747 320
213 320
241 324
267 316
295 325
322 317
348 320
378 325
405 325
431 320
461 325
485 320
513 316
541 324
569 333
597 324
626 324
652 329
678 316
706 324
733 324
219 320
243 328
273 328
298 321
325 320
352 328
377 329
404 332
430 328
456 336
480 321
507 336
536 321
562 324
589 332
616 332
640 321
667 332
692 320
718 324
230 331
255 339
282 324
305 332
331 324
357 334
384 339
410 327
434 331
459 332
486 332
511 332
536 332
560 339
585 333
611 331
636 328
662 332
687 324
711 324
243 342
268 342
293 328
315 335
340 327
366 335
390 330
413 335
440 339
463 335
489 335
510 339
536 335
560 338
586 331
608 335
634 338
659 335
684 339
708 342
255 345
276 338
303 334
323 338
348 345
371 342
394 331
419 338
443 340
467 338
489 338
514 338
535 338
560 338
585 331
606 345
633 342
655 338
680 342
700 334
265 341
285 341
308 337
332 341
354 341
377 341
399 341
422 334
445 342
470 337
491 337
512 337
537 342
560 334
583 348
605 334
628 344
649 334
673 348
694 348
269 344
292 340
313 340
335 344
357 347
379 337
401 340
424 344
444 347
468 350
488 347
509 346
531 344
556 344
576 340
599 350
619 346
643 344
662 337
684 337
281 349
303 346
323 349
344 340
366 346
387 352
407 346
430 340
450 346
473 348
493 342
514 346
536 349
557 346
579 342
598 342
621 340
643 352
665 346
685 340
285 351
306 342
329 345
347 350
369 351
391 351
410 345
430 344
452 348
473 348
494 351
515 348
534 342
553 348
575 350
597 348
616 344
637 348
659 350
678 342
294 344
313 356
334 344
354 350
374 350
395 353
414 350
434 351
453 356
473 350
496 352
515 353
534 350
555 350
575 350
595 344
614 350
634 350
654 350
676 350
296 355
315 352
334 352
352 346
372 353
390 355
412 352
430 358
451 358
469 352
489 352
507 352
527 355
548 358
566 353
585 355
607 352
625 354
644 349
665 346
306 354
323 354
342 357
363 348
381 354
400 348
420 359
439 350
458 354
476 348
495 354
514 360
532 354
553 348
571 348
591 354
608 354
628 348
645 348
666 348
306 358
327 352
343 353
364 356
381 356
400 350
419 350
437 356
453 358
474 357
491 356
509 356
527 350
546 350
565 350
584 358
603 350
621 352
639 361
658 350
315 359
333 357
351 354
369 360
387 357
406 357
423 359
441 357
459 355
476 357
496 352
512 352
530 360
550 354
568 352
586 358
604 357
620 359
639 352
658 354
319 360
336 362
353 360
371 356
388 359
407 360
423 362
441 356
459 354
477 359
493 354
512 354
529 361
546 359
563 354
581 359
600 360
615 354
634 361
652 354
323 357
341 360
357 360
374 360
392 355
407 360
425 355
443 357
459 363
477 355
494 355
510 360
528 355
544 355
561 363
580 362
597 360
614 355
631 363
649 355
