26 71
159 53
290 46
426 87
555 46
705 82
93 165
216 108
316 167
424 168
545 116
639 106
753 135
29 226
125 209
219 174
311 198
407 184
500 227
577 187
676 171
775 198
11 232
92 246
174 251
243 258
327 246
400 246
483 258
565 270
645 234
721 270
7 260
76 280
138 290
215 261
277 280
352 271
411 301
484 287
551 301
613 287
686 261
755 260
28 312
95 288
156 310
217 316
278 288
337 295
403 288
463 316
519 325
584 307
642 288
708 315
764 315
22 311
80 311
133 310
187 310
242 317
298 327
348 336
407 317
465 327
515 327
570 327
627 310
683 327
741 332
42 352
90 352
148 345
191 345
250 329
298 345
349 360
397 345
453 345
501 335
554 349
601 345
655 349
706 345
756 360
38 359
82 367
129 359
177 345
223 367
273 345
318 359
365 359
411 359
457 359
511 374
555 359
605 374
649 359
694 364
745 359
789 345
12 372
57 359
96 359
141 372
184 376
225 372
275 372
313 386
358 376
404 376
445 359
488 376
535 379
576 372
621 372
668 359
708 359
751 372
32 387
71 387
112 386
153 383
198 383
232 396
274 383
316 383
357 395
396 389
436 383
477 383
521 370
562 396
598 383
641 383
684 383
725 383
766 383
25 385
68 381
105 381
139 393
177 404
218 395
251 393
291 392
331 381
368 392
406 392
444 385
484 392
521 392
556 385
596 399
634 385
671 396
711 393
748 393
787 393
4 394
41 412
78 400
116 389
147 390
182 412
217 401
253 403
289 389
328 400
359 406
395 390
431 401
466 394
501 401
541 403
576 400
608 390
646 401
682 390
718 412
751 400
791 401
5 408
39 402
71 408
104 408
139 408
175 413
206 408
242 397
276 408
306 414
344 408
373 413
411 402
445 398
479 403
509 419
543 413
576 408
611 408
645 410
677 413
708 397
747 419
779 408
20 408
50 414
82 420
113 416
145 414
174 417
206 414
242 415
275 404
304 405
336 404
368 419
400 404
430 409
462 418
493 414
523 414
555 404
585 414
622 414
654 414
680 414
714 419
746 414
780 414
3 425
36 421
64 426
96 420
125 430
156 411
188 421
219 420
247 411
278 411
306 416
340 421
366 420
399 425
429 423
457 421
486 430
520 420
547 411
577 416
609 420
640 420
668 421
699 415
732 425
761 421
789 424
26 417
53 426
82 428
112 428
138 420
167 426
198 427
225 421
255 430
283 426
310 430
341 435
370 417
397 426
428 420
455 426
481 421
511 426
542 426
570 426
597 426
628 417
657 426
685 428
709 417
740 426
771 426
23 426
50 422
76 431
103 431
130 439
159 422
185 431
212 432
242 431
267 422
296 435
324 432
351 439
378 434
406 431
432 422
460 422
488 422
514 440
542 435
566 422
597 422
621 422
653 435
677 431
706 431
734 433
760 439
6 427
29 438
56 439
83 431
107 444
137 440
161 431
188 427
213 431
239 435
267 435
294 431
320 431
347 437
373 427
400 440
423 431
449 444
478 440
504 436
530 427
557 435
582 427
610 444
633 431
663 436
687 444
714 444
741 427
20 439
46 443
70 439
94 442
146 443
172 443
198 442
271 443
297 439
322 439
345 439
373 439
398 443
423 441
448 431
498 443
523 434
574 439
599 431
624 440
674 439
698 442
726 439
19 439
66 443
88 443
114 443
160 435
184 443
210 443
233 436
257 438
328 436
353 435
378 436
427 443
474 439
497 443
547 439
569 443
595 445
643 443
665 436
690 443
713 443
34 439
53 440
80 439
172 442
287 439
309 439
473 439
566 443
65 445
177 443
266 443
288 445
332 445
357 443
511 443
555 443
579 443
691 443
