856 22
936 4
394 15
512 23
633 97
742 120
844 134
916 108
1015 150
138 60
251 127
362 152
473 141
574 136
664 166
747 157
828 193
902 208
973 236
59 153
171 164
289 148
372 199
467 177
555 209
626 199
698 208
769 218
841 251
901 250
955 259
1008 268
16 208
122 181
218 227
302 222
389 242
465 262
537 253
607 239
673 254
730 270
792 287
845 289
903 270
954 294
1000 298
59 232
144 261
232 250
306 256
381 282
447 269
521 266
581 281
638 269
690 276
752 299
803 303
847 299
895 297
938 318
993 338
76 260
150 288
235 264
301 263
370 267
435 275
490 304
554 302
602 296
657 294
709 317
760 319
811 329
855 330
886 324
927 327
980 352
1006 328
29 301
99 305
176 294
234 298
302 293
365 299
420 315
477 307
527 337
579 324
629 344
673 333
722 322
770 339
802 330
849 347
885 335
926 339
955 342
1001 357
50 306
115 294
171 313
231 319
296 314
349 327
400 346
457 320
504 329
552 340
596 359
644 354
686 341
727 345
765 369
799 352
839 362
869 351
903 354
945 381
973 366
1000 362
14 318
80 306
133 342
194 322
252 333
304 328
355 349
404 343
453 348
499 363
543 352
583 342
625 358
668 361
708 356
741 354
777 369
818 383
849 379
879 369
912 370
946 381
970 382
1003 377
41 335
100 342
154 335
206 345
253 354
307 355
356 347
401 344
446 352
487 367
527 358
567 368
607 357
641 384
682 367
715 376
747 368
782 369
816 383
845 374
876 375
905 383
935 390
962 397
991 387
11 337
64 347
111 350
159 367
210 359
265 352
308 354
350 365
395 367
436 381
474 384
514 367
554 379
589 378
623 380
662 382
694 388
730 391
758 382
790 383
814 381
849 395
879 395
904 386
933 408
958 399
988 406
1009 392
43 350
85 367
136 363
183 359
229 362
278 365
315 372
356 363
394 379
439 385
476 375
512 386
547 385
579 386
614 394
645 379
682 403
709 383
740 395
773 407
801 403
828 405
849 392
882 403
903 404
930 400
954 407
981 408
1004 414
9 360
50 381
104 364
151 362
189 375
233 378
271 386
310 381
349 384
391 374
425 376
459 389
495 391
531 382
563 394
593 401
623 387
655 402
684 405
715 404
742 394
768 395
797 411
825 407
843 400
872 401
896 402
918 408
940 405
968 416
24 381
79 372
123 369
161 371
197 389
243 375
277 387
317 389
355 384
392 382
425 398
459 406
491 408
520 399
554 401
585 402
615 403
641 395
671 406
697 401
727 399
753 410
776 407
801 403
831 418
851 415
875 410
897 417
924 418
948 427
43 384
87 385
128 381
164 384
203 390
242 395
280 399
315 389
347 387
384 389
417 404
448 402
481 403
509 404
538 406
570 412
597 403
624 410
653 402
679 421
707 414
732 417
757 415
779 411
805 422
826 415
853 428
875 425
894 417
914 418
56 391
99 393
141 385
172 400
209 398
245 399
283 401
313 392
345 408
381 410
412 406
441 407
472 409
500 410
529 403
556 408
583 423
610 406
639 425
663 417
688 418
711 414
736 423
762 421
784 422
805 423
828 424
848 425
868 422
891 429
66 408
109 400
140 411
177 402
211 403
245 408
280 408
314 408
344 411
374 401
405 416
431 422
461 414
491 410
520 416
545 422
571 410
595 422
622 428
648 425
673 426
695 423
715 417
739 417
763 430
786 431
808 431
829 429
844 422
868 430
88 407
119 408
154 407
189 418
221 406
254 411
285 412
316 414
342 424
373 407
404 425
431 419
457 419
484 424
511 421
537 417
560 423
585 416
610 425
632 426
658 434
678 420
702 432
723 425
745 431
765 431
786 433
807 436
828 433
847 434
106 402
137 416
168 422
199 423
230 410
262 412
292 420
320 419
346 424
374 420
402 422
430 422
455 419
483 420
504 428
529 426
554 429
580 428
602 421
623 430
647 430
667 431
690 434
712 429
732 430
750 437
772 439
792 436
811 440
831 444
111 415
143 416
176 417
207 419
236 420
264 423
293 414
319 423
347 425
372 417
399 433
426 422
451 423
473 436
498 425
522 430
545 426
569 432
589 432
612 437
632 427
656 442
677 435
696 436
714 437
735 431
755 431
773 439
793 446
810 436
118 420
149 421
181 414
207 431
236 424
264 416
292 417
318 419
344 427
370 430
395 429
419 430
444 433
465 431
489 425
514 433
537 437
559 427
580 435
602 439
620 438
644 441
661 438
684 442
702 443
721 437
741 442
760 441
777 444
796 446
128 418
155 426
184 425
213 426
241 419
266 428
293 431
318 425
345 426
370 431
393 432
416 433
441 433
463 434
486 435
510 436
530 433
553 430
574 441
595 442
615 446
634 443
655 440
673 448
690 435
710 436
728 443
747 440
767 440
781 441
139 427
167 424
193 429
218 430
246 434
271 431
295 428
321 433
347 434
369 434
391 431
415 443
437 436
460 437
483 440
505 440
523 442
545 446
564 440
587 448
607 438
624 436
644 440
665 444
684 450
699 445
717 441
735 446
754 448
769 441
143 426
169 431
192 432
219 440
245 426
268 442
294 439
316 436
342 437
364 437
385 431
409 439
430 439
452 443
472 442
494 441
514 442
534 442
555 443
574 437
593 447
613 439
630 445
648 440
668 440
684 444
703 444
721 445
736 445
753 452
145 426
170 434
197 428
219 436
245 433
266 441
294 431
316 435
336 439
358 443
381 434
404 445
424 436
445 446
466 437
486 450
506 438
526 448
544 452
564 446
583 440
599 444
619 448
638 448
653 449
671 443
688 444
708 456
723 451
737 451
151 444
176 440
199 438
221 446
249 436
269 440
294 441
316 441
338 444
358 449
379 443
400 444
420 438
440 439
460 447
480 446
498 448
520 453
538 449
556 451
575 443
591 449
609 450
627 444
645 454
660 448
679 454
695 455
710 452
727 454
164 446
190 434
211 441
236 438
258 442
281 443
300 443
322 444
345 445
365 439
385 446
406 446
424 447
445 447
465 451
482 448
503 449
520 449
539 447
555 450
575 448
590 448
609 452
627 458
640 449
658 453
673 454
690 460
707 457
723 455
164 442
187 443
210 437
233 440
252 448
276 448
295 442
318 446
337 449
357 444
378 454
398 450
414 452
436 446
453 444
472 453
490 453
509 457
526 455
543 447
560 458
578 455
594 456
611 454
628 449
643 460
660 458
675 456
691 462
706 457
173 445
193 448
217 439
239 446
260 441
280 447
299 448
321 448
340 452
359 449
379 453
398 450
417 447
434 446
453 452
472 455
488 447
505 456
524 448
541 454
557 455
574 455
590 455
604 456
621 459
637 459
651 457
668 454
683 458
699 458
179 441
198 444
219 451
241 455
261 449
281 446
300 456
320 452
338 454
358 457
379 446
397 449
414 455
431 453
451 454
466 456
484 449
502 458
519 455
534 453
550 462
566 451
583 452
599 452
615 458
629 458
645 454
660 460
674 459
687 455
188 444
207 450
225 450
247 454
266 451
286 454
303 454
323 453
343 453
361 454
378 449
395 457
414 450
431 455
448 456
466 451
482 458
498 454
514 452
530 453
546 458
563 459
578 460
592 462
607 465
624 460
637 457
651 461
665 456
681 459
185 451
204 453
225 452
244 453
263 454
283 448
302 459
320 454
337 455
357 455
375 456
392 456
408 456
426 452
442 457
458 455
476 461
491 453
508 454
523 462
539 460
555 457
568 458
584 457
599 466
614 464
629 462
641 457
656 462
671 460
186 456
207 451
227 451
245 457
264 455
283 455
301 458
319 456
337 456
353 459
372 457
387 460
404 455
423 453
437 459
453 459
471 461
485 457
502 455
517 463
533 461
548 466
562 464
576 467
591 457
605 458
620 464
632 464
648 464
661 461
195 449
214 457
233 457
250 461
269 456
288 459
304 457
324 458
341 453
356 456
374 459
391 454
406 455
422 460
439 460
453 462
470 463
486 456
500 464
515 457
531 458
545 458
558 463
574 463
587 461
602 465
614 464
629 462
643 465
655 470
199 452
215 457
234 454
251 463
270 458
286 455
303 459
322 457
339 461
354 455
371 460
386 456
403 456
418 464
433 464
449 457
465 458
479 460
495 463
508 468
523 459
538 461
552 460
565 460
580 460
593 465
608 463
621 466
635 466
647 471
204 459
221 454
238 459
257 455
273 455
291 460
308 456
323 458
339 458
356 457
371 464
386 459
401 460
417 464
434 460
449 459
462 469
477 464
492 465
506 465
520 468
535 466
547 468
561 462
576 468
588 462
601 468
615 463
628 472
641 468
207 455
223 461
240 462
258 461
273 466
291 463
307 465
323 460
337 465
354 459
370 464
383 466
399 464
415 462
429 465
445 467
458 465
473 470
486 466
500 466
514 462
527 467
541 467
555 469
568 470
582 468
593 468
607 471
620 473
633 465
211 459
228 462
243 462
259 463
275 465
291 463
307 464
323 469
340 460
355 460
369 465
384 465
400 465
413 468
428 466
441 462
456 467
470 464
484 472
498 468
510 468
523 470
538 468
550 468
564 469
575 469
588 469
602 470
614 467
625 472
