29 19
168 44
293 50
424 10
578 62
694 68
73 108
182 108
294 137
393 107
499 111
621 140
727 123
37 200
116 198
222 200
313 186
396 187
496 209
575 201
669 174
764 201
28 257
106 224
181 250
267 232
342 224
416 246
498 222
574 245
656 246
730 251
45 289
116 299
188 278
266 279
334 285
396 267
469 279
534 279
605 279
677 283
745 289
40 293
103 305
171 293
237 286
291 309
355 295
419 286
482 286
542 305
608 324
670 305
734 305
789 287
61 326
120 335
175 327
231 327
289 309
346 326
406 318
455 327
519 309
569 327
632 316
685 309
744 344
37 344
89 349
137 361
193 344
246 344
297 344
347 344
400 329
452 349
501 344
558 335
608 329
658 360
713 348
763 344
30 359
81 359
129 345
169 367
219 345
266 359
316 359
359 374
406 362
457 364
504 345
553 374
595 367
646 364
687 351
741 359
785 359
12 372
55 359
103 372
149 359
191 372
235 375
275 372
319 379
363 372
411 365
452 359
500 386
538 372
584 372
633 386
670 372
713 359
758 359
39 376
78 396
119 383
161 390
201 371
244 396
282 383
326 386
369 383
406 386
448 383
489 383
530 383
569 390
612 383
655 396
693 390
737 383
773 383
23 392
60 392
96 396
136 393
174 399
210 393
249 381
287 399
326 395
367 381
402 381
441 396
481 381
518 393
557 393
591 399
630 405
673 393
705 392
744 381
783 393
5 401
44 401
84 401
116 401
153 407
189 395
226 401
262 401
297 412
332 390
367 394
407 403
439 401
475 395
512 396
546 390
587 401
621 401
656 396
694 407
730 395
763 394
27 398
58 402
91 411
126 398
159 408
195 402
225 409
261 402
295 408
329 409
363 403
395 412
430 398
465 402
496 408
534 402
567 408
600 398
634 403
668 410
703 419
732 408
768 414
13 415
50 405
81 415
111 415
144 415
173 414
209 409
240 415
267 415
300 415
333 425
366 418
396 415
427 420
461 410
491 410
522 410
556 409
587 419
619 410
652 415
682 414
715 405
747 420
780 415
13 430
44 425
74 421
106 420
135 411
166 421
195 411
227 411
256 411
286 415
314 411
346 416
376 420
408 411
436 421
466 415
496 420
525 416
555 420
586 430
616 422
648 420
677 420
707 415
736 420
766 420
2 431
28 426
59 427
87 426
118 426
144 417
173 435
204 417
229 417
259 426
290 417
317 420
347 421
375 435
403 435
431 431
458 435
488 420
516 426
544 426
572 428
604 427
630 435
658 430
688 430
719 420
745 417
774 417
21 421
47 435
73 430
100 430
130 434
157 439
185 430
212 425
236 430
264 425
291 430
321 422
348 425
374 430
401 434
428 430
456 432
481 432
509 421
537 434
564 422
593 425
617 434
646 430
675 435
701 430
727 430
754 430
9 443
34 435
64 426
88 437
115 427
139 439
164 439
191 429
220 435
246 434
270 426
296 429
323 426
348 426
373 430
401 430
426 427
450 435
478 435
502 439
530 431
556 436
583 430
607 439
634 435
662 435
685 426
711 431
735 434
27 442
51 435
75 440
104 438
126 438
154 433
176 430
200 438
228 438
250 438
275 438
300 431
326 442
351 438
374 440
400 442
426 438
449 438
473 442
524 440
549 441
575 438
624 439
646 438
674 439
695 431
722 431
14 443
40 438
65 434
87 444
112 442
137 434
160 434
205 442
230 435
255 442
303 434
326 434
349 442
373 442
395 442
420 434
469 442
490 442
513 442
564 434
585 435
611 438
635 438
680 442
704 442
198 438
220 445
245 445
265 442
311 445
402 438
472 441
540 445
562 445
608 442
75 441
138 442
250 444
381 442
426 442
468 442
338 444
507 445
529 444
