23 62
153 28
285 64
415 86
561 41
700 82
75 154
173 168
288 168
394 186
512 133
623 153
739 137
52 204
135 193
230 195
326 219
410 195
501 196
592 235
688 203
784 193
19 256
98 244
177 245
256 279
332 279
412 292
486 275
578 291
652 256
731 279
59 302
130 302
195 302
272 282
335 292
411 324
475 282
546 303
617 282
690 324
759 282
35 319
100 331
165 320
223 341
282 331
346 331
409 331
474 331
535 312
593 312
665 350
723 331
792 350
27 345
80 357
141 354
194 357
248 354
305 337
360 337
421 337
471 359
529 362
585 354
636 354
694 337
750 344
50 388
107 364
153 372
208 388
255 380
306 372
356 372
407 388
456 372
511 388
561 388
612 372
663 372
712 357
764 380
32 395
76 388
125 395
171 388
220 388
268 402
318 373
362 402
408 402
459 379
501 373
548 388
600 388
643 388
688 388
739 395
780 373
4 401
52 401
97 401
137 407
178 415
224 414
267 405
312 387
356 401
401 393
445 414
482 394
528 387
574 401
612 387
656 387
701 401
744 387
791 401
42 412
80 405
115 425
160 412
198 404
239 412
282 414
317 418
361 412
398 412
441 418
483 424
524 406
562 425
603 418
644 412
681 404
725 404
764 412
31 414
74 414
106 416
146 421
181 410
220 421
255 427
296 410
331 421
371 415
404 433
445 425
481 433
516 425
557 410
594 410
634 427
671 427
705 415
742 421
779 414
13 423
42 436
85 419
115 430
150 430
184 434
222 419
257 432
292 435
327 419
362 423
400 419
435 435
467 441
505 430
539 419
576 436
608 436
645 430
678 419
714 430
749 430
789 436
1 438
34 443
67 438
100 440
136 427
170 427
205 427
238 427
270 427
303 431
337 438
367 443
403 432
438 438
468 438
501 438
535 427
569 438
604 441
635 433
669 438
702 432
739 438
766 427
20 435
48 439
80 445
111 439
145 440
242 445
268 445
305 435
335 445
396 445
431 445
461 439
524 445
589 445
651 439
713 439
750 445
255 442
317 442
648 442
