699 1
324 15
419 34
510 64
597 75
665 86
740 112
109 35
215 56
294 66
385 122
468 122
532 136
599 139
658 142
712 136
770 161
66 87
143 120
223 137
304 118
381 148
439 167
502 164
559 164
610 164
664 191
713 192
759 199
6 125
90 136
166 177
236 165
300 156
362 163
422 195
478 193
529 182
584 202
628 215
674 213
716 224
753 238
15 169
83 176
149 192
220 183
281 196
333 193
386 206
437 213
488 210
533 209
577 213
622 223
657 248
698 240
732 234
770 249
56 201
120 207
174 212
231 203
285 229
331 219
384 230
426 226
473 237
513 245
551 244
588 248
630 263
663 259
690 252
728 266
756 256
13 217
70 230
125 233
175 230
229 222
278 231
320 242
366 247
409 255
444 265
485 249
520 264
554 261
592 269
627 266
654 264
688 271
718 273
740 276
775 282
43 244
95 240
142 245
193 235
235 256
282 248
318 256
359 252
397 268
435 258
473 267
505 276
539 266
568 274
599 277
627 279
655 281
685 282
709 279
741 287
761 289
786 290
24 262
73 247
120 248
159 259
208 250
246 270
285 266
322 269
356 271
394 285
426 270
458 272
491 280
523 276
553 293
580 280
608 288
632 281
661 291
684 293
708 286
732 296
755 294
777 291
25 266
71 269
111 271
151 268
193 271
228 274
270 265
304 277
338 274
372 285
404 289
432 276
464 278
493 280
523 291
548 297
579 294
602 295
627 297
652 299
675 304
702 310
723 304
742 304
764 301
781 302
6 270
44 275
83 277
126 276
160 288
196 282
237 273
269 284
304 277
331 288
364 300
392 286
421 284
453 289
481 301
504 298
531 301
559 301
582 298
607 303
629 313
650 298
672 303
697 308
716 310
735 303
758 304
777 313
33 284
68 276
108 289
140 286
176 288
209 290
242 293
274 293
302 299
333 301
362 306
392 299
420 303
447 310
473 303
497 304
522 306
542 299
566 300
589 310
614 310
635 320
656 315
676 310
695 308
716 316
736 317
752 318
773 323
3 291
40 288
80 281
113 292
145 294
178 295
209 301
239 303
269 308
298 310
323 302
353 308
380 313
403 306
431 311
455 301
479 306
501 304
523 312
545 306
567 318
588 316
609 312
632 325
648 311
669 312
689 320
708 321
725 322
740 316
29 294
63 290
97 297
126 299
160 300
190 301
220 307
248 300
276 308
301 299
329 300
355 317
378 318
402 308
429 316
453 321
475 310
495 319
519 324
539 325
559 312
581 320
600 327
616 315
637 323
658 323
675 328
692 325
708 319
727 327
42 305
72 306
104 303
135 304
166 302
191 311
220 308
246 310
276 303
300 316
324 305
349 316
374 315
397 316
419 325
443 318
464 319
487 327
506 323
524 315
546 326
565 324
582 321
604 325
622 326
640 330
655 321
674 325
690 332
706 333
54 306
85 309
114 308
143 313
172 303
196 319
223 313
250 314
274 322
300 309
321 310
345 322
369 319
392 313
414 324
433 315
454 329
476 323
495 324
517 325
536 329
553 323
570 329
590 322
606 329
622 324
642 327
660 331
673 326
689 333
58 312
86 312
113 305
140 318
165 315
193 309
220 310
241 314
267 321
290 322
313 321
337 318
356 326
379 320
401 328
421 328
441 327
460 323
480 328
498 331
517 323
534 331
552 331
571 327
588 335
605 333
622 335
638 334
653 335
668 338
68 311
95 309
122 310
147 322
172 319
194 320
221 321
244 322
265 319
289 327
310 325
331 332
353 326
375 330
394 328
415 322
433 325
451 333
471 333
488 331
507 332
523 327
543 336
560 340
576 329
593 335
609 339
623 331
640 337
656 339
74 319
101 320
127 321
151 322
173 324
195 330
220 321
243 329
265 322
286 324
308 330
327 332
348 329
367 324
386 325
405 331
426 332
444 329
461 333
480 337
497 335
514 336
532 341
545 331
562 337
578 343
595 339
610 336
624 342
639 340
82 327
107 324
131 322
156 326
176 333
199 331
223 322
243 329
265 324
285 327
304 331
325 335
344 335
363 327
382 335
398 335
417 329
435 337
452 336
469 331
487 338
502 335
520 338
536 341
551 340
565 335
581 341
595 341
610 343
623 337
97 320
116 329
142 322
162 325
185 326
206 331
225 331
248 328
267 326
286 330
306 328
324 336
343 341
361 337
380 336
398 342
415 337
432 343
449 341
465 339
481 336
496 337
513 343
529 343
544 344
559 337
572 338
587 346
603 345
615 341
100 330
121 331
141 331
163 326
184 336
205 333
224 334
244 335
264 338
284 336
302 336
319 340
338 332
355 338
373 339
390 341
407 337
424 343
439 346
456 342
470 345
486 347
501 338
515 338
533 345
547 344
560 340
574 348
589 341
602 348
110 327
133 335
152 331
172 329
191 337
211 336
230 339
251 337
269 335
286 338
304 336
324 339
341 335
356 337
373 336
391 341
407 342
423 342
439 340
454 344
468 341
483 339
499 345
512 342
527 348
542 341
555 344
569 348
582 350
595 350
113 337
132 341
154 333
173 337
194 339
211 344
230 335
250 334
266 343
285 340
303 343
320 341
336 343
351 342
368 343
385 338
400 344
416 344
432 345
446 348
460 348
475 341
491 349
503 347
519 347
532 343
546 343
558 349
570 344
586 354
115 338
134 343
155 333
172 339
194 334
211 335
229 341
246 336
262 342
281 342
297 338
314 340
330 344
348 341
362 340
378 340
394 343
408 343
423 349
439 348
453 345
467 343
480 343
494 353
509 350
522 354
535 345
548 345
562 352
573 353
123 340
141 340
162 335
178 342
196 337
213 344
230 348
250 338
265 344
283 347
298 344
314 342
331 348
347 346
362 346
377 342
392 349
406 348
420 348
435 346
450 349
464 351
476 345
490 345
504 351
517 351
530 351
543 356
554 352
568 357
128 345
147 339
165 340
183 346
200 344
217 344
233 347
249 348
268 346
282 341
297 351
315 348
330 348
343 348
358 349
374 349
388 354
403 350
417 350
430 346
445 355
458 348
471 351
483 349
496 352
509 348
521 353
535 350
546 358
558 358
128 341
146 342
164 346
179 345
197 347
214 351
230 347
246 347
261 347
277 350
293 350
309 353
322 350
338 345
353 347
367 346
379 351
394 348
409 352
422 347
434 352
448 348
462 353
475 355
487 353
499 351
510 351
522 352
535 352
546 351
133 346
150 346
166 344
181 349
199 347
216 348
231 348
247 349
262 349
277 352
292 350
306 352
321 346
336 348
349 351
363 352
377 354
389 348
403 348
418 357
429 353
442 358
455 355
468 350
481 355
491 351
504 356
515 357
527 356
540 357
140 350
155 349
173 344
189 349
206 345
221 345
234 351
250 350
265 348
280 351
294 356
309 354
322 353
337 354
351 353
364 349
377 353
391 354
404 351
417 354
429 355
440 352
452 355
465 356
478 354
490 352
501 356
513 354
523 353
536 357
139 349
156 347
171 350
186 353
201 351
216 346
232 354
246 354
261 352
275 352
289 357
304 355
316 353
330 350
344 354
357 355
369 351
383 355
396 351
409 358
420 354
432 356
445 352
457 357
468 357
480 359
493 359
503 362
513 356
526 360
145 352
159 352
176 347
190 356
205 349
220 348
234 349
249 353
263 351
277 350
290 350
303 359
317 351
331 351
343 351
354 358
368 356
381 356
394 353
404 357
418 357
429 357
441 360
452 358
463 354
476 358
487 359
499 360
508 361
519 356
147 352
162 355
176 353
190 357
207 349
220 354
235 351
248 352
262 357
275 356
289 351
302 356
316 358
328 356
341 356
353 353
367 361
379 359
391 359
402 358
414 358
426 358
436 361
448 359
460 359
470 359
481 360
492 360
503 358
514 358
154 354
168 354
184 352
197 352
210 351
226 351
238 353
251 360
265 352
279 360
291 357
303 359
318 353
329 354
341 360
353 356
366 362
377 360
390 359
400 355
413 361
424 356
435 360
446 361
458 358
468 357
478 357
490 365
500 361
509 362
151 355
165 359
180 357
193 353
208 354
221 358
234 361
247 354
260 358
274 357
286 358
299 358
312 354
324 356
335 361
347 359
359 361
371 361
383 356
394 362
404 357
415 362
427 361
437 361
448 361
459 362
470 360
480 362
490 360
501 366
155 352
169 356
182 355
195 357
208 353
222 354
235 356
248 358
261 360
273 359
285 359
297 355
309 359
321 356
333 361
345 360
356 360
367 361
379 359
389 361
401 358
411 359
422 358
433 359
444 359
454 363
465 361
475 359
485 365
495 363
162 358
174 359
189 354
201 354
213 359
226 363
240 359
252 359
265 358
276 360
288 360
299 362
311 357
324 361
334 361
346 358
358 363
369 365
380 360
390 362
401 362
411 361
422 361
432 360
442 363
453 365
463 364
473 361
482 364
493 361
161 359
175 359
187 360
200 361
212 360
225 361
239 357
251 360
261 364
273 361
285 358
297 363
309 362
321 360
331 360
342 362
353 364
364 366
374 363
385 363
396 367
405 364
417 365
427 364
437 361
447 365
455 361
465 365
476 362
485 363
