28 0
121 0
333 0
530 1
4 91
87 124
179 104
264 107
342 123
424 110
511 105
592 92
676 85
767 106
35 188
113 182
185 178
253 186
333 185
399 184
472 190
549 171
625 179
703 199
783 196
24 216
91 235
157 225
218 245
281 242
348 226
412 222
477 245
550 252
614 252
674 234
730 219
9 282
66 280
125 280
191 265
247 266
299 298
362 264
418 273
482 298
536 290
592 264
651 265
708 282
766 265
42 316
94 317
143 325
201 325
255 334
301 324
362 309
410 317
466 302
519 317
575 317
627 301
672 303
733 318
786 308
21 364
68 349
124 334
170 348
215 348
262 364
311 356
361 349
411 355
460 348
507 348
551 334
602 340
649 349
695 335
746 349
11 365
56 366
97 374
146 373
187 373
230 380
277 381
323 376
368 373
412 377
457 373
504 373
544 359
594 373
634 359
683 373
724 376
772 381
38 383
79 384
121 384
155 402
198 410
243 397
280 396
321 396
367 409
408 396
450 383
492 396
533 397
577 400
615 396
661 410
702 400
741 396
779 383
25 403
63 408
105 408
140 403
183 403
215 421
259 403
295 415
332 416
374 415
408 415
449 428
490 416
527 416
567 428
606 415
644 418
676 403
722 415
762 419
6 425
41 420
76 420
112 432
148 432
186 438
223 432
256 438
295 432
331 432
364 432
401 432
437 432
474 432
510 425
548 438
579 421
619 425
654 425
694 432
732 438
770 438
63 435
96 441
269 436
304 440
470 436
643 435
713 440
779 436
