533 31
639 44
721 58
178 21
273 34
383 101
482 102
560 118
641 121
712 126
777 118
91 99
188 120
285 96
378 133
448 156
524 152
593 152
654 152
719 185
778 186
27 118
118 168
203 153
280 142
355 150
427 189
495 186
557 174
623 198
676 213
731 211
781 224
19 166
99 186
184 175
258 191
320 186
384 203
445 210
506 207
562 206
615 211
668 223
711 253
760 244
63 204
128 210
197 199
262 230
318 218
381 232
432 226
489 240
537 250
583 248
627 253
678 272
718 267
751 258
3 232
69 236
129 232
195 222
253 233
304 246
360 251
412 261
454 273
504 255
545 272
586 269
633 278
674 275
707 272
748 281
784 283
32 244
90 249
151 237
201 263
259 253
302 263
352 258
397 278
443 265
489 277
528 287
569 275
604 285
641 289
674 291
708 293
745 295
774 291
6 252
64 254
110 266
169 256
215 280
262 275
307 279
348 281
394 298
432 280
471 283
511 292
549 287
585 308
618 292
652 301
680 293
716 305
743 308
772 299
4 279
52 281
100 277
151 281
194 284
243 273
285 289
326 285
367 298
405 302
440 287
479 289
513 291
549 305
579 313
616 308
644 310
675 312
705 315
732 321
765 328
790 321
18 289
70 287
112 302
155 295
204 283
243 297
285 288
317 301
358 315
391 299
427 297
464 303
498 317
526 314
559 317
593 317
621 313
650 320
677 332
702 313
729 320
759 326
782 328
0 287
48 303
87 299
131 302
170 304
210 308
249 307
283 315
320 317
355 324
391 315
425 320
458 329
489 320
518 321
548 323
573 315
601 316
629 328
659 329
684 340
709 334
734 328
757 325
782 335
14 293
54 307
93 308
133 310
171 317
207 319
242 326
277 328
308 319
344 326
376 332
405 324
438 330
467 317
496 324
523 321
549 331
576 324
603 338
627 335
653 331
681 346
700 330
726 331
749 340
773 342
35 313
70 314
112 316
148 318
183 324
218 315
251 326
282 315
315 316
346 337
374 338
403 326
436 336
465 341
491 329
515 339
544 345
569 346
592 330
619 340
642 349
662 334
687 343
713 344
732 349
754 346
773 339
5 323
43 320
81 321
119 318
148 329
183 326
216 328
251 320
280 335
309 322
339 336
370 334
397 336
424 346
452 338
478 339
506 348
529 344
551 334
577 347
600 345
621 341
647 346
669 347
690 352
709 342
731 346
751 355
770 356
21 326
56 326
90 332
125 320
155 339
187 331
220 333
248 343
280 327
306 328
335 342
363 339
391 331
418 345
440 334
466 351
492 344
516 345
542 346
565 351
586 343
606 351
629 342
649 351
669 344
693 348
714 353
730 347
750 355
23 330
55 322
87 337
117 334
151 327
184 328
209 333
241 342
268 342
296 342
324 337
347 347
375 340
402 349
427 350
450 349
473 344
497 349
519 354
542 344
563 353
585 353
607 349
628 358
648 355
669 358
688 357
706 358
724 362
0 329
33 327
65 329
96 343
126 339
152 340
185 342
213 343
238 338
267 348
292 346
318 354
344 347
371 352
394 349
419 343
441 347
463 356
486 355
507 354
530 354
549 348
573 360
593 364
613 351
633 358
652 363
670 353
690 361
709 362
8 339
41 340
72 342
100 343
127 345
154 353
183 341
211 350
238 343
263 345
289 352
312 354
338 351
361 345
384 346
407 354
432 355
453 351
475 356
497 361
518 358
538 359
560 366
576 353
596 361
616 368
637 363
654 359
671 367
689 364
17 348
47 345
77 342
107 347
130 356
158 353
187 343
211 351
238 345
262 348
285 353
310 358
334 359
356 349
379 358
399 359
422 351
443 360
464 360
484 354
506 361
524 358
545 362
564 365
583 364
600 358
619 365
636 366
654 368
670 361
35 340
58 351
89 342
114 346
141 347
167 354
190 353
218 350
240 348
263 352
288 350
309 359
332 365
354 360
377 360
399 367
419 361
439 368
461 366
479 363
498 360
516 361
537 368
557 368
574 369
592 361
608 361
626 371
645 370
660 366
39 352
64 353
88 354
116 347
141 359
166 356
189 357
212 358
237 362
261 359
283 360
303 364
326 355
347 362
369 363
388 365
410 361
429 368
448 372
469 366
486 370
505 373
523 361
540 362
561 370
578 369
594 364
611 373
628 365
644 374
51 348
78 358
101 353
126 351
149 360
173 359
196 363
222 361
242 358
264 362
285 360
309 364
329 358
348 361
369 359
390 366
410 367
429 367
448 364
466 368
483 366
501 363
520 370
536 367
554 374
572 366
588 369
605 374
620 376
636 376
55 360
77 366
104 356
127 361
153 363
172 368
196 359
220 357
239 367
262 365
284 368
305 366
324 368
342 367
362 368
383 362
401 369
421 369
440 370
456 373
474 374
491 366
511 375
525 372
545 373
560 368
577 368
591 376
606 369
626 381
57 361
80 368
106 356
126 363
152 357
172 358
195 365
216 359
235 366
258 367
277 361
296 364
316 368
338 365
355 364
374 364
394 367
410 368
428 375
447 374
465 370
482 368
498 368
514 380
532 376
549 381
563 370
579 371
596 378
609 380
67 364
88 364
114 359
133 367
155 360
176 369
196 374
220 362
238 369
260 372
277 370
297 367
317 374
337 371
355 372
373 367
391 376
407 373
425 374
443 371
461 375
478 378
493 370
509 371
527 378
542 377
557 377
573 383
587 378
603 384
73 370
96 363
118 364
139 371
160 369
180 369
200 373
219 374
241 371
259 366
277 378
298 374
316 373
332 374
350 375
369 375
386 381
404 376
421 376
437 371
455 382
471 374
487 378
502 375
516 379
532 374
547 379
563 377
577 385
591 386
73 366
94 366
116 371
135 370
156 372
176 377
196 372
215 373
233 373
252 376
272 376
290 380
307 376
326 370
344 373
361 371
376 377
394 374
412 379
427 373
442 379
459 374
475 379
491 382
505 380
521 378
534 378
548 378
564 379
578 377
79 371
99 372
119 369
137 376
159 373
178 374
197 374
216 375
234 375
252 378
271 376
288 378
306 372
323 374
339 378
356 378
373 381
388 374
404 374
422 385
436 380
452 386
468 382
483 377
498 382
511 377
526 383
540 384
554 383
569 385
87 376
105 375
127 369
146 375
167 370
185 370
201 377
220 376
238 374
256 377
273 383
291 381
307 380
325 381
341 380
357 375
373 380
389 381
406 378
421 381
436 382
449 379
464 383
479 383
495 381
509 379
523 384
537 382
549 380
564 385
87 375
106 373
125 376
143 379
160 377
179 372
198 380
216 381
233 379
250 379
267 385
285 382
300 380
316 376
334 381
349 382
364 377
381 382
396 378
411 385
425 381
439 384
455 379
470 385
483 385
497 387
512 388
525 390
537 384
553 389
93 379
110 379
130 373
147 384
165 376
184 374
200 374
219 380
235 377
252 376
269 376
283 387
301 377
317 377
332 378
346 386
362 383
378 384
393 379
406 384
423 385
435 385
450 388
464 386
477 382
493 386
506 387
520 388
532 390
544 383
95 379
113 382
131 379
147 385
169 375
184 381
202 378
217 379
234 384
251 384
267 378
283 383
299 386
314 384
330 384
344 380
360 389
375 387
390 388
403 386
418 386
432 386
445 389
458 387
473 387
485 388
499 388
511 388
525 386
538 386
104 381
121 381
140 379
157 379
172 377
191 378
205 380
222 388
237 379
255 389
270 384
284 387
302 380
315 381
330 388
344 383
360 391
373 389
388 387
401 383
417 390
430 383
443 388
456 389
470 386
483 385
495 385
509 394
521 390
533 390
101 382
118 387
135 385
152 380
169 381
185 386
201 389
216 382
231 386
249 385
263 386
279 386
295 382
309 384
323 389
337 387
351 390
366 390
380 384
394 390
406 384
419 391
434 389
446 390
459 390
472 391
485 388
498 391
510 388
523 395
105 379
122 384
138 382
154 385
169 380
186 381
202 383
217 386
233 389
248 387
263 387
276 383
291 388
306 383
320 389
334 389
348 389
361 389
375 387
388 390
402 386
414 388
428 386
440 387
454 387
465 392
479 390
491 388
503 394
515 392
113 385
128 387
146 381
161 382
176 387
191 391
207 387
222 388
238 386
252 388
266 388
279 391
294 385
309 389
321 390
335 386
350 392
364 395
377 388
389 391
402 391
414 389
428 389
439 388
452 392
464 394
477 393
489 389
500 393
513 389
113 387
130 387
144 388
160 390
174 388
189 389
206 384
221 389
233 393
248 389
262 385
277 392
291 390
305 388
317 389
331 391
344 393
358 396
369 392
383 392
396 396
407 393
421 395
433 393
445 389
457 394
468 390
480 394
492 390
503 392
