297 21
150 27
340 92
539 91
707 91
934 79
72 171
235 149
388 140
536 168
669 126
826 122
972 169
20 200
137 184
265 223
394 198
507 196
646 184
755 184
897 179
1009 217
83 253
189 282
291 249
411 268
508 283
619 281
731 253
843 283
945 262
77 254
157 294
247 295
341 281
436 265
538 293
621 265
717 281
819 279
906 287
1002 309
38 328
121 304
207 315
288 279
361 314
445 288
529 311
612 309
691 304
773 328
850 315
940 303
6 298
71 298
150 320
221 320
295 342
366 327
434 297
504 319
581 298
654 297
731 306
799 298
871 319
950 320
53 353
121 339
195 334
256 334
324 315
389 353
450 343
521 314
588 333
644 323
716 333
780 344
843 314
918 333
977 323
40 326
101 344
157 343
217 344
284 344
338 344
400 344
461 347
521 334
578 347
642 344
700 353
760 353
823 362
887 362
944 326
1005 349
27 353
82 353
136 353
194 353
249 362
305 353
356 336
416 344
471 353
523 361
580 353
636 343
689 353
743 336
804 361
858 344
918 361
968 337
4 345
58 361
108 360
162 360
215 351
262 376
315 361
365 361
422 361
468 351
524 345
573 351
628 364
683 368
727 345
781 376
835 344
888 360
936 351
37 367
88 368
138 361
183 360
230 353
279 382
324 368
373 375
418 353
466 368
515 374
569 374
614 353
660 353
712 368
756 382
805 368
857 367
905 382
31 380
76 360
121 380
168 374
207 378
255 365
300 373
346 376
389 374
438 380
480 373
526 374
567 378
612 376
659 374
706 376
747 380
793 360
839 374
887 365
54 379
92 385
138 379
181 366
222 382
266 379
303 379
347 379
391 379
431 379
473 379
517 392
558 379
602 381
644 366
684 379
731 385
768 366
815 385
853 366
72 383
113 386
154 386
192 386
236 384
271 396
312 384
352 384
395 390
433 372
471 372
509 378
552 396
591 372
629 384
670 389
712 390
751 372
790 386
830 378
96 388
133 387
174 377
209 388
249 391
284 388
325 388
361 388
399 381
436 390
478 393
513 393
551 399
591 382
628 377
665 388
699 388
739 377
773 376
812 376
118 391
158 391
190 394
228 380
262 385
296 402
335 391
371 397
409 397
442 391
479 385
516 385
550 385
588 381
623 391
659 402
695 381
732 402
765 402
799 391
143 398
180 400
212 400
248 394
283 394
316 397
348 389
387 384
418 394
450 384
487 384
520 384
556 384
591 384
624 396
656 394
693 394
729 394
761 394
794 394
159 392
191 397
222 388
255 398
287 388
318 392
354 398
386 398
417 392
452 398
481 392
514 387
547 397
581 408
614 397
648 397
679 402
709 388
744 397
775 397
168 391
196 400
231 400
261 391
292 391
324 400
353 401
386 405
416 401
447 410
476 391
507 410
541 391
572 395
604 405
635 405
664 391
696 405
725 391
756 395
183 403
212 412
244 394
270 403
301 394
331 406
363 412
394 398
422 403
451 403
482 403
512 403
541 403
569 412
598 405
628 403
658 398
689 403
717 394
746 394
199 414
228 414
258 397
283 406
312 397
342 405
371 400
397 406
429 410
456 406
486 405
511 410
541 406
568 410
599 401
625 405
655 410
683 405
713 410
741 414
215 416
240 408
271 403
294 408
323 416
349 412
377 400
405 408
433 410
461 408
486 408
515 408
540 408
569 408
597 400
622 416
653 412
678 408
707 412
731 404
228 410
251 410
278 406
305 410
331 410
357 410
383 410
409 402
435 411
464 405
488 406
513 405
541 412
568 402
595 418
620 402
646 414
671 402
698 418
723 418
234 412
261 407
285 408
310 412
335 416
360 404
386 408
412 412
435 416
462 420
486 416
509 414
534 412
563 412
586 407
613 420
636 414
663 412
685 404
710 404
249 417
274 414
297 417
321 406
346 414
370 421
393 414
420 406
442 414
468 416
491 409
516 414
540 417
565 414
589 409
611 409
637 406
663 421
687 414
710 406
254 419
279 408
305 412
325 417
350 419
375 419
397 412
419 411
444 415
468 415
492 419
516 415
537 408
560 415
584 417
610 415
631 411
655 415
680 417
701 408
265 410
287 424
311 410
334 416
356 417
380 420
401 417
425 418
445 424
469 417
494 419
516 420
538 417
562 416
584 417
607 410
628 416
651 417
674 417
699 417
268 421
290 418
311 418
332 411
355 419
375 421
400 418
420 425
443 425
464 418
486 418
507 418
530 421
553 425
574 419
595 421
620 418
641 420
662 414
685 411
280 419
300 419
321 423
345 413
365 419
387 413
409 426
431 415
452 419
472 413
494 419
515 426
535 419
559 413
579 413
601 419
621 419
644 413
663 413
686 413
281 424
305 417
323 417
346 421
365 421
387 414
408 414
429 421
447 424
470 423
489 421
509 421
530 414
551 414
572 414
593 424
615 414
635 417
655 427
677 414
292 423
312 422
332 418
352 425
372 422
394 422
413 424
433 422
453 419
473 422
495 416
513 416
533 425
556 418
576 416
595 423
615 422
633 424
654 416
676 418
297 425
316 426
335 424
356 420
374 423
396 424
414 426
433 419
453 417
474 423
491 417
512 417
531 425
550 423
569 417
590 423
611 424
628 417
649 426
668 417
302 420
322 424
340 424
359 424
379 418
396 424
416 418
435 420
454 427
474 418
492 418
510 424
530 418
548 418
568 427
588 426
607 424
626 418
645 427
665 418
