646 14
779 75
902 94
1018 116
96 20
237 73
376 47
505 69
630 89
744 135
846 156
922 171
1017 185
88 140
225 145
353 162
460 178
556 189
654 201
747 210
836 220
899 209
988 243
3 174
119 202
241 206
332 188
428 196
522 217
605 270
689 251
762 274
839 279
900 267
973 273
45 224
138 234
240 249
328 254
413 239
499 271
572 257
650 274
715 281
789 299
849 315
908 289
965 317
2 258
82 264
180 262
263 281
338 298
420 282
495 299
562 296
628 294
690 300
755 304
812 340
863 322
923 348
973 343
1019 328
12 287
94 304
181 300
263 319
328 333
405 298
467 333
538 338
598 342
655 340
712 344
763 366
819 350
861 339
918 360
963 363
1010 350
53 318
126 339
208 307
275 320
342 324
405 348
463 343
523 331
579 358
634 356
687 361
738 347
787 351
830 371
887 390
925 378
967 388
1010 368
70 356
135 331
206 356
271 334
327 337
388 358
440 360
497 348
553 385
598 380
650 360
702 386
746 397
788 389
833 390
874 390
912 379
956 400
993 405
23 350
85 363
144 375
209 361
273 373
323 368
378 380
436 359
485 370
536 366
582 392
628 387
673 390
720 393
756 381
802 384
840 401
879 390
916 391
954 400
990 403
40 356
99 362
165 358
216 377
270 385
323 374
376 386
423 380
469 377
518 400
567 403
610 398
648 408
692 396
730 405
771 408
813 416
850 418
884 414
915 423
954 418
984 420
1015 428
40 383
103 391
159 370
209 389
262 394
310 394
357 400
404 390
449 408
491 404
537 413
576 408
622 413
662 412
696 420
736 404
770 405
807 419
841 422
873 417
910 425
936 420
969 418
1004 431
22 388
75 391
132 397
182 399
228 399
279 402
322 417
369 405
416 408
457 410
499 417
539 415
579 417
613 425
656 426
689 422
725 424
763 426
796 439
830 417
861 431
892 438
923 427
954 435
981 426
1007 428
19 405
70 404
124 411
167 406
217 415
263 397
305 418
348 414
395 404
435 406
471 420
515 422
547 418
587 431
624 429
659 428
690 436
727 438
759 439
792 435
823 436
856 444
882 450
910 441
944 447
967 443
998 445
2 407
51 416
92 424
148 401
190 402
234 405
274 431
313 425
359 411
397 424
436 427
471 434
511 442
545 443
579 444
616 423
649 438
682 427
716 438
742 434
773 442
803 443
836 449
863 446
893 442
917 450
941 440
971 453
998 452
7 416
59 418
101 413
143 409
186 412
228 431
269 427
311 417
346 430
384 432
423 437
461 428
495 442
528 427
558 439
592 440
624 452
658 443
688 434
716 440
746 437
777 439
805 454
831 441
859 452
886 453
911 444
940 455
963 456
32 430
81 426
122 420
162 434
201 424
241 426
279 433
317 436
356 437
392 433
427 430
459 441
491 453
527 444
556 450
590 449
618 448
649 449
680 452
705 442
736 446
763 463
795 464
819 460
841 451
868 448
895 450
918 451
943 452
41 436
78 432
119 433
158 440
197 439
235 438
273 439
311 441
342 442
378 443
411 450
444 441
479 441
511 439
540 440
570 451
599 461
632 458
659 459
685 465
711 451
744 466
767 453
792 454
820 460
842 453
870 462
891 458
918 473
13 435
56 437
96 438
137 433
172 430
208 448
241 448
282 435
316 436
349 447
382 448
413 450
447 453
477 442
508 462
535 449
564 455
594 456
624 457
648 468
677 462
702 455
728 456
752 454
782 463
804 469
828 467
853 462
874 463
899 459
19 440
55 446
92 445
127 444
165 450
200 446
235 448
270 443
303 450
338 442
370 443
398 463
430 454
458 458
491 466
521 461
549 459
574 456
603 465
629 462
654 463
684 465
710 465
734 470
755 458
782 471
804 468
830 464
849 465
873 462
36 446
74 449
105 453
140 449
178 441
211 447
246 447
275 454
309 460
338 456
370 457
399 458
429 450
459 465
486 470
513 465
544 467
570 464
596 465
621 466
645 458
673 476
698 464
720 464
746 478
768 471
792 479
810 465
836 473
857 474
50 455
89 442
121 458
154 456
187 455
219 447
250 457
281 463
310 464
342 469
370 461
400 462
428 472
456 464
483 474
510 470
539 467
562 463
591 468
615 469
638 470
662 475
688 476
710 464
733 473
756 474
776 471
798 471
824 476
845 469
58 446
88 456
120 457
154 463
188 450
217 470
249 457
277 457
308 455
335 464
364 469
393 466
419 467
449 459
475 473
499 461
524 474
551 479
573 472
600 468
623 473
647 482
670 475
693 476
715 476
739 479
758 478
780 478
802 481
822 476
60 459
95 455
128 457
155 462
187 465
217 464
249 468
278 466
305 458
334 476
359 468
390 469
415 466
439 479
467 480
492 476
515 473
542 466
564 475
590 475
613 480
636 473
659 485
680 471
703 479
723 475
744 480
764 476
786 477
809 489
71 463
100 464
133 465
162 466
192 467
220 459
251 464
277 472
303 470
332 471
358 463
382 472
408 473
435 466
459 467
483 475
510 469
533 472
555 470
581 473
603 479
625 483
644 484
668 483
690 481
708 475
731 475
751 487
773 484
789 484
77 467
107 468
137 465
166 469
195 470
222 471
250 467
278 469
304 473
328 474
355 479
380 468
407 469
428 481
454 477
478 480
501 475
525 483
549 480
569 474
592 474
613 482
633 484
655 483
677 484
697 484
717 482
737 492
757 486
774 480
81 472
110 471
139 472
166 473
195 473
223 474
250 475
276 468
299 476
326 484
353 474
377 471
400 481
422 480
448 487
472 476
493 484
515 482
537 483
558 476
581 480
601 485
622 478
642 487
663 486
685 487
703 487
721 481
741 482
760 485
95 473
122 474
151 467
176 476
202 480
230 469
256 478
278 478
304 475
330 472
352 484
377 481
399 485
422 486
445 483
468 476
491 477
515 484
534 485
555 479
577 493
598 487
617 491
638 481
656 488
677 489
696 490
717 490
732 490
754 497
103 469
129 477
153 478
179 478
206 483
233 472
256 484
282 481
306 481
331 475
351 486
377 485
397 477
422 484
443 492
466 488
487 486
507 487
530 487
549 488
568 489
588 490
609 493
631 493
648 490
667 494
685 493
707 498
725 494
741 493
108 474
135 483
161 480
184 483
210 481
234 486
259 476
282 487
308 480
330 484
353 482
375 481
398 486
418 487
442 489
462 484
484 488
503 490
524 486
545 490
563 490
582 484
602 491
622 492
641 492
658 493
676 493
696 494
714 497
731 496
109 482
132 475
158 483
183 484
207 477
230 488
255 485
276 479
300 490
322 487
344 489
368 490
388 489
409 482
431 490
451 484
473 484
493 491
511 488
532 495
550 493
570 493
589 487
607 490
627 497
644 501
662 495
680 496
698 496
714 493
116 492
140 481
165 479
188 482
212 487
234 484
257 481
280 492
303 482
322 483
345 490
366 490
386 491
406 491
426 492
449 486
468 493
487 493
508 491
527 491
544 496
564 497
581 489
601 497
619 499
637 497
653 491
670 492
689 495
705 498
123 483
144 487
167 481
190 492
212 490
236 489
258 483
278 494
302 494
321 495
343 488
366 488
386 487
407 489
425 487
444 494
464 491
484 497
503 495
519 490
539 498
558 497
574 497
594 500
609 504
629 501
646 495
662 499
678 494
695 500
128 489
152 490
173 490
198 491
220 487
239 498
261 493
284 492
304 487
324 490
344 488
364 488
385 495
405 495
423 502
442 496
463 498
479 503
499 491
517 499
537 495
552 499
572 499
589 499
606 497
623 500
639 495
655 502
671 504
689 496
133 494
155 498
177 493
200 492
221 496
240 493
263 494
282 494
304 495
325 496
343 495
363 490
382 499
402 500
419 497
439 500
457 500
476 495
494 496
511 493
529 499
547 500
563 500
580 501
597 501
614 502
633 496
649 505
665 502
680 498
140 494
163 488
181 500
204 494
225 495
244 497
265 492
285 496
304 497
325 497
343 499
363 501
380 498
400 493
418 499
438 494
454 503
472 503
491 504
507 504
526 501
541 502
559 502
575 497
592 503
608 498
623 506
639 504
655 501
672 507
139 489
159 495
178 502
200 496
219 493
240 497
259 497
278 501
298 498
318 500
337 495
356 496
375 500
392 500
412 500
430 495
445 498
463 507
481 496
498 502
516 504
532 503
548 506
566 504
581 505
596 504
613 505
629 502
644 502
659 506
140 490
161 494
181 497
199 498
220 504
240 501
259 500
280 501
297 494
317 494
335 506
352 506
371 501
390 507
406 499
424 504
443 505
461 500
476 503
493 504
510 504
527 502
542 506
559 510
573 505
590 500
606 511
621 506
638 506
651 504
