553 43
743 44
984 41
44 143
199 164
357 141
515 143
698 142
869 186
33 171
158 181
290 181
430 203
556 226
688 207
824 206
963 245
99 223
215 242
329 261
435 246
544 210
664 262
772 250
883 276
983 227
39 288
139 257
234 283
336 274
434 258
528 288
616 256
720 274
810 281
905 246
999 289
19 311
99 297
183 272
263 284
349 282
430 284
516 297
599 302
691 310
761 304
853 272
932 273
15 296
84 316
161 318
236 323
302 303
381 316
462 339
533 295
605 296
674 295
759 339
825 305
902 328
975 317
39 331
111 335
177 312
241 337
315 337
373 331
442 342
510 331
575 321
642 331
714 330
780 340
845 341
905 312
979 312
49 343
114 326
165 362
232 326
290 325
350 343
411 344
474 343
532 353
590 335
651 325
713 349
773 326
835 344
897 353
953 343
15 353
66 370
129 353
177 352
236 352
297 335
348 352
406 361
457 356
513 353
571 356
625 336
684 353
741 361
798 336
854 361
908 353
961 344
0 365
58 346
106 376
158 351
209 361
261 354
316 352
363 361
415 377
466 376
522 346
571 352
625 369
671 351
725 369
778 361
829 352
882 369
928 346
26 353
76 371
121 368
172 367
220 367
271 353
313 382
363 382
414 367
459 382
507 367
556 353
603 370
653 359
698 359
752 367
795 367
848 375
895 360
17 374
58 378
104 387
152 374
194 374
239 366
286 360
327 380
370 380
421 374
463 360
510 360
554 380
599 374
641 365
688 366
733 367
774 374
822 380
866 374
60 371
100 382
147 379
188 366
228 373
270 379
314 379
359 372
397 379
439 366
485 366
524 379
566 379
611 385
651 379
694 379
737 379
778 372
821 366
862 367
74 383
115 389
154 383
199 371
233 376
273 383
316 376
356 376
395 395
436 371
477 385
517 371
552 389
593 371
635 387
677 395
716 371
757 383
792 383
834 371
94 376
130 375
165 387
202 398
239 393
280 376
319 393
358 376
393 375
431 389
470 399
507 387
549 390
583 380
623 387
661 375
698 387
735 387
772 387
813 387
115 394
151 391
189 393
225 396
261 396
296 380
333 386
369 391
406 380
438 384
476 380
511 384
548 380
582 380
621 391
653 391
695 402
727 391
764 384
798 391
133 400
170 395
204 389
236 388
271 405
306 398
340 394
374 398
408 389
442 398
476 389
511 384
543 395
577 384
613 397
648 394
682 395
715 395
747 395
785 394
161 401
197 398
227 407
258 401
293 407
327 388
359 388
388 388
420 398
455 408
488 398
519 408
554 398
584 402
618 392
651 403
684 403
714 393
749 407
779 408
171 405
202 400
233 400
268 395
297 400
331 396
360 400
389 400
422 410
452 391
483 396
517 400
548 400
576 400
606 391
640 391
670 405
700 391
734 401
766 400
180 407
214 398
242 403
271 394
300 403
329 403
359 403
390 403
417 403
447 407
478 403
507 403
537 399
568 403
598 412
626 412
659 403
689 403
715 408
745 412
203 407
229 405
262 405
288 401
318 410
344 410
374 405
401 410
430 414
459 414
489 414
515 414
546 397
575 410
601 414
630 410
660 405
687 414
715 400
745 405
207 412
236 409
262 412
290 407
317 408
345 410
370 407
400 416
429 407
452 407
483 416
508 412
539 402
565 412
593 410
619 407
648 399
673 412
701 416
727 399
226 404
251 410
278 409
305 401
331 412
360 405
386 413
412 406
436 412
465 405
489 405
518 411
542 409
572 405
595 409
625 409
649 413
676 409
702 401
730 417
230 411
257 411
280 407
308 411
331 415
357 411
386 403
408 411
435 411
461 413
486 415
512 411
535 411
563 411
589 413
612 403
641 415
666 411
688 411
715 411
240 416
266 413
293 408
317 408
342 413
367 408
392 413
417 420
440 413
464 420
489 420
515 405
538 405
564 413
587 416
614 415
637 413
663 408
688 413
713 409
247 418
270 410
294 407
320 414
341 414
368 407
389 418
413 415
436 422
460 417
485 407
511 416
532 415
557 414
580 414
604 407
630 411
654 410
675 407
701 415
257 423
280 419
301 419
324 409
350 416
372 417
397 412
417 423
440 409
466 416
486 419
512 416
532 417
557 416
581 416
602 416
626 409
649 416
674 416
697 416
263 419
285 417
307 418
328 417
353 421
373 419
398 417
421 417
441 417
465 417
485 421
507 417
532 421
554 424
575 417
599 417
622 417
644 417
667 417
688 424
278 422
300 422
322 422
344 420
364 419
384 425
408 425
429 422
450 425
472 419
495 415
516 419
537 412
558 419
580 415
603 419
623 415
646 419
668 419
689 425
276 426
298 413
317 420
339 414
361 420
382 420
403 414
425 416
446 420
465 421
487 420
509 413
530 420
550 420
570 417
592 416
613 414
635 420
656 420
674 414
287 417
307 424
325 417
348 417
366 422
386 427
407 421
428 417
448 423
469 415
489 421
510 421
531 421
552 421
571 421
592 421
611 424
631 415
653 421
673 415
293 428
313 422
331 422
351 425
372 422
391 424
412 422
432 422
451 428
470 422
492 422
512 416
530 422
550 422
570 422
591 424
611 428
630 422
649 419
668 416
298 426
320 423
338 423
357 423
377 423
395 423
415 423
435 423
453 423
473 426
491 426
510 426
532 420
550 420
570 429
588 423
606 425
628 418
645 423
665 423
303 424
319 424
338 430
358 424
377 419
396 419
415 427
433 426
453 427
471 427
490 430
508 424
526 419
546 422
565 421
582 424
603 424
621 421
641 424
658 424
