875 61
1006 46
230 20
412 11
550 83
673 66
808 106
918 145
106 92
239 146
382 106
519 159
633 168
737 155
853 202
931 217
114 143
243 162
368 197
470 228
575 207
659 263
759 245
836 243
930 290
1008 293
11 238
132 232
229 257
333 274
433 270
525 251
616 262
700 300
768 308
850 316
917 322
978 307
22 295
131 286
242 292
332 301
420 310
501 329
575 325
645 332
724 340
796 367
855 330
913 337
974 362
97 300
188 325
266 331
343 317
421 330
494 337
569 356
631 373
695 369
759 374
822 399
874 386
929 398
978 374
31 339
106 345
196 352
272 335
339 349
413 366
479 383
539 379
602 363
665 398
721 396
776 414
822 392
882 405
933 409
979 422
27 366
104 387
184 383
252 388
323 371
385 394
452 393
512 387
571 410
622 394
680 409
728 417
777 400
825 429
875 423
918 427
968 433
53 366
121 394
190 404
257 398
318 384
373 397
433 400
486 405
542 417
594 424
649 433
689 432
742 415
784 419
833 422
871 426
914 443
17 394
88 406
149 393
208 412
267 418
327 425
377 413
432 427
487 447
536 418
582 422
626 425
678 457
718 437
762 455
803 450
840 440
880 449
15 433
80 412
138 424
200 431
254 416
305 439
362 442
406 439
456 450
505 445
550 440
594 450
642 452
683 461
723 464
757 447
801 449
841 471
5 415
62 434
118 436
175 425
218 457
276 431
325 433
371 450
417 453
465 455
506 465
547 453
590 449
632 468
670 454
710 469
748 477
782 472
822 480
10 427
61 445
108 462
167 450
212 452
263 454
314 443
355 459
399 469
440 466
482 466
525 471
563 457
604 472
643 480
681 464
717 484
751 480
784 475
24 457
81 442
125 472
176 452
220 463
266 459
314 459
353 469
394 484
435 485
479 463
515 469
555 484
588 473
626 488
662 483
696 478
731 493
760 478
31 449
81 468
123 466
174 468
216 470
263 460
298 486
341 488
384 477
421 491
459 481
497 472
532 487
569 479
601 481
640 489
669 490
705 498
736 488
2 469
43 475
90 485
137 475
178 477
220 472
264 468
299 487
337 489
380 485
415 475
453 477
488 495
522 491
554 486
589 488
621 490
650 497
684 503
713 500
32 470
71 482
119 481
160 471
197 479
236 486
277 488
317 483
350 491
387 481
425 483
456 495
490 497
525 503
556 499
588 500
619 501
649 497
679 494
708 496
32 484
74 491
114 487
160 478
193 483
230 491
270 486
306 488
340 506
377 487
411 500
444 490
473 506
506 492
539 506
571 515
600 496
630 507
656 508
686 500
42 479
81 480
116 492
151 504
188 501
228 486
264 503
301 489
332 490
365 504
398 513
431 504
465 508
493 501
525 508
555 499
583 510
611 511
638 512
668 513
51 499
89 497
128 501
164 505
200 506
234 492
268 499
302 505
337 496
365 501
398 499
428 504
459 501
487 502
519 513
544 514
577 524
601 516
630 511
654 518
60 507
98 503
134 499
167 499
200 516
235 511
268 508
299 513
332 506
362 515
392 508
423 505
449 515
479 507
508 519
536 518
563 519
589 520
613 521
642 521
80 510
118 509
148 519
179 513
215 521
249 503
280 504
307 505
335 516
366 526
397 518
424 527
454 519
480 524
508 516
534 527
561 527
585 520
612 533
635 534
83 516
115 512
148 513
183 509
212 516
246 512
274 518
301 518
332 528
360 511
388 517
418 522
445 523
468 523
494 516
522 517
547 530
571 519
597 528
622 528
83 520
121 511
150 517
180 510
209 519
238 520
267 521
297 522
322 523
350 528
379 524
404 525
431 522
458 527
483 536
507 536
534 529
559 530
580 535
604 539
102 521
130 521
163 522
191 518
221 528
247 528
276 525
302 530
329 535
357 535
384 536
407 537
435 522
460 534
483 539
508 536
533 532
555 541
578 529
601 535
100 527
131 526
157 529
188 525
215 526
243 529
268 528
297 537
325 529
347 530
375 539
398 535
426 528
449 537
473 536
495 534
520 527
541 539
563 544
585 530
115 521
141 527
170 528
199 521
224 532
253 526
279 535
305 528
327 535
355 529
377 529
403 536
426 535
452 531
472 536
498 537
518 541
541 538
562 532
585 547
114 529
143 530
168 527
196 532
220 536
246 533
275 526
297 534
323 535
347 537
371 540
395 537
417 537
442 538
465 540
485 532
509 543
530 541
549 541
571 542
120 536
148 533
177 529
203 530
228 535
253 531
278 536
301 544
325 537
347 545
371 546
396 532
417 533
439 541
460 545
483 544
504 542
526 539
547 543
568 540
122 539
148 531
174 529
200 537
222 538
249 531
270 543
294 540
317 547
340 543
364 534
388 543
407 542
431 543
451 543
473 537
495 541
516 541
534 539
555 546
128 545
154 542
176 543
202 532
227 540
250 542
275 537
295 549
318 535
343 543
362 547
387 544
405 546
428 545
450 545
468 546
490 540
510 547
531 547
550 548
131 542
155 541
179 542
202 542
227 546
248 544
273 544
296 544
316 545
339 545
358 549
380 546
402 550
422 554
442 548
463 548
484 549
503 549
523 550
541 556
143 546
167 547
190 547
214 546
235 545
255 552
279 553
300 550
321 553
343 548
365 544
385 549
405 543
424 549
444 546
464 550
483 547
503 551
522 552
540 558
137 552
163 538
183 546
206 540
229 547
250 547
272 541
295 544
315 549
334 550
356 550
377 544
396 551
415 551
433 548
453 548
472 546
492 553
510 553
526 548
146 543
168 551
189 544
212 545
231 550
251 556
273 550
295 546
314 553
336 545
355 552
375 552
395 552
415 553
432 553
452 554
469 557
487 549
506 555
524 550
149 555
171 549
192 550
212 553
235 551
254 553
275 552
296 552
314 559
334 553
355 553
375 548
392 554
411 555
430 555
449 557
467 562
484 556
501 554
518 551
152 554
176 551
196 552
215 552
237 553
255 553
277 554
296 554
314 554
334 558
352 558
371 558
392 553
409 553
427 563
444 557
461 559
480 552
496 558
513 559
155 553
172 553
192 560
214 554
235 548
255 549
274 558
292 557
312 559
330 559
349 562
366 557
384 552
403 555
421 555
437 559
456 559
472 556
490 560
506 560
