166 70
372 55
808 75
1012 50
34 206
212 189
382 169
543 207
693 160
876 187
118 269
253 264
384 269
521 286
656 293
806 306
918 298
88 364
195 335
313 355
436 390
546 325
656 329
760 327
900 390
994 338
24 379
111 415
220 414
308 405
411 421
511 405
607 390
707 405
815 402
915 417
1013 417
9 471
116 421
198 417
280 442
369 445
459 444
544 459
626 433
711 418
805 451
885 419
979 445
42 470
125 470
214 447
283 470
364 484
437 476
516 472
597 477
671 448
756 472
838 483
913 448
998 485
27 482
95 495
169 486
245 483
308 496
379 518
450 517
528 475
594 483
671 506
733 482
810 506
881 494
950 482
51 512
116 513
189 494
240 533
310 534
380 512
442 532
507 513
574 494
638 517
705 502
765 502
841 513
899 513
973 524
30 531
87 531
149 520
213 511
264 539
323 539
392 530
448 511
511 511
571 539
630 530
686 518
749 520
810 521
866 531
932 539
989 531
29 544
86 526
139 536
192 545
251 544
311 534
361 544
418 527
478 527
529 544
585 545
646 553
699 543
756 544
812 544
865 535
921 526
975 527
42 555
105 539
149 545
199 554
257 545
309 546
415 539
467 558
520 539
567 563
620 539
676 559
780 538
836 554
882 556
934 539
18 548
61 564
213 550
314 549
359 549
407 567
508 565
561 569
606 556
658 565
706 549
756 564
805 564
852 565
906 565
236 560
282 568
378 560
418 566
467 560
512 566
560 561
603 561
839 566
513 569
597 569
