3 107
84 117
172 111
300 48
419 74
560 41
711 68
78 192
164 186
246 179
345 170
437 160
546 151
672 107
37 239
102 259
173 230
242 238
319 208
402 199
486 219
590 214
692 206
30 289
95 267
142 294
206 292
268 299
339 253
416 248
482 253
578 288
663 234
760 253
38 307
89 305
137 296
185 321
246 311
302 289
360 286
425 310
505 312
577 299
659 308
738 317
31 325
71 330
117 338
165 354
211 336
265 335
319 334
373 351
429 313
493 330
561 329
631 327
707 329
782 302
32 351
69 365
105 357
148 342
194 348
241 356
287 346
338 371
389 354
441 371
501 361
565 352
621 340
689 350
759 353
35 374
74 360
110 374
145 387
189 380
228 373
274 373
314 364
359 365
406 372
461 372
510 372
570 377
622 363
683 371
746 362
9 387
40 389
69 387
102 387
142 389
177 387
210 394
252 390
290 401
331 401
375 373
421 388
468 373
513 373
565 388
621 379
676 372
733 397
788 380
17 386
44 386
74 398
105 400
134 387
168 399
202 399
235 403
274 387
313 400
352 400
393 387
433 387
473 393
521 387
570 402
618 407
667 394
719 403
776 388
26 396
54 401
79 410
110 418
140 408
167 403
202 397
236 413
266 421
301 398
336 414
372 399
413 412
453 406
494 400
531 417
579 413
622 406
666 401
719 407
769 416
1 414
28 405
56 405
76 421
104 410
133 416
160 417
190 417
223 418
249 424
285 408
314 419
348 409
381 432
421 409
458 425
493 422
533 426
574 427
617 418
658 425
705 433
747 427
5 430
29 426
56 422
80 413
104 423
130 425
155 414
185 419
209 427
238 416
267 426
297 416
326 428
358 422
392 429
427 419
460 430
494 431
533 432
570 433
611 445
650 436
689 423
734 438
779 437
12 419
33 437
56 424
77 429
104 424
129 425
152 431
177 436
203 426
229 432
258 424
282 434
314 425
342 425
375 436
405 430
437 438
470 438
504 443
542 440
575 441
610 430
687 443
727 437
13 433
33 435
56 426
76 435
99 444
121 440
149 437
219 430
244 439
271 443
355 442
383 443
416 434
478 445
508 436
613 444
13 440
34 439
54 439
74 435
96 444
117 441
140 442
160 442
185 438
208 445
231 440
389 440
418 440
2 435
22 438
60 444
81 437
161 439
204 440
230 441
323 444
376 445
116 445
