89 20
264 19
438 9
609 14
44 72
153 123
310 76
428 109
564 112
688 91
97 159
219 161
325 175
424 176
543 189
644 193
761 191
60 185
142 197
231 207
328 168
413 203
508 221
602 182
697 222
783 195
45 223
112 245
198 222
270 210
355 223
431 210
502 223
581 246
657 246
737 224
68 240
137 242
202 240
278 241
338 228
408 229
483 240
547 251
618 230
685 241
752 241
39 239
99 240
165 258
225 258
281 257
339 257
407 240
469 257
523 257
583 257
651 265
713 256
766 258
38 254
87 286
139 270
200 270
254 261
306 254
359 269
414 278
470 270
522 275
580 270
637 286
688 278
740 261
792 270
17 272
58 295
111 280
164 271
211 271
263 295
311 272
356 287
410 280
458 266
506 280
558 271
603 281
658 265
706 280
756 288
37 288
79 288
123 288
169 288
212 279
261 288
307 295
350 274
397 295
443 295
493 275
540 288
585 288
630 288
673 274
717 288
762 279
14 298
54 294
105 283
143 295
185 288
231 295
271 282
316 295
354 299
395 294
438 301
486 301
526 297
565 297
609 297
652 301
694 308
738 282
778 282
11 301
49 313
93 304
126 307
171 289
211 290
247 289
289 290
323 301
368 290
404 307
446 289
484 307
524 302
560 301
601 290
641 301
679 307
720 295
759 301
4 307
39 312
80 296
115 312
149 312
188 307
223 300
259 307
296 313
332 296
371 318
405 307
441 318
477 307
519 310
550 301
587 310
625 296
660 296
694 296
736 307
773 310
28 305
64 307
92 322
129 312
160 317
200 307
233 312
267 312
302 302
337 307
370 314
404 317
436 301
473 312
505 322
540 314
575 301
607 301
643 317
677 312
712 322
747 317
776 314
20 311
47 316
83 319
114 316
145 307
181 307
212 307
242 316
271 319
305 307
335 307
367 306
401 307
432 321
464 316
498 311
528 326
561 326
593 316
625 316
656 316
689 316
722 326
751 321
788 326
14 320
44 320
72 321
106 319
135 320
164 319
197 319
228 319
258 324
287 320
317 310
348 320
376 329
408 324
441 320
468 310
501 329
531 329
560 314
589 314
619 315
650 314
680 310
710 314
745 322
774 320
2 325
34 323
59 325
91 326
115 327
148 318
177 328
205 315
232 318
263 323
289 328
319 323
347 314
377 332
407 323
434 332
462 326
489 319
520 323
545 315
578 332
603 315
635 325
662 323
691 323
721 326
745 318
780 332
19 326
46 326
72 334
102 334
131 330
158 318
186 321
210 330
238 326
264 330
292 326
319 330
348 321
376 326
403 326
430 318
459 326
485 326
510 330
541 326
567 326
595 322
622 327
648 330
674 328
700 318
728 328
759 330
10 329
33 329
61 329
89 333
116 329
139 321
165 321
191 329
216 333
242 329
269 333
294 333
320 329
346 324
375 329
399 333
424 329
453 337
476 321
502 321
528 329
554 321
582 329
607 333
634 329
659 321
686 321
712 329
736 329
24 335
48 327
75 331
101 333
126 323
150 331
175 323
200 332
225 332
250 326
273 331
300 339
323 331
347 323
372 335
399 331
422 323
450 335
474 331
497 333
522 323
550 332
571 323
597 331
622 331
647 323
671 331
696 331
721 326
18 340
46 329
68 340
93 329
115 333
140 333
164 329
190 333
212 333
236 326
259 334
283 340
306 333
332 333
356 326
377 326
402 337
428 326
450 333
475 326
498 333
522 326
548 335
570 337
594 333
617 326
642 340
666 335
689 334
712 329
36 339
60 338
83 335
105 331
129 337
151 335
174 335
196 328
221 328
242 335
264 335
287 336
312 335
336 332
358 335
380 337
404 342
427 335
450 328
473 339
494 335
518 328
540 338
564 338
586 335
609 335
633 339
655 339
676 328
700 335
50 340
72 333
93 337
115 337
138 330
160 337
181 337
202 337
226 338
248 337
269 334
290 339
313 337
337 330
357 338
379 330
403 333
424 337
444 333
469 340
489 337
512 337
532 337
557 337
577 337
598 337
619 337
642 330
666 339
687 330
64 339
87 345
107 332
127 345
150 339
171 338
192 342
216 335
237 339
254 340
276 338
298 342
320 335
341 340
362 338
383 340
405 339
425 335
446 342
469 340
489 335
511 340
532 332
554 339
575 339
594 335
615 339
636 335
659 335
680 342
78 334
98 336
119 337
140 334
158 343
179 346
200 337
219 342
240 340
260 340
283 334
302 340
324 340
342 346
364 342
384 343
403 334
424 340
446 334
465 342
485 340
506 343
528 334
546 334
567 336
587 346
608 341
627 340
651 343
669 340
82 338
103 345
122 341
142 336
161 338
182 348
201 342
219 338
241 348
261 341
281 338
300 338
319 335
341 342
358 341
377 345
400 339
419 345
438 338
459 341
478 342
497 335
516 341
538 341
557 345
577 341
594 345
615 342
635 345
657 338
98 349
120 340
138 337
156 343
176 340
194 343
212 340
232 349
251 343
269 340
289 340
309 343
329 337
347 343
364 337
385 340
403 346
423 343
440 343
460 343
480 337
499 343
516 344
537 349
556 343
574 343
594 349
611 340
631 337
651 346
105 341
124 339
145 344
161 339
181 347
197 341
216 347
237 341
254 344
273 344
291 344
307 346
326 344
345 345
362 345
383 339
400 347
418 347
439 344
455 344
474 350
492 344
512 339
528 344
548 342
567 347
583 344
604 344
621 346
640 344
113 343
131 345
148 348
168 340
185 345
203 346
221 351
238 340
256 346
274 345
292 342
310 347
328 340
346 345
363 340
383 345
398 347
416 348
435 340
454 345
471 345
490 348
506 348
524 347
541 345
561 345
578 348
596 345
614 348
631 345
123 349
140 341
159 346
177 341
193 349
211 348
229 343
245 349
263 343
279 352
299 341
315 352
333 346
350 341
366 341
384 343
401 349
419 344
435 344
453 341
472 347
488 341
507 348
523 343
539 346
559 346
575 348
591 352
609 347
626 346
128 350
145 342
160 349
178 348
196 345
212 342
230 344
247 343
262 348
280 343
297 343
312 349
330 353
346 348
363 342
380 349
396 348
414 348
429 343
447 349
463 342
480 342
497 342
514 348
530 342
547 348
563 348
581 343
599 353
614 349
143 344
158 351
176 349
192 349
208 349
225 354
239 349
256 344
273 354
287 354
306 349
322 349
339 346
355 349
370 349
387 349
404 346
418 349
436 344
452 349
467 351
484 349
500 349
518 354
532 344
549 349
566 349
582 349
600 354
614 349
151 350
166 352
181 347
197 345
213 347
227 350
245 351
261 352
277 345
292 354
309 347
325 350
340 350
355 345
371 351
386 351
403 345
417 354
433 350
449 351
466 347
482 345
498 352
514 345
529 351
545 350
560 351
577 354
592 350
608 350
157 346
170 353
186 353
201 346
218 350
232 350
248 353
263 350
278 352
294 350
310 350
325 348
340 351
356 348
371 352
385 350
402 350
418 350
432 348
447 348
464 352
480 352
493 346
510 348
524 350
542 351
556 350
571 350
587 351
603 353
162 347
177 354
192 354
207 349
223 351
237 347
252 348
267 347
281 347
297 347
313 349
326 354
342 347
357 351
373 356
387 351
403 347
418 351
432 347
448 354
463 356
477 347
493 354
508 348
522 351
537 354
552 349
567 347
583 347
597 349
