45 130
184 93
293 101
423 108
542 97
652 116
776 79
40 144
137 176
236 173
334 202
433 176
542 201
636 145
738 174
76 203
155 228
248 241
334 230
419 203
512 228
596 205
687 229
767 215
47 252
118 274
190 261
273 261
338 275
419 262
496 274
569 251
642 252
711 251
13 311
90 295
155 286
214 312
287 306
348 306
423 306
489 307
557 313
621 294
690 294
755 286
44 333
95 332
166 336
222 323
280 351
344 351
405 332
467 315
530 342
585 342
655 336
708 333
773 338
15 354
68 363
125 371
182 354
240 337
300 337
352 357
404 363
468 354
517 354
571 354
634 354
684 354
741 354
3 372
50 363
107 356
151 363
206 357
258 363
311 372
357 372
407 357
464 380
509 380
563 372
611 377
666 372
713 357
769 356
22 392
73 379
115 388
160 388
207 395
256 373
303 373
352 388
395 373
441 373
493 388
540 379
582 388
629 388
680 392
727 395
776 402
3 414
49 401
90 401
139 394
181 393
226 401
264 401
314 401
356 393
396 394
443 405
481 401
526 387
571 401
612 401
656 407
700 401
746 414
786 407
2 418
44 406
89 399
127 412
164 412
208 418
246 399
286 414
330 404
368 399
406 412
448 399
487 412
530 412
568 414
611 412
650 418
689 412
728 406
768 399
22 416
56 422
95 422
134 416
169 410
206 428
244 434
283 422
325 422
362 425
396 415
436 422
471 422
510 422
549 424
586 428
626 415
663 434
701 422
736 410
775 422
15 437
50 431
84 425
124 431
159 434
193 424
229 431
268 424
305 419
336 433
373 425
409 420
445 420
479 431
517 442
552 431
588 431
622 419
660 434
696 433
734 437
766 431
28 439
60 439
126 428
159 444
197 439
231 444
264 439
297 439
332 428
366 439
402 433
431 439
469 428
499 439
536 433
568 428
637 444
671 428
706 428
740 442
770 428
15 440
78 436
399 436
496 440
527 436
654 436
689 441
225 442
282 442
465 442
