105 94
326 50
538 42
748 72
951 78
50 143
224 166
366 188
527 117
686 168
840 192
1010 168
50 192
175 192
302 187
430 247
548 204
690 247
813 226
934 186
98 281
219 269
325 268
423 300
535 265
639 238
760 268
864 267
979 234
79 269
170 306
261 296
362 298
454 268
548 268
637 298
747 324
836 297
924 310
27 320
118 297
202 346
280 334
368 298
453 333
535 347
610 328
696 326
779 321
858 298
949 330
5 349
87 316
162 326
236 316
306 349
381 339
455 339
536 339
600 317
681 316
753 339
829 317
900 316
975 327
63 354
127 342
192 334
255 363
331 364
397 353
458 364
527 343
592 353
662 353
735 363
802 363
867 353
928 364
1003 353
23 366
83 371
143 354
204 375
264 366
329 375
386 366
453 369
515 365
569 375
637 347
692 347
754 365
818 366
875 356
943 365
994 355
25 375
72 392
131 374
194 375
247 375
307 380
363 375
421 375
470 384
533 383
587 375
644 375
704 375
759 392
818 358
873 375
928 383
986 365
39 368
87 391
140 383
202 368
253 368
298 383
356 383
403 376
459 392
512 387
563 383
613 392
671 392
722 392
775 383
827 383
884 392
930 400
981 384
37 377
82 406
129 396
185 377
231 391
281 392
325 399
380 407
425 406
473 406
526 377
573 394
623 377
673 391
716 383
765 391
813 391
867 399
914 392
965 384
1008 394
15 385
59 405
105 398
154 384
196 399
241 398
290 403
336 390
381 405
424 384
467 399
512 398
557 412
607 398
651 385
693 390
739 384
788 385
832 405
876 385
922 398
969 399
1012 384
11 410
54 396
98 396
139 404
184 404
229 404
272 397
316 391
355 404
394 417
442 404
481 410
526 408
567 404
611 404
655 407
693 391
739 396
781 417
829 417
870 411
906 396
950 391
996 391
28 415
71 411
111 409
152 408
195 409
231 409
272 408
314 415
352 402
395 401
438 396
477 397
516 409
554 421
599 415
638 415
676 421
715 401
762 421
798 401
838 401
883 409
918 397
963 408
999 401
25 406
62 401
100 419
135 419
180 401
218 401
254 413
294 413
332 413
370 415
409 401
447 424
483 406
521 413
562 413
601 413
636 425
676 416
713 406
752 406
787 401
833 413
867 419
905 415
944 407
980 407
32 416
71 422
106 416
145 417
182 410
217 416
257 405
294 405
327 428
364 416
400 419
439 428
477 420
514 417
547 411
584 422
621 417
655 417
697 419
734 416
769 422
801 406
842 422
876 416
916 410
948 410
987 405
27 426
61 420
99 409
133 415
170 414
202 420
239 426
271 420
306 420
341 420
377 410
414 426
446 431
480 423
518 425
553 420
587 420
622 420
654 410
692 431
728 415
759 414
796 431
831 420
866 431
896 410
935 420
969 420
26 413
56 428
89 425
122 423
155 413
188 423
220 428
253 429
287 433
320 424
355 424
386 433
420 423
453 434
487 428
524 423
553 418
590 423
623 424
653 423
686 428
723 428
754 413
787 423
821 423
851 418
884 417
923 423
956 413
11 417
40 427
70 427
105 432
137 417
168 436
201 422
230 421
264 417
294 427
324 431
359 427
389 427
423 417
455 431
484 417
515 431
550 436
578 427
613 421
643 427
675 436
707 427
739 427
769 427
804 429
832 427
865 426
897 429
928 422
24 429
57 424
89 425
115 429
148 431
177 429
211 432
242 429
269 420
302 439
330 429
365 429
393 425
421 438
456 439
484 434
513 429
546 420
574 429
608 429
637 434
667 424
699 439
728 420
760 429
788 424
819 429
849 424
879 424
914 439
47 432
73 432
105 432
134 432
163 432
192 423
224 426
251 434
278 432
309 432
338 423
365 432
395 432
425 423
454 423
482 432
516 423
543 426
571 423
603 426
632 432
662 436
687 436
719 434
749 431
774 423
807 423
835 436
866 432
892 432
64 434
92 434
120 430
148 434
178 434
203 434
233 429
261 430
289 434
315 434
345 438
372 426
402 426
427 438
456 434
485 436
513 429
542 439
571 434
597 426
626 426
654 434
680 436
708 434
739 434
766 434
794 430
823 443
850 434
876 426
77 438
103 436
132 436
158 436
186 436
214 436
242 436
268 428
292 436
321 445
351 432
377 428
404 438
428 436
458 444
485 431
511 439
537 436
565 436
590 428
619 431
645 436
672 428
698 438
725 436
756 436
781 436
806 428
834 428
861 432
98 438
123 438
152 430
175 438
201 442
228 430
256 438
278 438
305 434
332 430
357 442
385 438
409 442
435 442
461 438
488 430
516 430
543 438
566 438
593 430
620 446
647 438
670 442
699 430
722 438
750 438
776 438
804 438
827 438
857 446
114 432
138 440
161 440
187 440
213 444
240 432
263 444
290 440
314 440
342 432
363 444
392 442
414 432
441 440
465 448
492 442
516 440
541 440
568 440
591 440
615 440
640 442
666 444
694 444
716 440
742 444
767 442
796 448
821 442
843 440
126 437
152 446
176 442
198 444
223 442
248 445
273 434
296 445
323 438
346 442
372 438
395 437
421 442
443 442
470 444
493 437
518 442
542 443
567 438
591 442
614 442
638 434
663 442
688 442
713 442
736 442
760 442
785 442
811 445
834 444
136 444
157 436
181 443
206 444
229 436
251 447
277 444
297 436
322 447
345 443
369 446
394 446
417 444
440 436
465 444
487 436
512 436
535 443
556 439
582 447
604 444
629 443
653 436
675 439
701 447
723 451
746 444
770 444
794 443
815 439
150 452
171 442
196 438
218 441
241 445
262 442
286 438
309 449
332 438
353 438
377 445
399 445
421 445
444 445
466 445
490 438
512 445
535 445
559 442
582 442
603 447
626 447
647 438
673 447
695 449
718 445
739 438
761 438
786 441
808 445
162 442
181 447
203 440
225 450
247 448
271 447
292 440
313 450
337 450
358 450
379 442
404 442
426 440
448 443
468 440
490 447
512 442
535 449
558 447
577 440
601 448
624 447
644 447
668 450
688 453
712 450
734 443
755 447
775 440
799 447
173 448
196 448
215 448
239 448
260 444
279 455
301 449
325 448
344 442
366 444
386 441
407 441
430 448
452 448
472 454
493 448
517 449
536 455
559 441
579 449
602 444
622 448
645 448
666 448
687 445
709 448
729 441
750 450
771 451
794 441
182 452
203 456
224 450
245 449
266 452
285 449
308 449
327 449
349 449
371 450
390 449
411 443
431 452
454 452
472 449
493 452
514 451
535 445
557 446
576 443
597 449
619 449
638 449
659 449
680 449
702 449
724 443
745 452
766 449
786 443
195 452
216 444
234 457
255 450
276 450
294 452
315 447
335 450
354 450
376 451
396 452
416 454
435 450
455 444
476 451
497 444
516 454
536 454
558 454
576 454
598 451
617 451
638 450
657 444
678 450
698 444
717 454
737 451
757 447
779 454
199 446
217 452
236 458
255 451
274 449
294 452
314 452
333 455
353 452
373 453
393 448
413 448
433 452
452 452
473 452
492 446
510 448
530 458
550 446
569 452
590 453
609 452
628 455
649 451
667 453
687 452
707 451
728 448
746 448
766 452
203 447
223 450
242 452
260 453
280 458
299 455
318 454
338 454
356 447
376 447
395 458
413 458
432 453
453 458
471 449
490 454
511 455
530 449
548 453
568 453
587 453
606 450
625 454
644 458
662 453
682 447
702 458
720 453
741 453
759 449
