28 0
333 6
431 12
628 3
71 100
160 99
252 104
325 111
419 81
496 103
582 79
673 120
751 82
46 162
123 169
186 180
260 161
336 176
406 161
479 176
546 168
625 180
701 158
775 177
22 233
85 241
155 220
215 234
287 213
344 230
414 215
477 213
549 233
609 223
679 231
744 232
6 278
50 294
116 295
177 260
232 277
295 281
351 295
414 287
471 279
530 278
593 260
656 285
713 278
763 261
24 315
85 306
134 319
189 307
242 319
297 316
346 316
406 331
455 318
509 300
562 301
619 315
671 314
720 307
781 319
24 331
68 346
118 332
173 332
214 347
264 354
313 351
361 331
412 351
459 333
508 347
559 339
609 355
657 346
700 332
759 355
1 378
39 387
93 374
131 373
180 359
224 374
268 373
318 374
359 367
405 374
452 373
495 374
541 374
580 359
625 360
673 373
719 360
767 374
26 389
64 395
109 387
150 402
194 399
234 382
275 395
316 395
357 408
399 395
443 395
484 387
531 409
566 382
610 395
655 394
698 395
742 398
782 402
20 415
58 421
101 415
140 407
178 407
217 403
258 415
292 415
331 428
371 421
414 418
450 417
491 421
529 402
566 402
605 415
646 415
682 407
726 421
760 402
6 420
40 425
82 420
113 432
149 432
186 432
220 420
260 432
293 432
330 420
366 432
400 425
441 432
475 438
512 421
545 420
583 438
625 444
657 432
690 425
729 425
759 421
39 436
307 436
477 436
511 441
543 436
779 436
