66 7
430 4
623 31
46 124
178 112
324 128
456 109
583 127
730 163
75 199
201 201
302 180
416 186
541 199
649 215
757 188
34 262
128 264
216 259
307 258
413 237
510 259
595 258
690 258
10 302
101 303
184 290
263 280
340 301
423 315
508 301
585 311
672 302
765 324
60 321
127 319
200 355
274 322
337 344
416 332
486 314
557 333
631 319
697 335
774 311
7 357
74 357
136 344
204 356
268 367
331 336
398 366
463 366
532 339
601 356
666 356
730 356
786 338
43 375
103 365
166 377
223 357
284 375
337 382
394 374
455 384
522 384
578 378
632 379
694 379
756 385
24 400
89 376
144 377
194 377
250 377
296 393
358 377
407 402
464 376
517 402
572 394
621 392
675 377
732 393
785 402
16 415
61 415
116 408
164 398
210 407
261 415
311 393
362 423
408 408
457 423
505 408
562 412
603 399
655 411
704 392
750 392
41 421
81 427
137 413
179 420
224 420
272 406
317 413
362 423
407 427
449 406
498 420
543 435
588 423
633 405
675 405
726 427
771 419
25 430
68 418
115 418
156 418
193 430
231 435
277 418
317 418
358 417
403 418
444 437
486 430
529 423
571 444
614 444
655 431
697 430
738 431
781 431
18 438
56 439
93 439
136 438
177 438
216 445
254 439
293 426
333 439
412 445
455 439
489 426
609 431
646 431
686 432
726 432
764 427
77 440
150 436
185 440
333 435
516 441
588 436
662 436
93 442
439 443
784 443
