297 21
1014 42
37 82
198 157
389 184
545 127
712 159
894 148
130 179
266 216
398 212
540 198
655 199
796 198
933 175
75 241
185 208
293 238
412 207
520 237
633 220
748 237
858 240
968 207
24 269
116 270
231 244
326 272
413 252
519 271
608 255
712 269
805 254
897 272
1000 276
88 266
165 317
254 306
344 266
422 275
512 290
604 291
696 299
779 293
864 299
959 296
40 296
119 309
195 332
277 299
357 309
429 333
516 332
590 322
666 286
746 295
822 321
899 286
977 296
40 304
108 314
175 303
253 323
313 345
392 345
461 324
534 333
600 302
677 344
741 333
821 333
890 329
957 324
63 336
124 355
185 335
259 316
319 336
383 324
445 317
512 336
573 355
641 356
701 346
769 336
837 336
901 325
963 336
45 363
110 363
169 346
230 328
295 328
350 345
405 355
472 363
524 346
588 346
650 354
702 335
762 345
828 345
883 345
948 354
1008 345
39 356
87 364
141 356
197 372
254 348
303 355
357 372
411 364
463 371
518 346
577 339
630 355
682 356
736 364
792 356
845 340
903 356
952 356
5 363
50 365
110 348
156 363
207 348
257 370
305 371
359 378
405 363
458 363
509 363
558 363
613 362
665 362
713 362
761 362
813 363
860 353
914 370
43 371
93 369
146 354
194 355
234 368
284 383
330 360
382 355
428 355
473 355
522 355
567 376
620 369
661 368
708 369
761 369
804 369
853 360
902 354
26 389
70 378
119 378
162 375
203 375
252 362
294 367
337 376
381 375
426 367
468 367
516 362
559 375
602 382
645 362
688 376
730 375
775 368
822 362
865 362
63 368
106 384
144 387
186 368
228 386
270 380
312 368
355 380
398 368
435 374
476 387
520 380
562 380
602 386
643 373
682 368
728 380
767 374
809 373
852 368
84 379
124 391
160 385
197 385
240 385
278 389
316 373
359 378
398 390
435 391
473 385
513 397
554 388
591 387
631 385
670 385
712 391
748 391
786 385
828 385
109 395
147 378
183 389
222 378
257 378
295 400
330 382
368 378
406 389
441 389
479 389
516 384
552 378
591 378
627 389
663 389
699 384
735 389
773 378
808 389
130 387
162 393
201 398
234 392
272 393
304 382
340 386
377 392
409 382
447 392
482 396
517 386
553 393
586 395
623 393
655 392
691 387
725 392
765 392
798 392
151 401
182 396
216 396
250 385
286 396
319 396
351 396
387 398
421 396
455 396
488 399
517 401
551 396
585 401
621 401
656 395
687 406
723 396
753 386
787 390
165 389
193 399
227 404
254 408
292 399
323 402
356 389
386 404
419 389
447 399
484 389
515 399
545 408
579 399
612 399
643 399
675 399
703 399
737 389
772 408
177 406
208 393
239 402
270 396
301 396
328 402
360 393
393 402
420 404
452 411
483 404
512 402
542 397
574 402
602 406
637 406
665 404
697 402
723 396
758 402
197 399
223 404
256 404
284 404
316 404
341 413
373 406
401 407
432 413
460 395
488 404
518 400
548 406
578 404
607 404
635 395
666 413
693 399
724 404
753 404
210 407
237 407
268 415
292 415
322 407
350 398
376 408
406 398
434 407
461 415
492 407
518 411
548 401
574 408
603 407
630 401
660 411
684 401
715 398
742 398
218 409
248 409
272 401
299 404
327 413
355 409
378 409
406 417
435 413
461 409
488 404
512 409
541 409
567 409
593 401
622 409
646 409
673 401
702 417
727 409
228 415
256 411
280 413
308 403
332 411
359 411
384 415
409 419
434 411
462 406
489 403
513 407
540 407
566 415
592 411
617 415
643 411
668 411
693 406
721 411
237 412
263 416
287 414
312 405
337 416
363 405
387 409
413 412
439 413
463 414
488 412
511 414
537 414
562 412
588 414
611 414
638 414
660 412
685 413
711 415
242 414
270 414
291 414
318 407
342 414
365 407
388 414
412 407
436 407
458 410
484 416
507 418
530 414
555 421
581 418
603 414
627 421
653 421
677 421
699 414
256 416
276 416
301 409
323 423
346 417
370 416
392 423
416 416
441 417
465 412
486 416
510 411
535 416
557 423
581 416
605 412
626 416
652 412
673 409
697 409
270 410
292 417
316 410
337 410
358 421
380 410
403 410
428 417
450 424
471 410
494 421
516 417
539 417
560 417
583 424
606 417
630 424
650 421
672 424
696 417
271 422
292 419
314 419
334 422
356 422
379 422
402 421
423 419
444 415
465 422
486 419
509 425
531 422
553 419
573 419
597 419
616 415
639 425
660 412
683 412
282 413
305 413
324 413
345 422
366 420
389 426
407 421
429 416
452 413
473 420
494 420
515 426
535 416
556 420
576 413
598 420
620 426
640 420
661 426
682 423
285 423
306 421
326 421
349 415
367 424
389 421
410 421
428 415
448 421
469 421
492 424
511 421
532 422
553 424
574 421
593 421
614 421
634 415
654 415
674 415
296 422
314 422
336 425
354 428
375 422
394 425
414 424
433 422
454 419
473 416
493 416
512 423
533 416
554 422
572 416
594 416
613 425
633 422
653 422
671 422
298 420
316 423
337 429
357 425
375 417
395 424
414 417
433 426
452 423
473 423
490 423
511 423
529 423
549 423
569 426
589 426
606 420
627 423
647 423
664 426
305 418
325 430
344 424
362 424
382 424
401 419
419 425
436 418
456 424
475 427
495 418
512 421
533 424
550 424
569 424
587 419
607 424
625 419
644 424
663 427
