723 9
32 1
165 35
285 9
387 35
496 84
577 85
670 112
746 97
92 87
197 116
290 104
388 96
467 130
542 125
623 168
689 143
754 165
89 123
186 135
270 144
351 152
423 161
501 183
564 161
625 189
683 193
735 202
41 144
128 144
207 162
280 178
348 174
419 197
484 209
542 208
597 215
649 220
704 225
745 213
51 189
124 201
197 192
259 210
321 198
383 221
439 230
493 213
545 236
601 249
640 245
688 241
729 253
777 256
62 217
130 205
193 218
251 230
313 236
362 226
422 231
473 249
519 253
566 248
607 246
648 265
695 268
729 272
770 281
27 235
94 248
151 244
207 257
260 238
317 243
365 251
408 278
455 259
504 271
544 273
583 283
623 287
661 290
702 285
733 294
765 285
44 260
104 257
161 265
211 278
262 274
310 272
354 280
393 264
437 280
479 296
518 285
556 281
596 297
630 281
669 296
701 291
730 303
764 302
790 298
5 279
64 259
115 278
160 278
211 269
257 279
304 270
343 272
385 275
426 279
466 293
499 295
540 297
570 288
607 302
642 315
668 300
700 308
732 299
758 312
790 316
22 269
66 292
118 275
160 285
201 300
250 290
291 296
330 307
372 298
405 311
446 301
477 293
516 306
549 308
580 299
612 307
641 319
669 306
700 317
728 319
757 323
781 322
33 288
72 303
124 296
169 285
204 309
246 300
287 304
322 304
358 308
395 298
432 311
465 302
496 309
529 326
558 307
587 324
615 326
644 318
672 329
701 326
725 318
754 328
776 330
5 297
52 288
93 290
133 309
175 305
210 308
247 320
286 301
320 313
354 321
386 321
422 329
453 311
483 322
512 333
542 315
570 328
599 322
627 338
653 339
677 332
704 337
725 334
752 335
772 337
14 310
59 307
102 303
136 310
177 302
211 319
245 317
281 318
316 319
348 321
379 323
409 324
441 326
473 336
496 323
527 321
555 326
577 324
604 334
631 331
657 337
680 337
702 334
726 341
749 336
772 342
29 313
67 315
102 327
145 308
174 320
210 322
246 325
278 325
310 326
338 337
372 329
399 331
429 332
456 333
485 338
509 336
535 337
564 338
589 343
611 332
636 341
659 339
682 344
701 337
725 350
749 354
767 343
788 344
0 309
35 324
69 332
110 314
142 330
178 317
206 338
242 321
269 322
300 332
329 333
357 335
385 328
414 328
442 347
466 335
493 345
519 334
543 335
565 345
591 345
613 346
638 347
656 348
680 353
698 350
720 351
741 351
761 352
19 321
47 337
87 320
117 330
149 340
181 333
214 334
245 327
271 345
301 338
330 342
355 342
380 341
408 346
433 343
459 336
485 341
508 354
532 347
554 344
576 341
598 354
622 355
642 355
663 353
682 355
703 354
723 355
742 352
27 323
58 329
90 339
121 327
151 340
183 338
211 340
238 345
268 346
295 335
321 336
346 349
374 346
397 351
424 351
448 349
471 352
494 358
516 344
537 345
559 357
581 361
604 356
620 348
642 356
660 350
682 358
698 352
718 359
1 327
34 337
65 330
94 341
125 340
153 337
185 335
210 346
238 345
266 338
290 346
316 347
340 344
366 350
390 350
412 359
438 345
458 353
482 350
502 357
526 359
547 356
566 350
589 359
607 352
626 356
644 360
665 357
682 355
703 362
20 341
52 333
78 342
110 336
134 345
162 350
190 343
215 348
243 341
270 350
295 351
320 344
343 348
365 353
389 361
412 351
436 359
457 356
478 353
498 351
521 362
539 355
559 360
580 357
600 361
620 369
635 356
653 360
672 364
690 365
24 340
56 338
79 351
109 352
136 345
161 342
187 358
213 352
237 356
265 354
289 350
313 348
334 349
356 356
380 351
402 358
422 359
445 360
464 354
486 354
504 355
526 362
544 356
564 366
583 371
600 371
619 369
636 362
652 367
669 361
39 342
66 352
92 344
116 359
145 354
169 358
193 354
219 355
242 356
267 357
290 365
311 362
335 359
358 353
376 364
400 357
420 362
438 363
461 363
479 371
499 365
517 365
537 366
554 370
572 367
589 364
606 362
625 369
643 372
658 370
40 354
67 349
93 356
120 355
144 363
170 350
194 351
215 358
240 352
262 360
284 360
306 363
327 363
349 362
368 360
390 364
410 361
429 365
448 362
468 360
486 361
506 370
523 368
543 375
558 369
576 376
592 373
611 367
625 368
643 375
54 349
74 357
100 361
125 358
147 361
171 360
196 364
219 361
240 362
261 363
284 357
306 360
325 368
347 368
367 372
387 363
404 361
425 371
443 368
462 369
482 372
499 367
516 365
533 365
550 377
567 372
584 369
600 367
615 368
631 374
57 359
84 353
106 363
128 368
154 363
174 363
196 360
221 360
241 365
262 366
281 369
302 367
323 369
343 374
362 365
380 369
399 370
417 370
436 371
454 371
472 366
488 369
507 370
524 370
540 370
557 376
572 372
589 375
604 376
620 376
64 362
88 363
113 367
135 364
155 366
177 369
200 366
221 367
241 371
262 368
281 365
300 372
321 376
341 367
359 371
376 371
394 369
414 367
430 376
448 373
466 371
482 369
498 370
514 373
532 376
547 379
563 371
580 380
593 372
609 378
71 368
94 363
114 366
136 370
160 362
179 371
201 363
221 366
239 367
259 371
279 371
300 369
317 372
336 372
354 374
373 373
390 368
408 372
423 378
441 375
457 370
473 376
490 371
507 380
523 374
540 383
553 381
568 379
585 379
600 382
74 371
97 368
118 369
141 364
160 370
180 374
200 374
219 375
240 369
259 376
276 375
296 375
315 368
332 380
349 378
367 378
384 376
401 376
417 380
434 377
449 373
466 378
482 379
499 382
511 374
527 380
543 385
558 381
572 381
585 377
77 367
97 371
120 371
140 366
157 378
179 373
198 370
218 368
237 371
255 380
271 378
289 376
307 377
325 371
344 377
360 372
376 379
393 373
410 379
425 379
441 382
457 380
471 383
486 383
501 378
517 382
531 382
547 382
560 385
574 385
83 373
105 367
124 375
142 374
161 377
182 370
200 378
217 376
235 379
254 378
272 377
290 379
305 380
323 379
339 374
355 382
372 380
389 380
405 381
420 381
435 386
450 382
466 384
481 382
495 378
509 385
523 386
537 389
552 380
565 386
88 374
106 376
125 375
144 379
165 373
183 374
201 379
217 380
237 375
254 378
272 379
289 374
305 374
319 383
336 380
353 381
368 381
384 383
400 380
415 382
430 383
445 383
461 388
475 384
489 384
504 387
518 385
531 385
544 387
556 386
91 379
111 371
128 377
148 381
165 378
183 373
200 374
219 380
235 382
253 383
268 376
284 384
302 376
319 377
332 382
350 382
364 383
379 383
395 384
409 379
423 387
439 386
454 385
468 383
480 381
494 381
508 388
522 387
536 387
549 389
95 384
115 384
133 379
151 380
167 383
185 381
202 386
220 376
237 382
252 383
268 377
285 385
301 378
316 381
332 384
347 386
362 382
376 385
391 382
405 385
419 383
433 383
448 388
460 387
475 387
489 392
502 385
515 385
529 386
542 393
97 375
114 383
131 386
149 381
166 383
183 379
200 385
216 384
234 378
249 386
263 385
280 389
295 385
311 382
327 387
341 386
356 387
371 382
385 382
399 385
413 392
425 387
440 383
453 388
467 390
479 389
494 389
506 389
518 389
530 392
105 382
122 382
140 378
154 380
171 388
188 384
204 379
220 384
237 380
252 380
266 383
283 383
296 386
311 382
325 391
340 387
355 388
369 388
384 392
396 390
410 388
423 389
437 389
450 385
462 388
475 386
488 388
501 391
514 393
527 391
107 381
123 384
139 386
156 384
172 386
187 385
202 390
217 386
233 381
249 389
263 389
280 388
293 383
307 388
322 385
337 390
350 386
364 390
377 385
391 385
404 390
418 386
430 386
444 391
455 391
469 391
481 387
494 392
505 393
517 392
113 386
128 383
144 381
161 381
175 383
192 387
206 388
222 387
238 383
252 386
266 393
280 389
295 389
308 389
322 385
335 390
350 394
362 392
377 395
390 391
404 391
415 392
429 393
440 392
454 393
465 394
477 392
489 395
501 394
514 391
113 386
127 384
144 387
158 382
174 383
189 388
203 388
218 391
234 384
247 391
262 389
276 392
290 391
305 390
318 392
331 392
345 387
358 387
372 391
383 389
396 390
409 392
421 394
435 394
446 390
458 391
470 393
483 394
494 390
506 395
