658 57
791 85
913 102
1000 72
62 14
198 94
332 124
465 111
587 105
695 141
796 130
894 173
983 191
101 139
243 120
344 181
458 155
565 193
650 181
737 192
823 204
910 243
982 243
42 159
158 215
260 209
364 233
456 256
542 247
627 229
707 247
776 266
851 287
915 290
984 266
69 255
175 242
264 249
354 281
434 265
523 261
596 280
665 265
727 273
803 301
864 307
917 301
974 299
76 288
178 259
258 258
342 263
420 273
486 308
563 306
621 298
688 295
750 323
812 326
873 337
926 339
964 331
1014 336
14 309
108 295
177 300
259 294
336 302
402 320
470 311
531 347
593 332
654 356
707 343
765 329
823 350
863 339
919 360
963 345
1012 350
33 295
101 318
174 325
252 320
316 336
377 358
446 327
503 338
561 351
614 373
671 368
723 353
771 357
818 386
859 365
908 378
944 365
984 368
56 353
129 329
199 343
261 337
324 361
382 355
441 360
497 379
550 366
598 353
649 372
701 376
748 370
789 367
832 386
881 403
919 398
955 386
995 387
16 353
81 345
143 358
201 368
265 369
324 359
378 356
433 365
482 383
530 372
579 384
627 372
668 404
717 384
757 395
796 384
839 386
879 402
914 392
952 393
987 403
29 364
87 384
148 374
214 366
266 368
317 381
371 383
421 401
467 404
515 383
563 398
606 397
647 400
693 402
732 409
776 413
809 401
847 403
876 401
919 418
956 417
985 406
59 379
116 374
172 377
230 381
274 390
324 379
371 399
424 405
469 394
512 407
555 405
593 407
636 417
673 399
717 427
750 403
787 417
827 432
861 427
893 429
919 413
958 427
984 429
1017 424
21 380
77 378
122 394
176 397
222 406
269 401
315 404
366 393
408 395
448 410
492 412
535 402
574 417
610 425
646 408
685 426
720 430
757 428
790 416
822 418
856 437
890 432
912 423
946 425
975 426
1003 433
43 386
89 388
133 410
188 393
229 408
277 410
323 405
367 402
408 420
448 430
487 433
522 422
563 424
600 426
637 428
668 418
705 430
736 425
772 423
804 435
831 431
861 428
897 445
921 441
951 436
977 444
1009 445
49 401
93 404
140 412
187 418
232 423
275 410
314 408
358 410
398 428
435 426
475 427
509 428
544 430
582 438
615 427
648 435
683 426
714 449
748 440
777 444
808 442
835 437
866 449
891 441
924 457
950 453
974 444
997 445
14 415
65 405
103 423
147 421
190 422
236 425
272 414
311 433
354 435
392 431
427 432
464 434
498 436
533 427
566 433
598 451
630 431
666 453
695 444
724 445
752 440
783 451
814 449
841 450
866 452
894 452
918 454
942 449
969 459
26 423
64 437
109 426
150 428
190 433
232 433
274 433
310 436
347 425
383 443
415 450
451 440
487 435
522 443
552 450
584 435
612 450
645 458
677 454
707 455
734 451
757 443
786 444
815 460
843 461
869 461
895 458
914 450
942 460
1 431
38 434
80 432
123 445
162 430
202 437
239 438
277 440
307 452
344 432
382 454
414 447
447 446
478 453
512 449
543 444
570 451
600 443
630 453
657 455
688 465
713 447
741 462
766 453
793 461
817 461
843 464
869 467
894 463
917 465
23 425
61 443
97 450
135 451
172 435
211 437
247 448
281 446
313 452
346 448
380 449
413 450
444 446
477 447
503 457
533 455
563 458
594 457
622 449
646 459
676 460
700 461
727 464
754 458
777 459
800 468
827 470
850 467
873 472
897 476
29 442
68 443
107 444
145 446
179 447
214 451
248 440
280 451
314 454
343 443
377 464
409 450
439 452
466 467
496 453
525 459
553 455
582 461
606 462
634 468
657 456
686 474
712 466
735 467
756 468
782 460
806 461
827 470
851 479
872 467
38 447
75 448
113 440
144 460
180 452
213 443
248 444
279 446
310 456
341 460
371 458
401 459
430 463
456 461
485 454
515 463
542 468
569 456
594 466
621 471
643 469
672 472
692 469
720 474
741 475
765 468
788 474
811 473
832 476
855 478
50 445
82 454
117 453
152 455
186 446
216 457
248 460
278 454
311 454
341 461
369 462
397 463
427 464
454 464
481 466
510 466
535 463
561 460
587 473
612 474
636 479
660 475
684 472
707 481
728 466
751 467
773 475
796 471
820 472
837 473
62 456
97 452
128 458
158 459
191 464
222 461
251 457
282 463
313 464
340 465
367 460
395 475
422 467
450 468
478 471
505 472
526 475
552 479
576 472
603 481
627 469
648 466
672 471
696 476
720 484
738 477
759 473
782 479
805 481
823 473
68 455
99 461
127 462
160 472
191 455
218 474
249 470
276 466
308 467
334 468
360 461
389 470
414 471
440 476
464 474
491 473
515 474
539 474
564 475
587 468
610 481
634 470
655 478
677 471
701 472
720 476
743 476
764 478
783 478
803 486
70 455
100 465
133 457
159 466
191 463
216 472
250 461
276 465
301 471
327 476
355 464
382 477
406 466
432 479
457 468
481 484
506 469
529 481
551 486
575 479
598 472
617 476
642 481
664 481
683 482
705 476
724 476
748 491
767 484
784 485
77 476
107 471
135 469
161 478
195 466
219 472
249 473
275 473
302 476
327 482
352 475
377 476
401 469
426 470
450 480
474 479
496 482
522 488
544 483
565 485
588 475
608 483
629 483
651 477
673 488
691 481
714 489
734 489
751 487
772 489
92 479
124 464
150 473
180 469
207 474
234 475
257 476
284 476
311 477
335 470
360 479
384 479
407 480
431 481
456 485
476 482
501 482
522 483
545 480
564 484
588 481
607 481
629 486
651 493
667 483
689 487
707 488
728 495
748 492
767 489
93 474
120 475
148 468
176 472
199 481
228 482
251 474
278 479
302 482
326 476
350 488
375 483
395 486
421 479
441 477
465 488
486 487
509 492
530 489
550 480
570 494
592 490
611 491
631 489
653 482
670 496
690 493
709 491
728 498
747 492
104 477
128 482
156 471
183 479
209 473
233 480
255 481
282 482
306 486
328 483
352 487
375 484
397 481
418 478
441 486
464 490
484 480
505 491
527 481
548 489
567 489
587 490
607 490
624 491
644 494
663 495
681 492
700 489
718 493
738 493
111 473
134 476
159 485
185 489
209 483
234 479
257 491
281 486
303 488
327 492
352 479
374 483
394 489
415 488
439 488
458 491
478 483
500 493
521 490
539 487
558 498
578 485
598 486
617 486
637 493
654 494
673 488
692 496
709 495
724 489
121 476
145 483
166 484
193 488
216 485
240 488
261 488
284 487
309 487
330 488
351 482
371 492
395 483
415 490
435 491
457 485
476 493
496 489
515 486
535 487
554 493
574 494
592 496
609 498
627 501
647 496
663 493
680 497
698 491
716 495
118 485
141 488
167 486
189 487
213 489
237 481
259 495
281 489
301 489
325 490
347 490
367 491
387 491
409 486
429 492
448 490
469 496
487 487
508 488
526 498
545 495
564 492
580 493
600 493
618 503
635 500
654 498
668 492
687 499
704 495
120 491
145 484
168 484
191 492
213 490
236 490
258 494
280 491
301 491
320 495
343 492
361 496
382 490
405 488
422 494
441 495
463 497
480 492
500 490
519 499
537 497
556 503
573 500
590 504
608 493
625 493
643 500
658 501
676 500
693 497
130 483
153 492
176 492
196 497
219 492
243 494
262 492
285 493
306 487
324 491
346 494
367 489
384 489
404 496
425 496
441 498
461 500
481 491
498 501
517 492
536 493
553 493
569 499
588 500
603 497
621 502
636 501
654 498
671 502
685 507
135 486
154 492
177 489
197 499
220 494
240 490
261 495
284 492
303 497
322 490
343 496
360 491
381 491
399 500
417 501
436 493
456 493
473 496
492 500
508 506
526 495
544 497
561 495
576 496
595 496
610 502
628 499
643 503
661 503
676 509
141 494
162 488
182 495
205 489
224 490
246 496
267 491
284 493
304 494
324 492
343 501
361 495
379 496
398 501
418 496
437 494
453 506
470 501
489 501
505 502
522 505
540 503
554 505
572 498
590 505
604 498
619 505
637 499
653 510
668 505
144 490
164 496
185 498
206 497
224 503
246 499
265 501
284 495
302 502
322 494
341 500
357 503
376 501
395 498
413 501
432 505
448 502
466 508
481 503
498 503
515 498
531 504
547 504
565 507
580 507
597 505
611 505
627 508
642 511
658 501
149 494
169 498
189 499
208 499
227 502
246 500
265 500
284 506
305 495
323 496
339 502
358 502
377 502
393 505
411 503
427 498
445 504
462 501
479 510
495 505
510 505
526 508
544 506
559 506
575 506
589 507
604 507
622 507
635 505
649 510
