836 56
996 75
228 109
404 128
581 157
721 146
882 216
982 188
42 183
209 193
369 226
509 235
652 270
759 255
873 289
977 315
121 257
258 272
371 280
487 301
597 306
707 315
808 349
890 340
951 325
57 276
158 334
273 326
395 315
481 340
580 338
676 355
747 363
839 369
904 376
985 392
44 324
140 349
253 372
347 370
443 357
530 355
601 370
678 368
761 402
824 417
899 411
957 410
70 356
170 376
253 382
339 387
428 386
499 402
575 416
649 412
719 432
776 424
841 414
901 438
952 434
1011 429
6 402
94 397
175 412
257 397
339 403
409 417
477 426
549 435
606 432
672 435
726 439
783 443
838 438
893 452
949 459
994 456
48 413
131 426
209 427
284 429
349 432
411 435
479 439
539 429
605 438
655 449
712 445
765 462
817 446
873 468
917 457
961 475
72 431
140 419
214 438
283 446
344 446
406 463
469 453
527 449
576 463
635 461
689 464
735 454
785 476
826 460
877 487
917 478
21 444
86 454
150 450
217 440
279 450
341 474
396 463
449 466
508 469
561 471
603 480
657 482
704 491
749 474
792 482
834 480
875 493
36 449
100 475
159 464
223 459
277 456
333 459
389 466
434 476
490 479
536 481
581 471
627 488
673 481
721 501
762 502
802 504
837 484
45 463
101 472
156 463
214 478
268 468
319 481
366 486
416 486
462 493
512 493
556 492
599 487
642 495
685 508
723 499
760 503
793 496
8 465
65 472
122 482
173 477
223 486
273 488
323 478
371 494
417 489
465 495
503 497
547 489
588 505
627 492
667 494
708 505
741 507
778 504
32 486
88 481
135 496
182 492
233 487
283 485
325 500
374 489
416 495
458 503
495 504
539 505
578 497
614 508
652 510
685 502
727 513
759 505
37 483
87 491
133 498
185 493
228 495
274 502
315 494
360 509
399 507
442 503
477 512
517 506
558 522
589 515
628 516
662 517
697 523
726 514
40 504
91 498
138 499
185 496
228 510
270 499
311 505
353 502
388 513
427 514
464 506
503 526
539 523
571 510
609 525
640 517
673 514
706 524
10 512
53 518
106 501
147 512
184 522
224 519
268 506
307 517
346 522
381 519
420 520
454 522
488 526
522 525
557 525
590 528
620 527
656 532
681 533
34 518
77 514
118 518
156 517
195 527
239 519
274 515
311 526
350 523
387 524
421 521
456 526
489 531
522 531
552 521
583 525
614 535
645 534
673 537
0 517
42 518
84 519
121 523
161 517
200 514
236 528
271 521
311 522
343 527
378 530
413 521
443 533
475 523
506 532
540 525
566 526
596 527
629 536
657 536
23 522
58 532
99 516
137 525
176 526
213 519
246 536
279 531
314 530
347 539
381 532
412 533
443 530
477 537
507 528
533 536
566 533
592 542
621 532
647 532
31 526
67 536
109 529
146 521
176 538
212 523
245 527
281 533
314 534
346 542
378 536
408 544
437 541
470 542
498 542
523 533
553 544
581 534
608 538
637 543
43 531
76 535
118 525
152 526
183 527
218 537
247 532
280 544
313 538
342 538
371 532
402 544
430 537
461 542
487 549
516 539
542 544
569 546
595 545
620 546
55 538
86 535
122 529
156 539
187 546
218 539
250 533
282 541
309 541
340 542
371 538
398 537
425 547
451 538
480 542
507 549
532 547
559 547
582 545
608 552
63 535
91 542
123 547
158 533
189 543
218 538
248 539
279 543
308 541
336 541
362 552
391 546
421 547
445 550
469 555
497 549
522 552
549 544
574 550
596 551
64 541
99 549
129 543
161 543
191 544
219 544
249 545
277 546
306 548
336 547
362 548
387 550
415 546
439 550
467 550
491 544
517 551
538 548
565 552
587 550
80 544
113 538
139 541
169 549
200 540
227 548
253 551
281 548
310 549
337 551
362 552
388 551
415 552
440 552
464 556
489 553
513 554
534 556
558 552
583 549
78 553
108 544
136 548
167 549
196 543
221 556
246 557
273 551
302 549
326 548
353 553
378 553
401 554
427 554
448 557
474 558
498 562
519 553
544 557
565 558
91 546
120 550
145 553
175 551
201 552
227 553
252 556
278 550
303 554
328 555
354 555
380 559
402 550
426 557
450 554
472 558
496 564
517 559
538 562
562 554
100 549
124 553
155 547
179 557
206 557
231 556
257 553
280 556
307 556
328 557
352 557
378 558
399 558
421 556
446 554
468 560
489 563
509 555
532 564
551 564
101 554
127 555
153 555
179 559
206 558
228 557
255 552
277 552
301 555
324 560
349 559
371 560
392 563
417 561
437 556
459 558
482 567
502 557
522 565
544 568
110 551
137 557
164 552
188 558
209 561
237 553
257 559
281 565
304 560
328 561
351 556
372 563
395 565
417 562
436 565
459 558
478 563
498 559
520 562
540 565
116 559
141 559
164 562
186 560
213 561
234 564
259 564
280 564
302 565
327 557
346 560
369 566
389 559
412 564
432 564
451 560
472 560
493 563
512 566
531 567
116 561
138 566
163 559
185 557
209 562
232 563
253 565
274 563
298 564
319 566
340 565
363 565
383 561
404 563
422 561
442 569
463 568
483 564
519 565
121 562
144 560
166 563
187 569
212 564
234 559
254 565
276 566
298 565
318 568
338 561
360 567
380 567
439 565
457 568
476 569
513 569
126 559
147 564
172 560
193 565
213 566
236 566
256 569
278 564
299 567
340 563
359 565
378 564
398 569
419 564
456 570
472 570
493 566
