324 55
705 9
152 274
410 243
624 231
857 225
36 275
212 315
377 269
557 312
731 292
917 290
8 371
149 370
273 383
427 367
573 367
722 386
870 400
1004 385
97 404
204 406
330 378
455 407
568 378
696 404
805 404
936 413
31 456
138 415
243 435
351 430
451 408
548 430
656 406
756 408
851 419
958 443
4 452
79 472
177 460
265 431
353 429
442 472
540 450
629 472
715 451
813 440
902 462
988 451
46 455
121 453
205 455
289 446
371 465
456 446
533 447
618 485
697 465
781 465
862 469
937 484
20 477
102 477
176 487
246 477
320 470
393 495
467 467
540 478
617 496
687 460
766 486
836 460
899 478
981 484
9 503
72 487
147 472
214 472
279 492
341 471
412 488
482 488
547 478
618 490
677 471
749 487
816 487
876 478
947 493
1010 488
46 499
113 496
171 497
237 499
296 496
357 496
418 488
481 482
536 501
597 496
657 482
720 487
781 499
848 511
911 503
963 482
18 511
73 505
129 496
183 505
235 518
294 518
350 507
409 491
468 492
524 497
576 511
631 504
690 505
746 504
804 508
860 518
918 511
972 504
13 498
65 499
111 523
171 499
225 518
275 511
330 504
380 517
427 511
484 499
531 511
588 499
634 499
687 498
743 518
796 511
847 511
894 512
944 499
6 505
47 522
98 505
142 516
194 520
244 516
295 516
338 517
387 522
435 520
484 517
533 516
581 516
635 520
680 516
733 516
776 522
824 517
874 516
925 505
30 510
76 532
123 514
164 521
213 521
258 524
304 532
350 510
399 521
438 521
484 521
530 510
575 521
620 516
669 521
719 521
760 532
805 510
852 510
896 516
53 526
99 520
135 531
179 526
227 520
265 515
309 526
354 526
394 531
438 515
482 515
523 519
563 516
605 526
647 526
690 525
734 528
780 536
820 526
861 529
