357 178
347 179
338 176
328 179
317 179
306 177
294 176
286 178
273 179
265 179
256 176
245 176
234 177
222 181
214 179
202 178
192 176
180 181
173 180
159 179
149 180
142 179
129 179
120 179
111 177
100 181
89 180
77 179
69 180
58 179
369 176
355 177
346 178
336 176
323 179
313 179
304 180
291 178
281 178
268 180
260 176
246 179
237 176
225 179
215 176
203 178
194 176
182 178
172 180
160 177
149 179
138 178
126 176
115 179
105 179
96 177
84 179
73 178
61 178
49 179
374 178
365 176
355 180
342 175
330 178
319 178
309 178
296 177
287 177
273 178
260 179
248 175
238 176
229 175
215 179
203 179
194 176
182 177
169 177
160 175
147 179
135 177
122 177
111 177
98 176
89 178
77 179
67 177
57 178
42 177
379 174
366 178
355 177
341 177
330 176
318 177
308 174
295 174
282 177
272 178
257 177
246 178
231 177
222 177
207 177
196 174
183 177
172 179
159 176
150 174
137 179
124 178
109 179
100 179
89 174
74 179
62 174
48 179
36 177
26 178
390 175
379 173
366 173
353 176
340 173
327 176
315 177
300 174
288 176
274 176
260 175
250 177
238 177
221 177
211 174
198 176
182 173
168 177
159 173
144 177
134 176
119 174
106 176
96 179
82 176
70 174
55 176
43 179
31 174
12 173
389 175
376 176
362 175
350 178
335 175
321 175
309 177
294 175
280 175
267 176
254 178
238 175
224 176
212 175
198 174
186 174
171 175
156 177
143 174
132 175
116 175
99 178
89 176
70 177
57 172
45 172
30 177
19 173
8 174
405 174
387 175
370 171
355 175
342 171
331 176
315 171
297 171
284 174
271 176
256 173
239 174
223 174
211 173
193 173
178 175
166 171
152 176
134 171
123 171
108 171
91 174
78 174
63 174
45 174
33 174
16 177
2 174
425 175
403 177
392 170
374 170
359 174
339 170
327 173
312 173
296 172
278 175
265 173
247 170
234 174
214 170
198 176
182 172
170 173
152 170
137 174
119 173
102 173
92 174
72 170
59 174
40 170
23 172
14 177
432 172
414 173
400 172
382 176
363 174
345 172
332 169
310 169
293 170
279 176
259 172
245 169
227 176
207 172
191 173
174 173
157 170
139 172
121 173
103 172
86 169
73 172
53 172
38 169
18 172
2 172
442 167
420 169
403 173
381 171
366 169
348 172
326 167
307 167
289 167
271 169
254 168
238 173
219 171
197 169
182 171
163 172
142 175
120 171
102 172
86 169
64 171
49 172
27 168
14 171
455 169
430 170
413 172
394 171
371 169
349 166
333 171
314 169
294 169
271 174
255 171
235 167
213 167
189 166
173 169
155 168
128 167
111 174
91 170
75 172
51 173
32 172
9 167
484 168
461 168
440 163
418 172
400 163
376 165
355 167
329 166
308 164
285 168
261 168
241 170
222 168
201 163
174 164
154 169
133 168
110 168
86 168
69 170
43 165
26 163
3 163
502 170
478 165
451 160
429 168
403 168
373 161
350 161
331 160
306 168
275 161
259 166
232 163
209 167
182 165
160 166
130 165
110 165
84 163
64 170
38 168
10 165
498 159
474 168
442 162
420 162
383 159
364 162
332 162
308 157
279 162
251 159
220 168
191 159
163 168
145 163
108 162
84 162
53 162
30 165
9 163
499 165
457 159
431 158
407 158
372 161
338 153
309 159
278 158
248 162
209 153
182 162
144 162
115 158
88 159
55 162
30 159
512 154
475 153
430 146
407 160
367 147
324 150
293 153
252 152
220 152
172 157
146 153
100 160
71 157
22 160
454 137
420 153
367 136
325 144
289 146
235 149
194 148
148 150
101 146
47 154
12 141
469 141
418 133
358 135
296 129
251 136
185 136
122 135
77 134
13 135
507 103
409 100
350 119
251 131
171 116
90 112
22 98
438 71
293 77
130 46
38 71
