433 205
425 204
414 205
407 203
399 203
392 203
381 203
372 203
364 205
355 204
348 205
336 203
328 202
322 204
311 204
303 204
294 204
287 203
276 203
268 205
259 201
251 201
243 203
235 203
224 203
216 201
209 204
201 203
191 205
181 201
442 204
433 203
424 204
415 204
404 201
395 204
386 201
378 203
369 203
361 204
351 204
343 203
334 201
323 202
314 203
307 204
297 202
289 203
280 201
271 203
261 204
252 201
244 203
233 201
224 204
217 201
209 201
199 203
191 203
181 203
456 204
442 202
433 200
425 202
415 203
407 201
398 202
387 203
379 202
368 200
358 203
350 202
340 202
330 202
321 201
313 202
302 202
293 201
283 202
273 202
264 200
254 202
245 202
236 200
226 203
219 203
210 202
199 200
190 203
179 202
459 201
446 202
436 202
430 202
419 202
411 204
399 200
390 200
380 202
372 202
361 201
351 200
339 202
329 200
321 204
310 202
300 202
293 202
280 202
274 203
261 201
254 202
242 204
233 202
224 203
214 201
203 202
193 202
184 200
173 200
467 199
457 201
447 201
437 203
426 199
416 202
406 203
396 202
387 201
374 199
367 200
354 204
344 199
334 202
326 202
316 200
304 202
293 203
282 199
274 203
262 202
254 201
241 200
234 199
222 204
211 203
201 203
193 203
182 200
171 201
477 202
464 199
455 201
443 200
435 199
424 202
413 201
401 201
392 201
381 202
370 202
359 199
349 201
337 203
326 202
315 201
307 199
295 201
283 201
273 201
264 203
252 199
242 199
231 200
221 201
208 199
198 199
188 199
175 202
167 199
494 200
480 200
470 201
457 198
447 199
438 201
425 199
416 200
402 203
391 198
382 200
370 199
358 200
348 202
338 201
324 199
314 198
302 200
292 201
278 201
268 199
259 201
246 199
236 202
225 199
213 201
202 202
191 202
180 201
165 200
504 200
489 201
481 200
465 200
454 200
442 201
432 200
421 200
410 201
397 200
386 200
370 198
358 198
350 197
335 200
325 197
312 198
300 197
287 197
275 197
263 200
252 200
240 197
231 200
216 200
205 200
194 197
181 201
169 200
157 202
512 201
499 198
489 197
475 199
464 200
451 197
436 197
427 198
414 198
401 200
385 199
374 200
363 200
353 202
336 198
325 199
312 198
301 202
286 202
275 199
263 197
250 198
236 199
224 201
210 199
198 199
185 199
176 199
164 200
149 197
508 199
499 200
482 201
466 199
457 196
442 199
429 199
415 199
401 200
388 199
375 200
363 199
350 197
338 197
323 196
312 199
298 199
285 201
272 200
257 196
243 196
230 200
216 200
205 199
192 199
179 196
166 197
150 199
500 199
487 198
471 199
463 195
447 199
432 198
419 198
404 198
389 195
374 195
360 195
346 201
333 198
322 199
303 198
293 201
278 198
262 198
250 198
235 199
220 195
207 198
195 195
179 195
163 201
148 198
137 195
505 195
493 197
479 194
464 197
444 195
435 197
416 195
402 197
385 195
373 195
360 195
340 197
325 197
314 199
295 197
279 197
268 198
251 195
236 194
222 198
204 197
192 197
175 195
161 198
149 195
131 197
506 192
493 192
476 194
460 199
442 196
425 194
411 192
391 196
380 196
361 196
346 193
331 194
315 196
299 192
281 196
267 196
248 197
233 192
217 197
203 194
183 192
171 193
152 197
138 196
120 199
512 195
491 197
475 195
460 195
441 195
425 191
406 195
388 193
371 195
350 191
339 196
318 195
303 194
287 193
267 195
249 191
230 195
216 195
195 195
181 195
163 191
142 195
128 195
109 194
505 191
485 190
469 189
448 195
427 193
408 193
389 195
374 189
356 193
333 197
319 191
299 189
277 191
258 191
239 190
222 193
206 193
189 192
165 194
147 189
127 191
107 191
495 194
474 191
450 187
440 187
413 189
397 191
370 196
352 194
334 187
312 191
287 194
269 192
251 192
229 192
207 189
190 193
167 192
147 192
121 191
103 192
84 193
499 187
481 184
457 186
435 194
410 186
389 184
365 191
341 185
317 194
300 189
275 192
253 186
229 190
211 185
186 186
158 191
135 189
110 186
91 189
72 185
478 187
455 187
428 188
408 188
377 182
358 187
329 189
305 190
275 184
249 181
230 192
204 187
179 189
156 187
126 187
103 189
72 186
42 189
511 181
482 184
456 184
429 187
402 185
372 184
337 187
315 185
281 179
253 187
226 184
203 184
168 190
147 184
109 178
85 187
58 184
32 187
509 180
478 184
457 180
416 183
394 183
356 180
326 183
294 180
258 180
224 173
191 179
155 180
127 180
91 179
57 179
26 176
510 167
478 169
436 175
401 174
370 174
328 178
286 175
250 178
214 165
172 176
132 167
86 166
49 178
16 174
479 171
422 156
381 171
337 168
276 157
241 159
194 171
145 164
87 165
53 162
505 142
442 156
375 140
313 136
249 150
182 151
126 147
47 149
502 136
420 106
304 136
215 112
122 118
63 136
492 59
317 49
181 60
