87 22
196 35
308 41
422 53
514 10
627 2
735 22
42 88
137 97
227 90
318 109
407 67
498 73
602 114
686 85
16 149
91 141
168 139
242 159
324 130
401 120
475 151
551 130
629 161
706 141
45 155
108 160
176 153
243 170
313 192
380 172
446 172
511 160
582 155
649 191
719 160
21 182
78 197
141 182
195 200
261 187
325 198
377 201
443 200
501 180
566 180
626 198
682 207
747 201
8 221
58 220
110 223
172 228
224 206
281 219
336 220
383 205
439 228
492 220
551 227
604 219
659 213
718 219
41 223
83 236
129 244
181 222
235 222
285 238
336 238
385 251
435 236
485 237
528 238
582 244
634 237
684 242
726 238
15 245
60 251
107 243
148 264
194 244
246 254
285 251
333 265
383 254
425 251
470 251
519 244
563 252
606 254
658 264
701 258
748 251
38 276
90 257
128 264
172 263
215 263
254 256
296 264
340 263
382 263
422 264
469 264
504 252
548 252
591 251
635 264
676 264
719 263
25 281
71 264
108 275
146 276
186 276
226 264
264 282
304 276
340 264
379 276
420 287
459 282
494 264
536 282
575 276
615 276
650 276
694 288
20 286
52 291
90 275
127 286
164 286
197 286
235 289
269 279
306 275
342 286
378 288
418 288
451 289
486 291
521 275
561 285
596 289
633 285
670 291
9 285
41 299
79 285
113 284
144 288
176 294
210 294
244 294
280 294
314 284
347 294
379 285
411 284
448 299
480 300
514 284
547 296
583 289
616 289
652 294
37 296
68 302
97 301
132 301
162 301
194 303
225 301
257 292
292 302
320 301
354 303
387 305
416 306
449 301
481 296
515 306
545 292
576 302
609 302
640 296
49 310
79 308
112 299
141 317
168 308
200 308
228 308
259 308
291 308
318 312
347 312
378 299
408 313
441 308
470 299
502 308
529 308
560 299
592 317
618 308
72 309
99 318
127 317
156 323
183 323
216 306
243 309
271 305
297 314
325 309
357 314
385 314
411 318
441 314
466 306
498 314
525 314
555 314
580 314
613 318
92 328
116 320
144 320
169 319
197 315
224 320
253 320
280 321
305 320
330 322
361 328
387 320
413 328
440 320
464 320
495 321
518 311
545 320
570 320
597 320
99 317
123 329
151 329
175 328
203 317
225 324
253 321
277 332
303 329
328 317
355 317
380 327
405 317
429 325
456 317
480 321
505 317
531 320
555 325
583 332
112 333
133 329
159 337
184 326
207 322
232 322
256 337
280 325
302 329
328 329
354 331
376 329
399 329
425 329
450 333
473 322
497 331
522 337
545 329
569 322
125 336
145 340
172 336
195 333
216 333
239 340
265 333
287 326
311 326
332 329
355 333
381 329
403 333
427 334
450 333
472 340
494 326
518 326
540 333
565 333
135 333
155 336
178 332
202 336
224 333
244 343
266 336
291 343
311 336
336 338
358 329
380 336
402 339
424 336
446 336
467 337
491 329
513 336
533 329
557 338
144 341
168 335
191 333
212 339
231 339
254 339
275 339
297 343
317 342
340 333
360 342
382 333
404 341
424 332
445 335
468 342
490 339
511 342
532 339
552 335
155 342
174 344
194 342
215 349
235 342
255 336
277 339
295 338
317 346
338 342
357 342
378 346
400 336
420 336
440 342
460 345
483 349
502 338
522 344
543 349
162 339
180 345
200 341
221 342
239 348
257 351
278 351
297 348
318 345
339 339
359 346
378 351
396 351
418 339
438 345
457 351
475 345
496 339
517 345
535 341
172 342
188 347
209 348
227 348
245 344
265 348
283 347
303 347
323 342
341 349
360 348
379 344
399 347
419 347
436 351
456 344
475 342
495 347
512 347
531 342
