241 119
236 116
227 118
221 117
215 119
206 118
199 118
192 118
185 118
180 116
173 118
166 117
159 116
151 117
145 119
137 118
132 118
125 117
117 117
110 118
104 119
97 116
90 119
83 116
74 119
68 116
60 118
53 118
48 118
41 116
242 118
235 117
227 117
221 116
213 117
205 118
199 117
192 118
184 117
176 117
169 117
162 118
154 116
148 118
140 118
133 117
125 117
119 118
112 117
104 116
97 118
89 119
84 117
75 117
69 118
60 117
54 116
48 118
39 119
31 117
248 117
239 116
232 117
225 118
216 117
207 117
200 119
193 116
186 118
177 118
169 116
163 117
155 116
148 116
139 117
132 116
124 116
117 117
109 119
101 119
92 118
85 117
78 117
70 119
63 116
56 117
49 119
40 116
33 116
25 118
253 118
243 115
237 117
228 117
219 117
213 116
203 117
195 117
188 117
181 117
171 116
165 117
155 116
147 117
140 117
133 117
123 117
115 117
108 117
99 117
92 117
85 116
74 115
66 115
59 117
51 117
43 117
34 117
24 117
17 117
260 116
252 117
241 116
235 114
225 118
217 115
207 116
199 117
192 117
184 116
174 116
165 118
157 115
148 118
139 117
132 116
122 118
113 115
105 116
98 117
89 115
80 118
72 116
62 118
55 115
46 117
38 116
28 118
18 118
12 117
264 116
254 117
243 116
237 116
226 116
217 115
207 115
200 116
189 116
182 117
173 114
163 117
154 116
145 116
134 116
125 116
117 117
108 117
99 115
91 116
82 114
72 116
62 116
53 114
44 117
36 115
24 116
18 114
8 117
0 116
266 115
256 116
245 115
237 117
228 113
219 114
207 115
199 116
189 116
179 115
169 116
160 115
150 115
141 117
130 115
122 113
110 115
103 117
92 116
82 115
73 115
63 113
52 117
43 115
34 116
24 115
16 115
4 117
281 114
269 115
260 113
247 116
238 114
228 112
217 114
208 112
194 116
184 114
174 113
165 113
153 114
143 114
133 113
123 114
114 115
103 113
89 115
81 117
73 112
60 112
48 115
41 115
30 114
18 116
7 113
284 112
275 111
266 112
254 111
240 113
230 116
220 115
209 112
196 111
183 111
174 112
164 114
152 114
142 111
131 114
116 112
108 114
95 114
87 112
72 115
61 115
51 115
40 115
30 114
19 114
5 116
297 115
283 113
272 113
257 113
247 113
235 114
223 113
211 113
196 113
187 115
173 113
160 113
151 112
137 111
123 113
113 113
100 113
88 110
78 113
65 114
52 110
41 110
29 111
15 113
4 114
299 113
282 112
271 113
259 112
248 112
235 113
219 109
205 112
192 112
178 114
166 113
154 110
138 109
128 112
112 115
98 112
85 113
71 114
61 109
44 109
32 112
17 113
7 110
320 112
304 112
287 107
273 107
258 111
245 110
226 112
214 107
201 107
186 110
167 109
153 110
141 110
126 110
109 111
96 112
82 113
65 110
48 110
34 113
20 112
5 110
328 109
318 110
295 107
284 105
266 106
251 110
232 107
216 108
198 105
180 106
165 107
148 105
132 112
119 106
98 107
82 110
65 110
49 109
30 109
18 112
318 107
302 109
282 105
259 103
247 106
229 106
207 107
191 106
173 107
150 107
130 109
115 107
97 106
74 103
58 105
33 104
18 107
3 111
323 104
299 104
274 108
253 104
234 103
212 103
187 105
166 99
144 104
123 106
105 104
82 105
56 106
38 99
12 103
312 95
278 105
257 96
227 96
209 99
174 100
156 95
126 94
103 103
69 99
46 97
21 95
331 87
293 91
260 88
229 93
201 89
159 88
127 96
95 94
63 100
35 98
2 96
323 79
277 92
239 87
184 89
153 87
100 86
69 89
12 74
300 73
246 65
187 56
124 65
66 56
278 18
184 32
89 51
13 33
