530 371
506 359
469 370
448 369
427 367
383 365
337 366
531 347
464 353
448 355
404 361
354 361
484 338
437 343
370 344
343 345
478 327
454 316
433 326
385 324
365 329
562 314
463 310
441 316
413 311
552 288
521 292
467 288
418 294
362 287
336 292
307 294
566 261
532 267
508 265
420 263
395 258
364 260
333 267
304 262
581 247
554 244
524 247
492 240
462 242
402 247
310 247
588 214
565 220
532 221
498 222
465 220
374 218
339 219
309 206
597 198
456 195
352 198
327 183
284 194
619 154
553 157
513 155
479 155
326 157
293 158
607 112
575 107
498 111
457 111
377 112
329 112
291 111
254 113
638 64
596 69
503 64
430 65
385 73
330 75
294 59
256 65
579 5
530 12
471 2
440 1
381 9
