227 120
221 119
216 119
211 118
204 120
198 118
193 118
188 119
181 120
176 118
170 120
164 118
160 118
153 118
148 119
142 118
137 119
130 119
125 118
119 119
113 118
108 119
103 119
96 118
90 118
85 120
78 119
74 119
68 119
61 120
229 118
222 119
216 119
212 119
205 119
199 119
193 120
187 118
181 120
176 119
169 120
164 118
158 119
152 119
146 118
141 119
134 119
128 118
124 118
116 120
112 119
105 119
100 118
94 118
88 118
82 119
75 119
70 119
63 119
59 119
231 119
224 119
218 118
213 120
206 119
199 118
193 117
187 119
181 119
175 119
170 117
164 119
156 119
151 118
144 119
138 120
133 119
127 117
120 119
115 119
107 120
101 119
95 118
89 120
82 117
78 118
71 119
65 120
58 120
52 119
236 118
229 117
222 118
216 119
210 117
204 120
196 117
189 117
183 117
176 117
170 117
164 118
157 117
152 119
146 118
138 117
133 117
127 118
119 119
113 118
107 118
100 119
94 118
88 118
82 119
74 119
68 118
62 117
56 120
47 118
237 117
230 119
224 118
217 117
211 118
202 118
196 117
188 117
182 118
176 118
169 118
163 119
155 119
149 117
142 117
136 119
129 118
122 118
117 117
109 117
103 118
96 118
89 117
81 117
74 119
70 118
61 118
53 119
49 118
41 118
244 116
237 118
230 118
223 118
216 118
209 116
202 118
195 116
189 118
181 118
174 118
167 118
158 118
153 117
146 116
138 118
131 118
124 116
117 118
111 118
102 118
96 119
89 118
81 118
75 118
68 118
60 118
53 118
46 118
39 119
247 116
242 118
232 117
227 117
219 118
211 116
203 117
197 117
189 119
181 117
175 116
166 117
158 116
152 118
143 116
135 118
129 119
122 118
114 117
107 119
98 117
93 117
84 117
77 118
69 119
62 116
54 117
47 117
39 116
32 116
248 117
241 117
232 117
225 118
217 116
210 117
202 117
194 118
184 117
178 118
168 115
162 115
153 117
146 115
138 118
130 117
121 116
114 118
107 115
98 115
89 117
83 118
76 117
64 118
57 116
51 115
43 115
36 118
25 117
19 117
254 116
246 116
235 116
228 117
219 117
211 116
203 118
194 115
188 115
178 115
170 115
160 116
154 115
146 115
137 118
127 118
120 115
112 115
103 116
94 116
87 116
77 115
70 118
62 116
54 116
45 117
35 116
26 116
22 115
9 116
259 116
251 116
240 116
233 116
224 115
214 114
206 114
196 116
189 116
180 116
169 115
163 116
153 117
145 115
135 118
127 118
117 116
109 114
101 116
92 116
82 115
75 116
65 117
57 117
48 114
40 114
29 116
21 116
13 116
3 114
264 117
253 116
245 115
237 116
227 115
216 115
208 113
198 115
189 117
178 114
171 114
160 114
152 116
142 116
133 115
125 116
114 114
104 115
94 116
85 116
77 115
67 114
56 116
47 117
37 115
27 114
18 116
11 116
1 116
275 115
264 115
253 117
242 113
232 115
223 116
212 115
201 117
192 116
182 113
173 115
161 114
152 115
140 116
130 113
122 117
110 113
101 115
90 117
79 113
71 114
62 113
51 114
41 115
31 115
20 117
13 114
2 116
272 114
264 113
254 114
243 114
232 115
221 114
209 116
199 113
190 112
179 112
169 114
156 112
145 114
134 115
124 112
111 114
105 112
93 115
80 114
70 112
58 112
47 114
35 115
28 114
16 114
4 115
294 116
283 114
271 112
256 114
247 112
232 111
223 114
212 113
197 114
189 114
174 112
165 116
152 112
140 112
128 114
118 113
107 113
93 113
82 115
71 113
56 114
45 114
35 111
25 116
13 113
300 110
285 110
275 112
263 114
251 114
234 111
222 114
208 114
198 114
184 114
171 112
159 114
147 112
136 112
122 112
110 112
97 114
82 112
67 112
55 114
44 110
32 112
16 114
7 111
318 108
304 112
289 114
275 111
260 111
250 111
231 111
221 114
205 112
191 112
178 109
164 111
148 108
133 111
118 108
107 108
90 112
78 111
61 109
53 109
33 112
22 114
8 108
318 106
303 109
287 106
272 109
257 109
242 110
224 111
209 111
190 113
176 109
159 111
143 109
128 109
109 107
98 109
78 109
63 109
49 111
33 109
13 109
0 109
333 108
316 105
296 105
281 107
259 107
241 109
226 109
207 104
190 109
171 107
155 111
135 109
117 111
97 109
81 104
64 107
47 108
26 105
10 109
331 107
309 105
290 105
266 105
251 105
223 109
204 107
190 109
167 105
148 106
124 105
106 105
86 101
65 101
43 101
23 107
0 105
309 102
284 98
269 102
245 98
220 99
196 103
175 102
149 104
121 103
101 97
83 100
52 104
32 98
8 103
314 97
291 100
256 100
229 98
202 98
170 98
138 100
113 92
89 94
61 97
27 100
0 97
324 90
285 98
254 98
217 89
177 94
150 91
108 92
65 90
39 84
9 91
310 73
264 80
211 85
175 79
128 85
83 71
18 84
262 49
197 57
104 69
25 58
241 8
