1174 667
1147 670
1124 667
1100 664
1071 670
1043 673
1017 664
993 670
969 662
938 667
913 670
885 669
859 667
828 670
801 670
778 662
756 667
728 664
699 662
673 670
651 669
617 664
595 667
573 667
547 673
512 667
492 668
465 667
438 662
405 670
1172 667
1142 663
1114 660
1089 672
1059 666
1035 666
1004 661
978 663
944 660
922 666
899 666
864 669
837 666
809 666
780 672
761 663
734 669
704 672
675 667
643 660
622 672
591 666
560 668
536 668
511 666
488 668
458 669
430 666
407 663
373 666
1186 665
1161 659
1129 659
1100 659
1074 665
1050 659
1019 659
995 665
959 659
938 671
901 668
878 659
850 659
814 661
787 665
762 671
737 668
706 665
670 671
648 661
618 661
586 659
562 659
531 665
500 665
475 667
440 671
415 665
392 665
356 671
1223 663
1188 670
1167 663
1130 663
1100 657
1067 657
1038 664
1014 663
981 670
949 663
919 670
887 663
855 664
825 665
803 663
769 657
738 660
709 667
680 664
654 664
620 657
586 657
561 657
530 657
495 670
469 657
442 667
407 660
377 660
349 664
1239 669
1198 662
1176 662
1141 655
1104 666
1081 659
1047 662
1008 656
985 669
951 662
919 658
890 655
853 664
827 662
789 655
765 664
726 662
702 659
671 662
631 662
601 662
575 662
536 665
509 655
478 669
447 662
412 658
378 669
346 662
318 658
1282 663
1235 654
1208 660
1172 657
1139 660
1111 660
1081 660
1045 660
1018 653
978 654
948 653
907 664
878 660
844 653
808 661
779 660
741 654
711 654
684 654
649 653
613 654
580 654
549 657
509 654
486 656
452 653
414 660
374 664
349 664
309 656
1304 652
1273 666
1231 655
1196 662
1168 660
1130 651
1092 659
1055 655
1027 655
988 662
956 666
918 659
883 658
853 652
818 651
779 659
741 666
715 666
675 659
636 651
601 662
567 651
537 659
497 651
468 659
434 659
396 651
369 659
326 651
292 651
1322 661
1283 657
1237 665
1209 652
1172 653
1135 661
1090 653
1054 657
1021 649
990 657
951 661
912 657
880 653
839 661
800 653
769 665
727 657
688 657
659 659
618 653
589 657
540 657
504 658
471 650
441 661
404 653
359 652
324 653
287 665
249 649
1353 647
1313 659
1280 655
1235 650
1192 655
1160 646
1122 655
1081 647
1040 647
1007 659
964 650
925 647
881 651
852 650
812 650
764 657
725 655
697 647
646 646
609 663
570 663
534 646
492 655
463 655
418 659
380 655
332 655
301 646
256 650
227 656
1365 644
1328 644
1297 657
1249 644
1212 648
1174 657
1135 652
1093 661
1047 653
1004 648
968 657
919 653
888 644
845 653
800 657
754 653
723 644
676 657
638 657
598 644
558 653
515 657
467 653
422 652
395 644
353 654
313 647
270 654
222 657
178 643
1432 641
1378 641
1338 645
1304 650
1261 654
1217 650
1182 651
1133 655
1083 645
1039 645
999 652
956 659
911 650
863 655
827 650
783 645
736 654
684 659
639 655
597 641
556 641
513 641
467 646
419 659
375 650
336 650
291 650
253 655
209 645
152 651
1503 647
1449 637
1401 657
1338 638
1305 647
1259 649
1220 657
1167 647
1117 647
1069 642
1025 647
988 657
929 650
887 637
833 651
790 637
747 649
694 642
657 637
597 647
557 637
511 642
459 642
415 646
369 649
332 647
269 647
223 637
181 652
130 657
1481 637
1440 643
1371 637
1341 643
1280 649
1224 638
1173 654
1139 643
1075 643
1033 637
985 644
934 633
872 644
825 633
779 633
727 644
683 648
624 633
573 638
516 648
472 633
429 646
382 633
319 633
284 633
232 644
159 648
121 647
85 644
1506 645
1459 627
1412 639
1344 628
1285 640
1240 639
1174 639
1134 642
1070 628
1014 632
961 627
904 632
855 639
804 638
742 643
685 639
631 645
572 639
518 651
471 639
425 640
349 639
298 634
247 642
190 644
139 639
88 632
27 633
1460 625
1391 634
1329 640
1285 633
1220 637
1163 646
1087 641
1040 634
971 633
905 634
846 626
789 621
729 628
672 634
623 634
552 634
491 626
430 640
378 634
318 636
248 640
197 626
128 646
72 634
15 637
1491 628
1425 635
1375 635
1311 614
1214 621
1174 627
1088 616
1041 628
974 615
909 628
829 621
782 629
702 629
640 615
567 615
509 631
427 627
384 621
306 621
242 642
187 633
130 621
39 628
1480 635
1423 635
1318 605
1264 619
1199 635
1098 611
1044 613
952 604
883 621
826 610
741 610
661 621
581 619
528 605
449 635
370 605
300 619
214 619
145 624
58 620
1 604
1462 611
1375 594
1307 619
1224 618
1132 612
1055 609
970 627
899 629
796 627
708 610
634 609
560 615
452 609
391 611
293 620
213 627
137 600
44 619
1477 601
1381 620
1270 582
1195 601
1119 599
999 582
903 609
824 607
730 608
640 587
547 580
438 581
342 599
227 598
162 586
52 598
1417 587
1342 565
1218 584
1104 571
1008 587
906 584
786 583
691 586
592 585
476 566
338 569
266 586
153 594
25 583
1484 565
1352 566
1216 565
1112 548
960 539
851 534
698 543
596 534
431 547
302 563
168 568
36 577
1404 537
1227 499
1023 536
856 528
707 549
566 547
401 541
250 570
64 547
1475 483
1269 446
1100 486
859 491
622 483
450 478
184 428
42 441
1419 430
990 412
731 371
364 383
102 379
1238 43
582 14
46 79
