484 235
468 234
459 234
444 233
430 233
416 236
400 236
390 233
371 236
361 236
344 236
330 236
318 237
303 236
288 239
277 237
262 236
248 234
232 239
222 236
206 233
194 233
179 236
167 233
149 237
138 237
125 233
110 236
95 236
79 237
484 235
470 232
454 236
441 236
429 232
412 232
397 233
384 235
367 232
353 233
337 235
325 232
311 237
296 236
281 235
266 235
250 237
234 236
223 233
209 234
192 235
179 235
163 238
151 235
135 237
120 235
109 233
90 235
79 234
63 237
488 235
476 233
461 233
444 233
431 235
412 235
398 236
381 236
370 232
351 231
338 236
321 232
307 236
288 235
276 236
259 235
245 235
229 236
212 236
196 233
184 233
167 232
153 235
135 235
121 235
105 235
93 235
73 235
62 235
47 236
504 237
484 234
468 234
451 234
435 234
416 234
403 230
384 235
367 231
355 231
335 230
320 234
307 230
290 234
274 237
253 235
241 230
220 234
208 235
193 234
175 234
160 235
145 232
126 234
108 234
93 235
73 234
61 230
47 234
31 232
515 231
502 233
486 236
466 229
452 229
433 236
415 231
396 233
381 229
364 233
342 233
326 236
308 234
289 234
274 233
256 234
240 236
222 233
204 229
184 233
169 233
150 236
136 234
120 229
104 229
83 233
67 234
44 233
32 229
9 229
532 231
516 232
491 233
476 230
459 229
439 228
420 231
400 228
380 232
367 229
347 232
327 229
310 231
287 229
270 228
252 232
230 229
214 233
200 232
177 230
161 229
137 235
124 232
105 232
86 233
67 232
49 232
31 233
11 229
538 230
515 234
498 234
476 235
460 228
435 230
419 230
395 226
380 234
361 234
341 228
319 233
299 232
281 232
260 231
239 227
214 230
200 228
176 226
160 228
139 231
117 230
96 228
79 232
57 230
41 234
18 228
565 231
540 234
525 225
499 229
479 225
454 225
439 229
415 225
392 229
371 225
353 230
330 225
310 230
287 225
271 230
246 229
221 229
207 229
181 225
162 225
140 225
118 229
104 227
75 231
54 225
29 229
13 230
565 228
548 222
517 223
497 232
477 229
455 228
429 223
403 229
380 227
362 223
340 223
315 227
291 227
264 227
244 223
222 223
195 229
180 228
147 227
129 232
109 223
86 227
54 227
29 232
14 225
604 225
580 225
550 227
526 228
502 225
475 230
446 230
419 220
396 225
368 228
351 225
326 220
299 225
269 220
243 220
221 230
196 225
165 228
145 225
123 225
92 228
67 222
41 228
16 228
622 224
588 223
562 217
537 222
501 226
479 223
445 223
415 220
389 217
359 223
338 224
304 226
277 223
250 220
220 217
200 223
168 224
138 223
106 228
79 228
54 219
23 219
650 219
617 219
587 215
549 213
524 223
500 219
457 216
432 220
396 220
365 223
332 223
299 223
273 215
243 213
209 219
182 223
150 213
119 213
82 226
56 216
15 225
646 209
617 220
583 209
538 217
504 210
474 212
446 217
405 209
371 219
341 216
304 212
263 216
232 223
202 216
169 213
131 216
93 217
57 209
29 217
660 211
613 203
567 206
529 211
490 212
447 204
419 206
371 202
333 211
295 211
259 212
208 214
179 212
137 202
90 213
50 211
17 211
640 214
577 202
525 206
484 205
437 206
402 197
343 210
310 196
264 215
204 199
167 205
125 215
61 214
34 200
664 203
601 198
560 189
504 188
446 187
385 208
329 197
287 188
223 199
167 209
127 201
66 208
5 196
630 172
578 183
486 183
433 183
347 185
284 188
215 186
158 199
91 171
17 170
653 172
550 175
450 177
384 184
301 165
203 152
108 166
10 162
639 123
494 124
369 97
253 138
91 95
546 45
370 71
126 43
