366 178
355 177
346 178
334 179
325 179
315 178
304 180
291 180
283 179
272 179
260 178
253 176
239 180
230 177
219 177
208 176
198 178
188 178
177 178
169 176
157 176
145 177
136 179
125 179
115 176
104 176
94 178
85 178
72 178
60 178
370 178
361 176
347 178
339 178
326 178
317 179
306 178
294 178
284 178
272 180
259 176
249 180
239 179
228 178
216 180
204 176
196 177
185 178
175 176
163 180
152 179
139 178
129 180
119 180
105 178
94 177
84 177
75 178
61 177
52 180
380 178
370 178
357 176
343 177
333 178
321 175
311 179
299 177
284 177
273 180
262 179
252 176
241 179
229 179
218 177
205 177
194 177
182 175
169 178
159 176
147 175
133 180
121 176
113 177
102 175
89 179
76 177
65 178
53 177
42 177
384 177
372 177
358 177
348 177
333 174
323 177
308 177
296 177
284 177
271 177
260 175
245 177
234 174
222 177
211 178
195 177
183 177
171 178
157 179
145 175
134 175
121 179
108 177
99 175
84 177
71 177
61 174
47 178
36 177
24 179
395 177
383 176
366 173
355 176
343 176
330 173
317 177
303 173
290 176
275 176
263 177
249 174
236 176
224 177
209 176
199 176
183 177
173 176
158 173
145 176
133 173
118 176
108 176
94 173
79 176
68 177
53 173
38 174
27 175
12 176
396 177
382 177
370 173
356 176
343 175
330 175
311 175
299 174
284 175
271 177
257 175
242 177
228 174
219 175
204 176
186 175
174 175
160 173
145 175
131 178
116 175
102 176
92 177
76 175
60 176
47 172
37 175
20 178
2 176
406 172
390 176
375 177
363 174
343 171
328 177
317 176
301 174
285 174
272 174
253 175
240 174
227 174
211 172
193 171
178 171
167 173
151 171
135 173
122 176
107 175
91 174
75 176
58 171
46 174
33 175
16 173
3 171
412 170
398 174
381 175
368 171
347 173
332 170
317 173
301 174
283 170
267 173
255 173
234 170
218 175
202 173
186 171
174 177
155 174
136 175
123 171
107 173
93 173
74 172
61 170
47 173
27 173
12 177
443 174
425 174
411 174
389 170
371 174
355 170
339 170
316 170
301 170
284 174
266 172
253 173
234 172
213 172
198 170
180 172
160 173
141 168
129 172
108 168
90 175
76 168
59 175
42 172
21 173
6 172
452 172
434 170
415 168
395 172
377 171
359 170
337 171
317 171
298 167
279 172
260 171
240 170
226 171
207 171
185 166
166 174
145 172
128 174
107 169
86 166
68 170
54 167
29 172
15 167
469 165
451 169
432 165
414 169
383 165
369 164
348 168
323 165
303 171
286 166
259 166
245 170
221 171
201 165
181 165
160 170
139 169
115 165
96 168
69 171
53 168
36 169
8 166
483 166
459 167
436 163
412 169
394 166
368 171
342 166
321 163
294 169
276 171
252 164
230 167
203 169
181 167
155 162
136 166
108 162
91 166
65 166
38 169
19 169
482 161
455 161
436 168
409 161
385 169
357 163
328 158
305 166
276 163
246 159
223 165
196 164
170 158
141 158
114 169
91 164
71 164
34 163
10 161
509 166
470 160
451 161
415 163
383 160
362 163
323 163
295 160
262 162
240 163
211 160
178 160
145 160
118 160
81 161
52 154
21 160
490 154
450 162
424 154
389 148
344 162
318 157
281 159
246 163
206 154
177 147
134 156
105 149
71 151
30 154
493 145
454 148
406 149
366 149
329 150
293 149
241 153
210 149
159 141
122 149
85 150
48 150
512 149
457 137
403 145
358 131
303 141
249 137
199 141
157 150
96 129
52 140
502 129
450 125
386 118
314 135
241 141
164 112
118 112
57 115
435 74
316 85
233 86
135 101
51 86
382 18
44 2
