584 267
569 267
562 267
549 266
538 266
527 268
514 268
505 266
489 268
481 268
467 268
455 268
445 269
433 268
421 271
411 270
398 268
387 267
374 271
366 268
350 266
342 266
330 268
319 266
305 269
295 269
284 266
272 268
260 268
247 269
587 268
576 265
562 269
552 269
541 265
528 265
515 265
505 268
490 265
478 266
465 268
456 265
444 269
433 269
420 268
408 268
394 269
382 268
371 265
360 266
347 268
335 268
321 270
312 268
298 269
286 268
277 266
261 268
253 267
239 269
594 267
584 266
572 266
558 266
548 268
533 267
521 269
508 269
498 265
483 265
472 269
458 265
447 268
431 267
421 268
408 267
396 267
383 269
370 269
357 266
347 266
332 265
321 267
306 267
296 267
283 267
272 268
256 267
247 267
234 269
613 270
596 267
584 267
570 267
557 267
542 267
531 264
517 268
502 264
492 264
476 264
464 267
454 264
440 267
427 270
410 268
401 264
384 267
375 268
362 267
347 267
334 268
322 265
307 267
292 267
280 268
265 267
255 264
243 267
230 265
627 265
617 266
603 269
587 263
577 263
562 269
546 265
531 266
519 263
507 267
489 266
477 269
464 267
448 268
437 266
422 268
409 269
393 266
378 263
364 266
352 266
338 269
326 268
313 263
299 263
284 266
271 268
253 266
242 263
225 263
647 265
634 265
614 267
602 264
589 264
572 263
559 265
543 262
526 266
516 264
502 266
485 264
473 265
453 264
441 262
426 265
410 264
398 266
384 266
367 264
356 264
336 268
325 266
312 265
297 267
281 265
268 266
253 267
237 264
222 262
657 265
638 268
626 268
608 268
595 263
577 265
564 265
546 262
535 268
520 268
503 263
486 266
472 266
458 266
440 265
424 262
407 265
395 263
377 262
363 263
348 265
332 265
316 263
302 266
285 265
272 268
254 263
239 262
223 265
211 265
663 267
651 261
632 264
617 261
597 261
586 264
569 261
552 264
534 261
521 265
503 261
488 265
470 261
460 265
439 264
422 264
410 264
390 261
375 261
359 261
344 264
330 262
310 266
294 261
277 264
264 265
250 264
233 261
214 266
677 259
653 260
639 267
626 265
609 264
587 260
568 264
553 263
538 259
523 259
505 263
488 263
466 263
449 260
433 260
414 264
402 263
381 263
367 267
350 260
334 263
313 263
294 266
280 261
263 265
246 263
228 263
209 265
192 263
670 264
652 262
634 266
612 266
590 258
575 262
555 264
542 262
524 258
505 262
483 258
465 258
449 266
430 262
410 264
393 262
378 262
356 264
340 259
320 264
304 264
280 264
264 260
251 264
228 266
207 258
191 258
662 263
647 261
622 261
603 258
582 257
562 261
547 261
524 263
507 260
484 259
464 257
451 261
429 262
407 261
387 265
368 265
348 258
330 258
307 256
289 261
270 264
252 261
232 260
211 261
193 263
174 261
677 259
646 256
631 260
603 259
583 261
561 261
540 261
523 256
501 255
479 259
458 261
437 255
418 255
393 263
373 257
351 263
328 254
307 257
285 255
265 257
245 261
226 259
202 255
178 259
160 257
670 255
650 258
625 253
605 260
584 257
557 255
535 257
516 262
492 258
469 255
448 258
419 258
397 253
378 258
351 262
329 255
303 262
280 258
262 259
234 259
216 260
188 253
166 260
151 258
668 251
653 252
626 250
602 255
579 255
553 256
521 257
503 256
481 250
453 257
428 255
405 256
374 258
350 253
328 255
304 256
281 253
257 253
229 251
204 257
180 253
149 257
131 255
661 248
632 256
610 248
582 259
551 250
530 253
503 259
473 259
446 250
413 253
395 253
362 255
335 259
308 248
280 256
254 259
228 254
203 253
169 256
142 250
115 256
652 251
623 245
598 252
562 257
538 253
511 257
480 251
447 254
419 245
389 251
354 245
328 252
302 257
272 254
238 252
214 247
180 251
147 245
118 251
86 254
664 249
627 248
605 254
572 241
538 241
499 241
471 254
432 241
397 241
375 249
337 241
308 241
272 247
235 248
203 248
166 248
136 248
106 248
76 242
669 237
639 244
606 243
562 246
529 248
494 244
450 239
423 239
381 244
347 252
311 240
273 236
227 240
196 244
152 239
109 251
74 243
39 236
643 247
596 246
565 246
508 233
473 241
418 241
383 234
337 243
295 238
260 239
211 240
164 238
125 232
82 239
33 238
671 233
632 231
568 231
521 236
472 223
426 223
378 237
323 231
277 237
218 241
169 237
118 231
81 231
31 237
646 231
578 227
528 220
464 219
395 222
336 221
286 208
205 213
151 213
89 219
28 207
661 202
579 191
516 183
432 202
343 188
264 200
179 202
109 206
10 183
644 173
509 158
377 182
273 150
170 156
65 177
518 88
322 100
169 107
6 118
