677 281
658 289
653 283
633 285
675 278
641 282
618 286
603 280
661 277
631 282
606 281
589 284
568 280
643 273
611 270
589 276
561 283
545 285
529 287
649 265
631 271
588 267
559 278
540 275
533 280
518 286
637 259
599 266
574 272
544 279
524 279
512 276
498 278
482 281
628 239
605 269
554 271
529 272
514 275
494 272
475 275
473 284
461 286
596 248
557 252
530 265
515 266
497 279
470 275
461 278
444 283
439 278
430 286
577 201
538 244
487 249
464 265
455 270
441 272
424 267
421 282
412 282
413 286
403 282
520 165
458 206
440 242
411 234
413 257
402 264
393 270
384 270
376 271
372 274
375 278
373 287
359 117
341 173
349 219
333 237
327 264
334 269
341 265
341 270
333 283
341 285
336 282
342 280
334 288
146 148
197 207
236 219
247 252
262 256
267 252
272 264
281 277
292 278
293 273
303 283
301 282
302 282
35 176
102 211
143 232
181 258
197 271
224 268
230 267
249 280
258 273
263 285
261 287
273 292
56 248
108 260
144 263
169 259
187 281
199 280
216 277
226 283
235 290
238 282
59 245
90 254
115 259
150 274
163 280
172 281
185 284
204 285
209 289
14 248
43 260
84 280
111 275
133 280
144 281
156 283
173 288
26 262
67 271
85 278
106 274
127 286
145 291
14 270
48 277
76 282
92 277
113 285
128 281
22 283
49 276
76 285
95 281
10 287
35 285
62 280
11 281
32 289
8 289
