58 155
172 157
311 75
24 349
108 304
197 267
310 224
451 175
599 91
800 50
76 369
140 373
204 324
292 327
395 286
502 249
632 262
815 200
994 142
7 465
73 436
123 435
180 420
231 415
311 387
394 368
496 360
598 347
720 308
850 277
20 497
53 491
99 477
154 455
201 454
255 445
321 413
396 419
468 382
558 384
647 366
770 350
896 318
6 532
46 499
80 498
124 483
162 492
208 501
257 464
314 468
376 454
444 426
509 432
591 396
680 381
772 376
889 380
37 534
63 529
104 510
137 505
176 527
224 507
259 515
310 498
364 469
416 458
480 484
551 455
623 463
703 433
798 407
901 414
1009 387
84 542
116 532
145 539
182 541
224 510
264 510
304 503
352 497
404 483
461 490
521 466
583 457
658 482
731 454
815 441
907 432
1004 437
136 550
164 545
200 548
235 543
270 532
315 526
361 529
402 516
454 504
505 518
560 486
623 489
695 498
758 453
846 470
926 431
1012 441
182 562
214 552
252 537
281 556
315 540
359 523
402 518
446 530
488 506
544 515
601 508
657 492
723 496
781 470
864 477
942 467
215 568
255 563
288 545
316 554
355 548
392 545
436 542
477 535
522 530
571 518
622 506
675 519
732 508
793 487
863 485
938 490
252 564
285 557
315 569
347 561
380 551
416 554
452 562
495 558
537 544
583 525
636 521
687 520
739 529
795 517
862 511
929 504
1006 501
321 562
353 560
422 553
460 566
496 557
538 546
578 555
618 545
668 529
716 537
771 519
821 514
881 508
954 523
327 570
384 565
484 565
522 562
558 560
599 561
641 556
687 549
733 544
784 540
845 540
895 530
962 525
579 556
623 563
657 559
702 556
746 542
793 549
844 539
900 540
963 535
522 568
670 556
712 553
754 554
796 546
844 554
895 550
947 546
1007 544
