14 155
249 105
515 159
767 83
1012 193
1258 194
125 193
326 221
539 220
739 225
942 248
1145 275
1327 249
35 322
197 345
364 274
527 275
696 278
874 270
1052 320
1210 323
1376 342
143 375
272 395
429 348
574 371
722 344
856 373
1000 332
1141 330
1288 328
68 372
195 408
315 387
459 374
580 427
694 409
820 392
953 406
1076 409
1194 386
1329 425
60 454
167 473
285 407
393 450
505 456
614 457
735 448
845 455
960 441
1063 407
1179 421
1302 455
99 468
195 461
295 460
400 460
504 492
604 432
695 476
806 462
908 461
1001 431
1111 477
1200 492
1296 462
70 455
166 455
247 453
343 466
429 481
522 481
610 481
698 494
795 489
891 508
979 495
1057 466
1151 467
1249 480
1341 482
44 510
120 497
209 473
295 498
372 510
460 497
534 498
621 497
706 496
784 472
867 482
959 498
1038 482
1117 510
1205 522
1292 472
1370 482
12 510
83 509
173 488
241 509
318 517
397 496
466 533
549 521
627 533
708 511
783 510
852 510
928 488
1013 522
1092 510
1169 496
1242 522
1320 522
60 510
132 512
203 502
270 510
341 534
410 513
487 523
550 502
621 502
699 511
764 502
832 522
905 512
981 510
1044 511
1114 502
1189 533
1264 523
1327 510
52 534
109 543
182 524
241 553
309 534
377 543
446 544
504 533
569 553
640 514
702 513
771 513
837 524
901 553
971 513
1031 534
1100 543
1166 522
1235 533
1304 543
1361 523
29 542
85 561
147 542
212 523
270 542
337 560
392 551
458 542
519 551
581 545
638 551
707 542
762 533
822 552
889 542
951 542
1008 542
1067 524
1140 542
1196 523
1253 561
1319 552
1378 532
21 559
82 550
139 550
199 532
253 540
308 568
369 550
422 559
481 550
540 533
599 550
657 558
712 555
774 532
827 558
889 559
941 550
1003 540
1058 558
1116 567
1177 550
1228 539
1292 555
1356 555
4 548
59 548
113 548
169 557
219 565
280 541
327 540
380 557
435 547
495 557
544 574
601 541
658 547
710 557
760 549
819 541
868 574
927 560
981 565
1032 557
1086 557
1145 573
1198 565
1255 562
1307 562
1357 540
39 547
90 547
136 562
194 563
244 553
294 565
349 563
397 566
453 547
500 547
550 547
599 547
655 563
707 553
757 565
811 547
859 553
917 565
962 554
1015 554
1064 563
1115 555
1173 563
1223 555
1269 547
1322 570
1374 555
7 567
55 575
113 559
159 553
203 575
258 558
303 558
352 552
401 558
451 570
502 567
550 567
599 571
651 558
694 568
746 575
798 570
847 567
896 553
939 552
992 583
1039 558
1093 567
1137 583
1189 552
1236 552
1290 575
1333 552
47 558
89 586
137 576
183 572
235 572
277 563
326 579
374 572
418 572
471 572
514 572
561 558
612 572
654 586
699 579
751 563
799 558
846 572
891 558
940 572
986 575
1026 558
1080 557
1123 579
1176 572
1223 572
1262 558
1313 557
17 568
63 580
105 576
155 576
201 568
244 590
292 569
332 576
381 576
424 568
472 562
513 576
556 583
605 568
648 576
697 562
740 569
782 576
829 590
872 576
914 562
967 583
1012 590
1051 568
1094 568
1143 576
1189 576
1232 583
1277 563
11 580
49 587
97 587
141 572
187 567
227 580
272 572
309 587
351 593
398 572
443 572
482 580
528 580
566 580
611 567
654 567
696 580
741 586
786 580
828 574
866 584
914 567
957 583
997 586
1042 580
1083 584
1128 567
1173 580
1217 580
1255 572
51 584
90 584
130 596
168 584
211 590
256 578
296 584
337 578
376 576
418 584
459 584
499 590
541 584
584 577
625 584
664 584
708 577
750 596
788 571
832 578
871 586
914 577
955 584
996 576
1035 584
1078 571
1116 576
1163 584
1206 596
1246 586
66 600
105 580
144 575
184 587
224 581
264 575
304 576
342 575
380 587
419 590
458 600
498 588
539 594
580 593
617 591
655 587
698 590
738 591
774 591
813 575
853 587
895 587
932 575
976 599
1013 587
1051 575
1089 575
1131 591
1170 580
1209 600
94 584
128 591
170 593
210 591
245 591
283 591
322 593
359 593
398 591
432 584
472 591
513 591
548 602
588 579
621 591
659 597
698 579
738 591
776 584
811 602
847 584
889 593
922 584
961 584
1000 579
1036 579
1075 593
1116 591
1151 591
1187 584
124 594
161 594
194 600
234 605
272 588
309 583
341 596
376 596
416 600
453 594
489 594
526 594
558 599
596 594
630 587
670 594
702 594
738 587
777 594
812 600
847 594
887 594
920 583
956 605
995 587
1031 596
1064 583
1102 594
1135 583
1178 594
142 597
181 597
213 597
248 597
286 586
319 590
351 590
389 602
422 602
456 597
495 597
525 607
561 597
597 592
632 608
670 586
703 597
739 597
774 597
809 597
844 592
875 597
910 600
945 600
982 590
1016 592
1053 597
1088 597
1122 597
1158 592
158 605
187 610
224 593
256 593
292 599
325 589
359 599
395 610
428 589
463 594
496 602
528 599
563 594
596 599
629 594
661 610
698 605
729 589
765 589
796 589
832 599
867 599
899 599
931 589
964 605
1003 610
1033 599
1066 593
1100 593
1139 610
179 601
214 604
243 595
275 612
310 606
340 611
376 606
407 591
441 606
472 602
504 606
536 601
570 606
604 591
638 602
672 591
703 601
736 596
766 595
800 602
831 601
866 596
899 601
930 596
966 601
998 601
1030 601
1064 606
1096 603
1129 591
194 606
224 613
257 604
289 594
321 604
353 608
383 604
416 609
448 594
477 604
510 604
541 594
571 604
604 594
635 604
667 604
701 604
729 594
762 604
795 594
824 613
859 604
888 608
920 609
954 604
984 594
1017 599
1046 604
1081 609
1110 594
208 606
238 606
270 606
300 610
330 615
362 606
393 596
420 600
451 600
481 606
513 615
544 601
574 610
604 610
634 608
668 606
697 608
728 600
759 610
791 596
819 596
849 600
883 610
912 606
941 606
973 606
1007 610
1033 600
1064 596
1095 606
224 607
254 607
280 607
311 607
341 602
370 607
401 612
430 610
463 608
491 598
519 617
550 610
580 603
609 612
641 607
671 602
698 616
729 610
760 598
790 608
816 607
849 609
876 598
909 612
939 612
969 598
996 598
1025 598
1057 612
1085 607
235 614
266 604
292 600
320 609
351 618
379 605
407 609
436 609
466 614
495 609
523 609
553 604
583 618
612 611
639 604
667 609
696 609
727 618
753 609
784 609
812 609
841 609
868 604
900 609
928 609
959 609
984 600
1013 604
1044 604
1073 609
244 619
273 611
300 615
326 612
356 602
385 611
413 606
440 606
467 619
500 602
524 611
554 615
582 619
610 602
637 613
667 606
696 613
722 606
749 611
779 611
807 602
833 602
864 611
893 615
919 606
948 615
975 602
1004 611
1030 602
1059 602
260 612
288 604
314 617
344 608
370 612
398 615
424 617
452 607
478 604
507 604
535 604
562 615
590 612
617 613
645 615
669 604
696 615
725 612
752 604
779 615
805 604
836 604
863 614
889 615
917 613
943 612
973 612
998 608
1024 617
1052 612
273 618
300 622
330 618
357 606
379 614
407 614
436 618
461 618
487 614
515 618
541 609
567 618
595 609
619 606
647 622
672 610
701 614
726 618
751 610
780 618
805 616
833 622
859 614
884 614
912 606
937 606
964 616
990 616
1015 609
1044 606
