206 91
415 112
596 63
814 84
997 112
1215 112
1417 171
101 223
269 244
450 211
626 172
788 189
966 217
1135 223
1320 230
1487 228
10 318
189 266
316 347
478 318
634 283
776 262
936 339
1085 345
1234 322
1374 325
1511 304
94 399
224 358
384 330
500 374
639 365
760 381
898 369
1035 364
1169 347
1285 343
1448 377
83 420
202 385
318 436
429 425
564 387
670 453
790 387
907 436
1013 430
1130 387
1249 401
1375 421
1484 420
64 463
160 462
275 443
372 444
485 463
586 432
696 462
795 479
894 479
1002 460
1101 444
1205 444
1314 461
1423 461
40 481
133 470
215 498
318 482
408 480
505 513
607 497
698 525
785 471
883 499
989 511
1070 470
1163 471
1260 473
1360 498
1451 512
72 527
157 525
251 539
329 526
419 550
504 526
597 524
680 550
773 529
862 532
950 538
1028 531
1123 526
1213 525
1295 533
1376 525
1471 532
38 522
120 523
190 570
282 531
358 546
443 546
524 522
598 546
679 547
765 523
847 545
932 545
1003 533
1092 547
1173 550
1260 550
1329 548
1420 559
1495 548
37 545
106 588
190 544
264 544
338 579
406 566
482 578
560 568
635 566
717 574
794 546
865 567
942 567
1018 578
1096 578
1169 544
1246 579
1320 567
1387 545
1460 546
1 594
76 596
147 585
218 584
283 606
360 596
428 589
504 584
572 585
646 563
719 584
785 606
856 583
929 585
1003 584
1070 563
1138 583
1216 585
1283 585
1346 564
1422 574
1497 588
41 622
114 581
176 622
243 581
314 601
375 592
446 582
509 582
577 605
646 611
705 601
774 621
844 621
907 590
975 621
1044 621
1109 602
1173 606
1236 601
1302 582
1370 602
1428 582
1503 608
19 618
90 603
144 633
213 596
269 614
339 619
398 597
461 621
528 625
583 618
645 604
712 596
773 615
835 616
893 604
965 625
1022 614
1083 625
1148 614
1211 616
1272 624
1338 633
1401 633
1462 615
61 609
120 627
174 645
239 610
287 635
351 635
409 635
473 609
535 608
586 627
648 627
706 617
771 645
822 630
888 626
943 633
1003 617
1061 627
1120 618
1180 618
1243 626
1299 626
1360 627
1419 627
1470 628
34 638
99 628
152 647
212 622
264 637
323 638
374 646
433 639
489 647
540 638
601 621
654 647
709 637
767 642
823 622
879 628
933 637
992 638
1051 637
1103 655
1157 641
1216 637
1274 637
1329 638
1385 655
1436 621
1491 621
27 647
74 655
131 647
185 631
239 638
297 632
342 647
397 663
454 656
502 656
561 637
612 655
668 647
717 656
773 648
826 655
883 655
934 631
985 639
1038 637
1089 648
1147 647
1201 648
1257 647
1305 655
1354 638
1413 647
1470 648
10 657
63 642
113 649
166 658
216 658
263 672
311 664
365 657
417 657
467 662
516 657
570 657
616 657
673 658
723 657
773 642
819 657
871 658
923 642
971 658
1027 642
1077 665
1129 648
1176 657
1227 672
1277 648
1329 658
1378 658
1432 672
40 656
89 656
134 665
183 650
231 666
277 650
329 650
375 665
423 665
474 665
523 658
565 680
620 656
669 650
714 668
761 680
815 670
863 672
908 665
954 673
1009 670
1053 673
1103 651
1154 658
1200 680
1251 673
1293 673
1347 673
1392 665
24 673
67 673
118 673
169 659
214 666
260 676
302 665
344 687
392 687
438 680
485 677
537 680
579 673
630 673
674 680
717 673
769 687
809 687
861 687
905 673
953 680
996 673
1040 673
1086 673
1139 680
1180 659
1226 666
1274 673
1323 687
1372 680
64 694
105 684
151 672
198 680
247 673
284 680
328 680
379 672
420 680
464 666
505 687
551 667
597 680
641 666
685 680
730 694
774 684
821 687
861 680
909 680
955 680
999 687
1041 672
1085 680
1128 666
1173 680
1220 682
1265 687
1309 687
1355 694
76 693
120 680
163 692
206 679
244 700
292 678
330 699
374 686
419 686
458 686
505 690
544 673
586 688
632 686
674 692
715 693
759 673
804 678
844 686
886 686
928 674
973 699
1018 692
1058 693
1101 692
1143 678
1186 678
1231 686
1268 680
1314 699
107 692
153 680
188 692
229 692
273 684
314 698
355 684
395 686
441 679
482 686
519 679
558 696
602 680
645 685
686 692
726 692
762 692
804 692
846 692
891 692
932 692
969 692
1013 698
1049 692
1090 679
1137 692
1171 680
1215 684
1257 679
1299 698
126 703
166 685
208 685
246 703
286 685
324 697
366 689
406 690
442 685
482 697
522 691
562 703
603 703
642 690
683 685
720 685
759 689
802 691
843 700
877 685
919 697
957 685
998 709
1037 685
1077 685
1117 697
1157 700
1199 697
1238 697
1276 697
153 695
191 702
228 714
268 702
304 714
341 708
384 702
422 714
461 702
497 690
533 702
572 708
611 708
653 708
690 695
726 708
763 714
802 695
843 695
878 702
916 708
954 708
993 705
1034 702
1072 702
1105 691
1148 702
1184 702
1222 706
1262 691
174 718
216 706
256 700
290 707
325 712
360 710
396 706
438 707
473 696
509 707
545 701
587 713
619 707
660 707
693 695
734 709
766 707
808 696
841 707
882 696
915 707
954 712
991 696
1028 700
1066 695
1102 710
1139 706
1176 707
1211 701
1246 700
198 700
234 711
272 699
306 714
340 704
375 711
413 700
449 700
483 711
521 713
556 704
594 711
626 711
664 704
701 711
735 700
769 711
806 711
841 716
881 716
911 700
948 711
987 711
1020 716
1057 700
1091 711
1132 711
1165 714
1203 714
1239 711
216 715
253 715
286 721
320 717
355 715
390 715
424 715
458 720
495 715
529 715
563 726
597 715
634 715
667 715
704 715
735 715
771 709
806 715
843 709
877 705
911 717
947 721
982 704
1017 710
1049 715
1086 715
1119 717
1152 715
1190 718
1221 715
223 724
259 719
291 719
323 730
356 729
392 719
424 719
461 709
493 719
526 719
558 722
592 721
629 721
660 709
696 719
726 709
763 709
797 719
828 719
861 722
896 724
929 729
960 714
997 719
1028 721
1063 719
1099 722
1133 719
1162 709
1199 719
