92 21
544 22
784 47
185 101
352 127
518 97
679 149
860 145
12 194
146 252
278 231
419 255
558 191
685 252
815 177
959 253
78 262
196 242
309 277
408 261
524 259
645 226
747 268
857 242
980 259
54 263
160 263
255 291
348 304
438 291
544 319
640 274
738 277
833 288
930 272
3 315
95 303
179 316
270 293
352 316
440 317
527 328
602 324
690 303
783 342
869 323
952 300
62 341
143 334
221 333
298 333
373 334
445 344
528 310
604 357
676 334
756 321
836 338
911 355
988 319
48 369
126 349
194 328
260 369
327 351
402 327
466 348
540 354
611 348
676 347
747 352
817 348
894 369
956 347
11 341
68 351
133 341
199 366
264 379
330 348
388 349
457 351
520 360
579 379
647 370
707 361
769 349
841 370
902 360
959 361
55 381
112 362
169 372
228 381
290 355
342 381
403 373
457 376
519 361
578 381
638 377
690 372
753 372
806 361
869 372
928 354
981 381
42 373
94 380
150 365
201 380
259 371
313 381
364 371
423 373
474 365
525 381
582 397
634 397
692 386
749 381
795 373
853 381
908 365
956 364
1018 389
26 381
75 373
129 388
175 388
226 389
274 404
329 396
379 388
426 389
478 392
529 388
578 388
632 388
676 403
729 389
775 381
826 373
875 389
932 388
981 373
47 396
96 381
139 396
189 381
239 381
282 396
325 399
377 395
423 396
471 396
516 396
565 382
611 399
651 382
704 381
748 395
794 396
839 396
887 382
937 402
983 396
0 402
44 402
91 389
129 394
175 402
215 402
260 402
306 389
346 389
389 402
435 402
481 402
525 409
563 402
607 389
651 403
697 416
740 389
787 402
826 415
872 406
915 402
957 389
1003 416
23 407
61 419
111 395
149 400
187 407
229 409
272 399
316 413
357 411
398 407
437 394
478 394
517 411
558 407
604 394
644 407
685 394
727 401
772 419
809 395
849 395
889 419
930 407
974 413
1012 399
22 400
56 412
92 418
138 405
176 412
212 416
251 418
292 405
333 414
370 418
410 418
444 406
487 412
524 412
566 418
605 412
639 414
683 424
717 412
759 406
798 412
835 400
870 400
914 412
951 418
993 412
2 409
36 416
76 416
113 416
149 427
185 409
220 409
259 416
294 422
332 409
371 416
404 422
444 421
481 427
516 427
552 416
589 405
628 416
666 421
702 405
742 416
774 409
813 416
850 416
889 418
921 416
957 405
1001 421
21 409
59 409
89 420
127 409
160 422
198 425
231 414
265 409
301 420
335 422
373 409
407 409
442 423
475 423
511 409
546 409
579 409
617 430
651 420
688 422
720 422
757 425
793 409
830 430
864 419
897 425
932 420
967 422
9 428
42 423
77 413
108 423
140 426
175 423
207 423
241 433
277 417
311 425
344 418
376 423
410 413
446 423
479 433
511 423
546 423
578 423
613 423
645 433
677 423
715 423
748 433
777 417
816 433
848 423
881 425
912 418
950 426
30 426
60 429
91 426
124 436
160 426
189 426
222 421
255 431
288 416
321 426
352 416
384 416
415 416
446 426
479 431
512 426
545 420
576 416
606 416
638 420
673 426
703 416
738 428
767 436
799 429
835 426
866 426
899 429
926 426
17 423
49 433
79 433
112 419
141 433
174 428
203 428
236 419
265 428
297 424
329 419
359 428
387 429
421 428
451 430
480 438
510 433
545 419
576 419
606 438
634 429
668 428
696 428
729 429
759 428
793 423
824 438
850 429
884 428
916 433
48 422
77 426
107 422
137 431
165 431
194 431
224 431
256 426
284 422
314 422
341 433
372 431
403 431
431 434
460 440
489 431
519 431
549 431
582 426
611 431
640 422
669 422
699 431
728 431
758 422
787 426
818 431
848 436
878 440
908 426
60 425
86 433
113 433
142 438
175 425
202 438
230 428
258 433
288 433
315 429
343 429
374 425
399 433
429 433
457 425
488 433
516 433
543 435
573 438
600 433
629 425
658 433
685 424
715 425
742 425
770 436
798 429
829 433
857 429
886 433
73 436
100 440
125 444
155 436
181 431
209 438
238 437
265 431
293 436
320 437
346 436
373 427
402 437
430 431
458 436
483 440
510 444
539 432
565 436
593 440
617 427
648 444
675 427
700 438
728 436
756 436
781 427
811 431
840 436
866 444
94 446
120 438
147 440
172 438
200 439
225 439
252 430
278 438
304 433
333 438
356 438
386 430
410 430
436 438
462 438
488 442
518 438
542 446
567 430
596 433
622 430
647 446
672 430
700 430
726 433
753 430
779 438
808 438
830 430
860 438
108 444
134 447
161 441
187 435
213 435
237 436
263 432
287 440
313 435
339 440
362 440
389 447
414 436
439 440
464 443
493 440
517 442
541 440
568 443
592 440
619 440
645 436
668 440
693 432
718 444
746 447
773 440
794 432
822 441
844 432
119 441
143 441
170 442
194 449
219 442
241 434
267 442
294 434
315 441
341 441
367 434
389 434
413 438
437 434
463 441
487 437
513 434
537 437
561 441
586 442
611 441
634 444
661 442
685 449
709 441
733 445
759 441
783 441
805 437
831 449
131 447
155 450
180 443
203 443
227 444
250 443
272 443
296 439
323 443
345 445
367 436
392 436
415 447
441 439
463 445
487 443
510 439
536 436
560 450
581 444
605 443
628 439
652 447
677 443
701 445
727 439
749 439
771 443
795 444
820 436
145 445
168 437
191 445
213 445
236 441
259 445
284 438
305 445
329 448
352 448
374 445
399 438
422 440
444 437
466 440
490 445
511 445
536 446
560 445
582 448
604 448
629 447
651 437
672 438
699 447
720 447
744 445
767 445
789 447
813 448
154 453
178 443
198 450
223 446
245 453
268 446
288 446
311 446
335 453
355 446
377 446
401 442
422 442
446 446
466 446
490 450
511 453
533 446
557 448
577 446
602 446
623 440
646 442
666 440
689 439
713 448
732 450
756 446
778 446
800 439
174 444
194 447
216 441
239 441
259 444
280 454
301 454
323 447
345 448
367 448
389 444
412 451
431 447
454 448
475 451
498 447
518 441
538 448
561 448
582 449
604 451
625 450
647 448
669 454
689 441
713 449
732 444
757 448
778 448
799 448
181 446
203 442
225 449
244 452
266 449
285 442
305 451
329 442
348 449
369 449
391 452
412 452
432 449
453 450
473 452
496 445
515 452
536 449
560 450
580 455
599 450
621 445
641 445
662 449
683 442
705 455
726 449
747 449
768 455
787 449
186 444
206 452
228 444
248 447
267 447
286 450
307 444
329 450
349 446
367 453
389 450
410 452
428 444
451 456
469 447
490 450
511 446
530 453
552 450
571 450
593 447
613 450
632 446
651 447
673 450
694 444
713 453
734 452
755 450
774 446
197 457
220 445
238 454
260 445
278 454
299 448
317 445
338 448
358 448
376 448
397 448
416 445
435 448
456 451
475 451
496 448
514 451
534 445
553 451
575 451
594 445
614 451
632 453
653 451
672 451
693 451
711 448
733 451
752 457
772 445
206 446
224 446
242 452
263 446
282 453
301 452
320 454
339 458
359 446
379 449
397 446
417 458
436 446
456 452
475 453
493 446
514 452
532 455
552 446
572 452
589 449
609 449
629 452
648 452
666 449
687 446
705 449
725 458
745 446
764 458
