156 162
420 155
682 165
968 146
3 293
192 327
420 289
619 295
807 304
1013 306
110 397
283 386
437 380
590 369
762 388
912 386
19 443
157 430
273 451
410 445
535 441
663 447
806 447
928 458
33 466
142 464
243 511
361 467
466 487
584 486
692 485
794 467
914 488
1012 488
78 497
177 517
275 527
363 520
469 504
554 515
650 497
752 517
848 514
946 537
7 546
90 542
183 519
273 518
353 536
444 556
532 529
616 537
707 527
792 527
880 536
966 536
57 554
142 554
211 558
293 544
376 544
461 553
530 538
610 544
696 554
773 562
848 539
933 555
