798 106
236 170
502 165
821 93
1082 88
1380 134
78 327
329 264
538 302
746 262
969 297
1191 269
1378 210
174 377
342 269
536 296
689 349
883 324
1047 323
1246 347
128 335
270 359
430 361
571 371
710 337
877 319
1034 382
1165 314
1325 363
83 409
210 390
338 408
479 350
601 428
741 430
866 391
1000 351
1120 391
1263 351
1377 351
36 446
168 393
275 429
392 430
496 447
606 379
731 414
848 412
960 412
1073 424
1183 429
1297 413
92 430
189 431
293 401
396 432
502 413
595 431
697 432
802 438
894 432
997 400
1098 446
1207 431
1304 400
75 416
166 471
258 450
352 472
444 457
529 444
618 444
720 417
813 471
904 427
986 444
1086 417
1171 416
1264 444
1354 427
51 430
135 454
222 430
300 429
385 455
464 429
558 454
635 462
715 440
809 440
886 479
971 429
1060 429
1147 455
1229 442
1313 480
12 450
88 469
163 487
244 442
327 465
401 476
475 450
549 464
632 488
711 476
782 464
869 450
936 472
1020 441
1098 464
1172 464
1254 464
1323 440
73 463
135 483
209 473
282 462
360 473
422 451
498 472
570 462
640 452
715 460
779 479
847 452
920 484
998 473
1067 452
1140 472
1213 484
1285 472
1348 452
53 470
122 460
187 468
251 480
313 468
378 490
445 500
515 490
581 480
645 471
710 500
780 460
849 500
911 490
974 480
1046 490
1110 481
1173 468
1238 480
1300 461
1370 490
41 486
99 505
164 505
225 477
284 487
351 477
413 496
476 487
530 486
596 486
653 486
716 492
781 487
841 475
902 487
967 505
1027 486
1088 490
1143 468
1206 467
1273 486
1338 475
13 492
68 492
127 492
192 475
240 492
305 492
364 475
420 501
476 492
533 492
591 509
650 482
703 500
765 492
819 501
878 481
940 509
993 492
1054 501
1112 509
1166 481
1223 474
1286 500
1333 475
49 513
100 501
158 502
217 481
268 480
321 502
375 480
431 497
484 497
536 481
591 513
645 496
703 505
750 505
812 480
859 513
917 513
969 513
1021 500
1078 500
1129 489
1189 481
1246 496
1297 497
1350 497
31 501
77 485
134 508
185 516
235 504
285 485
337 500
392 485
436 508
496 485
541 500
598 485
648 505
695 501
751 501
804 516
851 516
908 485
960 501
1008 500
1058 508
1111 501
1161 501
1217 485
1267 491
1319 500
1363 485
20 512
70 497
119 490
171 512
214 504
261 504
314 504
367 490
415 504
461 504
507 504
556 504
611 495
654 490
704 489
754 504
803 507
855 504
899 504
952 495
1000 519
1051 490
1095 504
1143 504
1196 490
1244 490
1292 512
1343 504
5 508
57 494
99 508
148 508
187 515
239 515
286 494
326 508
378 508
424 508
467 508
519 494
563 508
608 508
653 508
700 508
751 508
793 508
843 508
890 522
935 508
983 494
1029 494
1075 500
1117 494
1167 508
1211 508
1260 508
1308 508
38 511
84 518
123 518
170 498
213 524
258 511
301 498
342 513
387 497
432 511
480 498
524 514
564 518
613 503
657 511
701 503
742 511
790 514
831 518
875 511
920 511
964 524
1007 511
1053 511
1100 503
1144 511
1188 511
1232 511
1274 511
20 501
58 520
106 513
145 501
191 514
230 513
269 526
315 517
359 501
399 516
439 514
487 520
529 527
570 514
610 514
653 513
699 506
741 514
780 501
823 514
865 514
908 516
952 514
996 520
1032 514
1081 520
1119 516
1163 514
1203 513
1250 514
49 504
89 516
131 504
165 520
205 516
247 528
287 509
329 516
369 522
409 509
449 504
494 516
532 516
572 504
613 522
652 516
693 522
734 516
778 516
818 522
856 522
900 516
939 520
978 516
1019 516
1062 518
1100 516
1138 522
1184 516
1224 504
84 512
123 511
159 530
201 522
241 519
281 518
321 524
359 507
397 518
437 507
475 507
510 524
550 524
590 521
631 507
667 518
707 530
744 507
786 507
825 522
865 524
902 518
942 511
978 507
1018 522
1060 522
1096 524
1135 511
1170 507
1215 530
96 532
138 509
174 520
212 514
251 509
288 521
322 520
361 532
399 520
434 515
472 515
510 520
547 521
587 520
623 509
660 514
700 509
735 532
773 509
810 526
848 526
889 520
923 520
963 521
1001 514
1036 524
1076 526
1112 520
1150 526
1186 515
132 516
164 533
201 526
237 523
274 512
309 523
347 528
384 516
415 528
451 516
489 523
523 528
562 534
600 512
635 523
666 512
703 533
740 528
775 512
814 523
850 525
885 523
922 523
959 534
992 517
1028 517
1066 512
1101 526
1137 528
1171 528
150 518
187 514
223 514
255 530
288 518
325 514
360 525
391 526
427 525
462 524
497 528
531 525
568 524
602 524
637 530
673 530
704 524
741 518
776 530
812 518
842 524
879 524
911 525
948 514
982 514
1015 514
1052 535
1090 535
1119 519
1159 519
159 526
192 526
228 526
261 526
291 531
329 529
361 536
394 528
426 536
463 520
492 536
530 516
562 529
598 516
631 526
664 520
694 536
729 526
762 536
794 526
831 516
863 531
899 526
930 521
967 536
996 536
1032 531
1065 526
1099 520
1133 536
176 533
206 531
239 518
272 528
308 522
339 528
371 528
403 533
437 518
467 518
501 528
531 533
562 528
596 528
628 523
663 523
695 523
724 518
759 533
791 530
822 528
854 538
884 528
918 522
953 530
983 533
1016 518
1050 531
1083 528
1116 538
197 525
227 520
261 529
291 529
323 534
355 524
382 524
415 529
446 534
479 529
507 524
542 531
570 531
604 529
632 539
666 520
694 529
729 534
758 520
790 524
823 529
850 520
885 531
914 520
944 529
975 534
1010 524
1041 520
1068 529
1103 529
214 521
246 540
278 521
307 531
339 521
367 521
397 532
430 531
457 521
490 531
520 531
551 535
578 531
611 533
641 540
670 540
700 531
733 531
761 526
792 540
823 531
851 535
882 521
915 533
946 532
972 535
1003 531
1033 531
1066 525
1094 531
236 532
266 532
292 527
321 523
352 535
381 527
411 532
439 532
471 535
497 532
526 532
559 532
585 534
616 523
645 532
676 534
704 532
734 537
764 532
789 536
820 532
848 527
880 536
910 528
936 532
965 523
995 535
1026 541
1052 523
1083 536
240 533
268 533
294 533
325 533
354 533
381 533
410 525
437 533
466 533
495 535
523 542
550 533
580 535
610 538
637 525
663 542
694 525
723 525
751 525
779 528
805 525
836 533
864 533
893 535
919 538
948 533
975 533
1007 535
1033 525
1062 525
