727 9
829 32
926 31
186 14
306 20
403 62
508 71
609 75
692 83
781 76
869 109
949 108
13 106
115 114
219 93
319 135
409 135
494 155
591 151
665 137
744 183
823 163
896 170
970 183
51 148
140 179
232 192
322 175
402 215
475 207
554 202
629 204
706 198
767 214
840 227
910 220
972 245
1 210
80 226
162 240
243 231
316 245
393 261
467 233
539 224
606 258
671 251
739 264
793 246
856 265
916 263
971 247
41 264
123 247
190 250
270 278
338 257
406 258
472 281
528 283
591 267
661 296
720 289
772 298
829 293
884 313
937 298
988 308
70 289
128 312
195 323
267 296
336 309
394 328
453 322
511 317
571 320
624 300
681 311
736 321
782 313
837 325
891 334
938 311
979 328
20 312
84 337
148 333
215 325
276 336
332 337
390 322
446 348
502 341
557 359
606 336
656 345
706 331
754 347
802 334
846 357
894 366
939 351
982 352
53 339
111 365
174 358
231 367
288 344
340 361
392 362
444 379
499 355
545 350
596 350
644 352
690 353
734 368
779 373
821 377
865 357
910 379
948 359
990 373
47 385
110 378
161 378
223 364
269 365
320 396
373 367
425 382
468 383
518 384
565 391
607 377
653 386
696 373
739 387
782 401
827 375
862 389
904 382
938 377
980 390
39 401
87 390
143 389
194 398
244 413
294 402
342 400
384 414
431 401
475 401
525 404
569 402
606 389
648 396
688 403
734 410
771 404
813 404
849 397
885 393
920 393
957 400
994 406
44 414
98 422
143 422
191 429
236 415
283 429
328 423
374 410
419 423
461 404
502 404
541 405
586 410
620 418
662 418
700 425
738 419
773 419
813 419
845 408
884 420
915 420
949 420
983 424
23 416
71 422
122 417
161 430
208 443
254 437
297 418
340 430
378 431
421 419
457 431
498 433
536 431
573 431
611 435
651 420
687 432
720 438
757 432
791 432
825 432
857 421
888 422
923 433
955 438
983 422
41 435
86 431
128 436
173 443
216 455
253 443
293 443
334 446
374 449
415 443
454 443
488 432
527 449
562 455
601 455
633 455
669 437
701 437
738 444
768 433
800 433
831 437
863 449
899 454
926 447
958 439
987 446
16 459
53 467
98 443
144 443
182 455
222 461
262 455
299 466
338 449
376 455
413 448
451 460
488 444
519 460
555 444
591 448
626 454
658 454
691 454
723 465
754 444
784 464
816 464
849 454
877 454
907 448
935 454
961 448
989 454
37 478
82 469
119 460
159 455
196 459
235 471
273 465
310 465
344 471
380 465
419 468
450 468
485 465
519 470
551 464
585 464
618 464
646 469
677 464
708 474
739 458
772 464
800 468
829 473
857 473
886 463
914 463
940 453
967 472
6 480
50 477
87 476
124 471
164 481
201 465
237 475
272 486
308 480
343 478
378 475
408 476
441 468
475 484
507 474
539 474
570 464
603 467
631 468
659 468
692 477
720 472
750 472
780 477
806 472
835 472
861 476
885 466
913 471
940 471
22 481
57 489
98 485
131 475
169 479
203 474
237 478
271 484
309 484
339 479
374 473
404 483
436 485
471 492
498 477
531 472
562 482
588 477
622 481
648 476
677 486
704 475
733 471
760 475
787 480
814 475
842 474
869 479
895 484
919 481
36 500
72 495
105 499
142 499
179 503
214 483
244 493
280 495
312 482
343 492
374 496
403 491
438 496
468 481
496 481
525 499
555 484
582 480
612 484
640 480
669 493
696 491
724 492
749 488
776 488
800 479
828 487
851 487
877 478
902 478
42 503
79 492
114 492
147 492
179 506
210 496
243 496
277 494
307 509
338 501
371 499
399 490
429 503
457 507
487 507
517 497
546 497
574 506
601 496
626 496
654 500
679 490
706 490
731 497
758 495
782 489
809 503
832 494
856 494
882 493
61 500
92 511
125 513
158 508
188 503
222 517
251 507
282 501
310 509
340 506
371 497
401 505
428 500
456 496
486 504
511 504
540 504
566 507
591 494
617 494
642 502
670 494
693 493
720 501
745 501
768 501
794 504
817 508
841 504
864 499
71 507
102 507
133 520
163 524
194 505
225 518
253 508
284 504
314 504
339 504
369 512
396 503
426 515
453 511
478 510
503 510
530 501
557 509
582 501
607 504
633 500
657 503
682 510
704 507
731 507
751 502
777 506
799 501
822 505
844 505
87 513
116 530
146 530
175 525
205 512
234 520
264 519
290 519
317 518
347 522
374 509
398 509
427 516
453 511
477 524
504 516
529 507
552 515
577 506
602 506
626 506
649 508
675 515
696 512
719 505
744 507
767 511
788 511
808 514
833 503
99 519
128 535
155 527
186 529
213 530
242 527
269 517
295 532
323 525
347 515
375 515
401 526
427 530
450 522
476 521
502 521
527 524
549 520
572 512
598 519
622 511
642 518
667 511
689 521
710 513
735 519
754 524
775 512
800 519
818 517
107 535
134 524
161 531
189 526
215 533
243 534
270 537
295 529
320 529
346 532
370 528
396 535
421 529
445 526
471 522
492 529
517 529
542 525
564 532
587 520
610 525
632 523
654 523
677 525
697 524
717 515
741 525
759 524
780 524
803 520
