50 201
149 141
289 79
481 8
45 341
116 312
211 267
304 252
427 223
576 160
757 90
37 410
109 376
163 376
252 333
327 343
422 279
537 278
668 206
839 213
42 448
87 437
130 453
181 440
248 417
320 400
401 385
493 366
594 340
694 315
825 258
988 251
5 496
49 482
78 506
122 497
172 470
225 461
281 452
350 449
404 425
490 396
571 420
664 378
775 373
891 335
21 522
58 519
95 510
132 519
173 513
226 480
268 489
327 473
386 443
440 451
515 439
599 405
676 394
776 395
882 394
1003 371
44 540
79 536
117 527
152 521
188 501
234 513
280 507
322 496
377 504
434 496
496 476
559 462
627 450
716 458
796 430
900 410
999 370
101 557
137 533
168 536
198 524
236 526
282 521
324 509
370 509
418 486
471 495
528 487
594 470
665 469
747 477
817 455
909 416
1009 422
151 541
178 548
211 544
245 552
289 523
328 531
366 525
412 520
467 500
509 501
565 501
628 493
691 469
763 460
837 469
923 457
1012 435
189 562
215 555
248 545
284 535
325 543
359 544
397 537
442 523
494 524
541 526
594 499
653 507
711 484
782 477
856 483
933 475
226 567
262 550
293 552
324 554
362 551
401 546
437 536
485 540
528 536
575 521
626 523
680 504
743 511
809 504
871 498
947 491
260 570
320 564
388 547
424 553
462 550
507 546
548 542
596 538
644 533
697 541
753 522
807 504
876 517
937 504
289 570
322 568
349 570
384 567
415 558
452 561
487 547
526 565
566 556
616 550
657 542
706 538
767 546
820 533
876 510
941 509
1014 525
418 567
451 560
484 567
522 558
560 555
598 547
641 544
685 551
732 559
781 542
834 538
894 539
947 516
1013 524
574 568
613 564
699 558
742 554
792 550
838 534
892 530
949 530
1010 533
669 566
707 557
749 560
794 550
845 553
896 555
947 534
1004 541
