1757 669
1724 672
1672 675
1642 675
1537 684
1510 687
1443 691
1711 660
1668 670
1596 676
1566 679
1494 682
1464 684
1433 689
1728 659
1576 676
1472 681
1440 680
1414 684
1709 655
1667 662
1623 665
1582 665
1508 673
1475 677
1446 680
1410 678
1730 651
1682 658
1630 655
1592 663
1560 658
1511 651
1451 673
1415 676
1387 675
1727 650
1595 661
1436 671
1405 677
1381 678
1561 656
1521 658
1484 664
1418 664
1390 670
1714 634
1615 638
1581 651
1542 654
1491 658
1461 660
1420 644
1396 670
1362 672
1735 628
1696 630
1427 651
1393 663
1676 604
1632 626
1581 639
1523 641
1480 648
1449 649
1372 656
1336 655
1722 617
1614 625
1506 639
1471 633
1427 647
1383 649
1349 656
1310 635
1718 579
1599 621
1558 624
1450 626
1303 653
1712 594
1644 610
1488 623
1435 635
1390 615
1719 585
1632 586
1588 601
1520 608
1465 606
1383 602
1330 625
1306 639
1263 645
1595 585
1467 606
1424 618
1381 592
1330 623
1294 633
1583 584
1509 597
1452 600
1269 624
1227 629
1198 629
1632 557
1561 548
1504 585
1443 591
1399 598
1354 601
1294 604
1265 620
1208 629
1181 632
1642 549
1556 561
1498 569
1434 578
1373 582
1315 567
1266 605
1583 528
1525 554
1337 587
1189 604
1147 615
1420 553
1364 528
1246 567
1190 586
1149 590
1108 606
1600 459
1503 504
1349 531
1299 557
1176 566
1138 573
1625 468
1519 466
1425 494
1348 520
1221 536
1163 553
1122 566
1037 585
1623 428
1257 515
1205 537
1037 570
1533 431
1347 471
1193 516
1129 526
1076 536
982 556
936 568
1526 376
1431 409
1302 448
1147 471
936 547
885 557
1398 385
1277 368
899 531
1311 335
1130 396
1054 439
907 479
822 500
769 532
1203 306
884 446
820 464
791 471
741 506
710 512
1377 136
1220 196
902 347
721 443
1147 22
991 110
887 207
815 280
724 307
657 359
596 410
548 440
790 86
710 79
625 246
577 270
499 390
458 421
423 208
395 250
315 327
334 334
253 428
171 85
140 324
152 389
