196 18
410 11
836 65
1244 43
122 117
300 149
474 165
624 125
805 142
956 165
1137 165
1304 214
1476 212
72 235
214 258
353 275
503 248
648 215
783 229
931 253
1070 258
1224 264
1362 262
1501 253
42 292
138 336
286 293
392 361
526 337
655 307
773 290
905 353
1029 359
1153 339
1269 343
1382 325
1516 358
0 343
101 403
207 403
315 370
448 346
544 383
659 375
760 389
874 379
987 374
1099 360
1195 357
1330 385
1425 372
12 404
105 393
199 421
297 392
393 434
485 426
598 393
685 449
784 393
882 434
970 429
1067 394
1165 405
1270 422
1360 421
1452 392
7 456
96 470
182 456
263 456
358 440
438 441
532 457
615 431
706 456
789 470
871 470
960 455
1043 441
1128 441
1219 455
1309 455
1391 457
1487 455
73 492
162 472
240 462
308 486
393 473
468 471
548 498
633 485
708 508
780 463
862 487
949 496
1017 463
1094 464
1174 465
1257 485
1332 498
1412 472
1489 498
40 495
120 499
190 510
260 508
338 520
402 509
477 529
547 508
625 507
693 528
771 512
844 514
917 519
982 513
1060 509
1135 508
1204 515
1270 508
1349 514
1426 529
1502 518
16 535
85 536
161 506
229 507
287 545
364 513
427 526
497 526
564 506
625 526
692 527
764 506
832 525
902 525
961 515
1035 526
1102 529
1175 529
1231 527
1307 536
1369 527
1436 533
1511 525
29 547
91 548
160 525
217 561
287 524
348 524
409 553
466 542
529 552
594 544
656 542
724 549
788 525
847 543
910 543
974 552
1038 552
1099 524
1163 553
1224 543
1280 525
1340 525
1419 552
1474 553
21 547
75 540
130 565
193 567
252 558
310 557
364 575
428 567
484 561
548 557
604 558
665 539
725 557
781 575
839 557
900 558
961 557
1017 540
1073 557
1138 558
1193 558
1246 541
1309 549
1371 560
1423 558
1489 574
60 572
107 587
163 588
224 555
276 589
331 555
390 571
440 563
499 555
552 555
608 574
665 580
714 571
772 588
829 588
882 562
938 587
995 587
1049 572
1102 575
1154 571
1209 555
1266 572
1313 556
1376 577
1432 576
1486 572
47 583
103 583
146 585
204 573
249 598
307 567
353 582
411 586
460 567
512 588
567 591
613 586
664 574
720 567
771 583
822 583
870 574
930 591
977 582
1028 591
1081 582
1133 583
1184 590
1239 598
1291 598
1342 583
1390 573
1448 582
29 593
78 592
123 592
180 578
229 593
274 607
328 578
367 599
421 600
469 599
522 578
573 577
615 593
667 593
715 584
769 608
811 595
866 592
912 597
961 584
1009 593
1058 585
1107 585
1160 592
1206 592
1257 593
1306 593
1348 593
1402 585
18 605
65 608
113 587
158 601
212 594
256 609
306 588
349 601
397 602
439 609
489 602
535 609
577 602
628 588
672 609
717 601
766 605
812 588
858 593
903 601
952 601
1001 601
1044 616
1089 604
1138 601
1186 601
1232 602
1278 616
1320 588
1365 587
63 602
106 610
152 609
191 616
239 609
283 596
328 602
376 597
413 609
459 623
506 617
546 617
594 601
637 616
683 609
724 617
771 610
814 616
862 616
904 596
946 603
990 601
1033 610
1080 609
1125 610
1172 609
1212 616
1253 602
1301 609
1348 610
102 606
138 617
182 605
223 611
267 618
308 618
347 630
387 624
432 618
475 617
517 621
557 618
602 617
640 617
688 618
729 618
770 605
809 618
852 618
895 605
934 618
981 605
1022 624
1066 610
1105 618
1147 630
1189 610
1231 618
1272 618
1317 630
122 618
163 617
203 617
240 624
282 612
321 625
359 612
403 612
441 624
480 624
522 625
563 619
598 636
643 617
685 612
721 627
760 636
805 628
845 630
883 624
921 631
966 628
1003 631
1044 612
1086 618
1125 636
1167 631
1202 631
1246 631
1284 624
150 631
185 630
228 631
270 619
307 625
345 633
380 624
415 642
455 642
493 637
531 634
575 637
610 631
652 631
689 637
724 631
767 642
800 643
843 642
880 631
920 637
955 631
992 631
1030 631
1074 637
1108 619
1146 625
1186 631
1226 642
1267 637
183 648
217 640
255 630
294 637
334 631
365 637
401 636
444 630
478 636
515 625
548 642
587 626
624 637
661 625
698 636
735 648
771 640
810 642
843 637
884 637
922 636
958 642
993 630
1029 636
1065 625
1102 637
1141 639
1178 642
1214 642
1253 648
193 647
229 636
265 647
300 636
332 653
372 635
403 652
440 641
477 642
509 642
549 645
581 631
616 644
654 642
688 647
723 647
759 631
796 635
829 642
864 642
899 631
936 652
973 647
1007 647
1042 647
1077 635
1113 635
1150 642
1181 636
1219 653
218 646
256 636
285 646
319 646
356 640
390 652
424 640
457 642
495 636
529 642
560 636
592 650
629 636
664 640
699 647
732 647
762 647
796 647
831 647
868 647
902 647
933 647
969 652
1000 647
1034 636
1073 646
1101 637
1137 640
1172 636
1207 652
234 656
268 641
302 640
334 656
367 641
399 650
433 644
467 645
496 640
529 651
563 646
596 656
629 655
662 645
696 640
727 640
759 644
794 646
828 653
857 641
891 651
923 641
957 660
989 641
1023 640
1056 651
1089 653
1124 650
1156 651
1187 650
257 649
288 655
319 664
352 655
382 665
413 660
448 655
479 665
512 655
542 645
572 655
603 660
636 660
671 660
702 649
732 660
763 664
795 649
828 649
857 655
889 660
920 660
953 658
987 655
1018 655
1046 645
1081 655
1112 655
1142 658
1176 645
274 668
309 659
342 653
370 659
399 663
428 662
458 659
493 659
522 650
552 659
581 654
616 664
643 659
677 659
704 649
738 660
765 659
799 649
827 659
861 650
888 659
920 664
951 649
982 653
1013 649
1044 662
1074 659
1105 659
1134 654
1162 653
294 653
324 662
355 653
383 665
411 657
440 662
472 653
502 653
530 662
562 664
590 657
622 662
648 662
680 657
711 662
739 653
767 662
798 662
827 667
860 667
885 653
915 662
948 662
975 667
1006 653
1034 662
1068 662
1096 665
1127 665
1157 662
309 666
339 666
367 670
395 667
424 666
453 666
481 666
510 670
540 665
568 666
596 675
624 665
656 666
683 665
713 666
739 665
769 661
798 666
829 660
856 657
885 667
915 670
943 657
973 661
999 666
1030 665
1057 667
1085 665
1116 668
1142 666
315 673
345 669
371 669
397 678
425 678
454 669
481 669
512 660
538 669
566 669
592 671
621 671
651 671
677 660
707 669
731 660
762 661
790 669
816 669
844 672
872 673
899 677
926 665
956 669
982 671
1011 669
1041 672
1069 669
1093 660
1123 669
