1016 531
987 534
962 531
946 534
919 536
892 526
862 534
842 531
818 531
788 536
768 526
738 534
713 531
692 528
665 532
638 531
609 534
590 532
560 526
541 531
508 531
487 531
464 531
436 534
407 531
380 531
365 531
339 536
311 526
281 528
1028 530
998 525
972 530
948 532
923 525
894 530
874 530
840 530
814 525
788 525
761 533
742 525
715 536
686 533
659 535
635 525
607 533
583 533
553 533
527 536
506 530
480 530
454 525
425 527
399 530
377 530
344 528
321 533
296 530
268 532
1041 526
1009 529
989 532
960 529
928 532
903 529
876 529
854 529
826 524
794 529
771 531
738 531
709 529
689 526
655 532
632 529
601 526
575 532
545 531
517 526
497 529
465 532
435 529
408 523
381 526
356 529
332 529
295 530
276 529
248 535
1046 531
1019 522
986 522
960 525
936 528
903 528
876 528
843 528
821 525
792 525
758 530
732 525
703 529
675 528
651 528
622 528
588 524
559 528
537 525
509 534
473 529
453 528
420 529
388 534
364 531
337 528
308 528
273 529
250 525
217 528
1072 530
1039 530
1005 528
978 527
953 527
923 527
892 527
863 527
834 521
803 521
765 527
745 527
707 523
681 533
651 528
624 521
592 527
559 527
529 524
500 527
477 533
442 521
417 530
388 530
350 529
325 527
293 530
263 527
228 521
206 523
1078 525
1046 525
1015 525
984 527
950 532
925 525
884 529
859 522
831 522
798 529
760 529
737 522
696 526
671 526
634 522
605 522
582 526
540 529
517 529
476 525
443 528
416 525
391 532
358 529
328 525
289 532
259 527
233 522
206 526
162 522
1078 527
1050 527
1011 517
981 525
949 520
917 517
878 531
845 525
822 517
790 520
746 525
719 527
689 517
648 530
616 517
589 524
552 524
516 525
482 524
449 524
421 524
380 530
361 531
320 517
286 524
253 524
220 525
190 525
163 517
116 524
1118 522
1084 519
1053 526
1011 526
986 525
940 518
910 522
872 522
844 522
800 522
776 515
742 526
703 522
663 515
627 524
602 515
559 526
522 522
497 522
462 526
424 522
387 515
360 522
317 523
282 522
245 522
211 515
176 515
143 522
106 526
1105 521
1071 523
1043 513
1001 520
971 523
929 524
895 528
858 520
821 520
787 528
741 513
714 520
669 513
640 521
597 520
556 528
529 528
494 522
455 528
418 513
384 524
340 523
305 516
270 524
228 516
192 513
165 524
120 516
80 520
51 520
1135 522
1098 514
1058 521
1017 519
987 511
938 511
899 514
863 514
825 514
785 523
752 515
716 510
670 522
635 526
595 519
551 519
523 519
487 515
436 526
403 522
370 519
328 511
294 523
240 522
214 519
162 520
133 523
101 519
62 519
15 518
1180 519
1142 517
1097 520
1065 511
1010 516
978 516
932 508
888 508
850 508
807 512
772 516
732 518
688 511
649 516
605 517
557 507
517 511
484 516
435 507
389 516
361 516
315 508
268 516
238 508
196 508
154 516
110 516
69 511
32 516
1220 508
1172 504
1131 513
1083 513
1028 508
990 518
955 516
907 513
855 513
818 513
765 518
733 505
687 513
646 514
588 504
557 515
513 514
462 513
419 513
376 514
321 522
287 518
237 518
191 504
148 508
109 504
63 522
9 507
1212 510
1172 510
1130 513
1082 515
1026 505
985 520
934 510
894 504
848 510
801 511
741 510
705 505
659 510
608 501
565 504
508 515
464 501
415 515
359 510
327 513
281 515
228 513
179 501
128 510
84 519
29 500
1287 506
1236 512
1192 495
1123 500
1085 500
1020 501
985 506
915 496
864 506
815 517
765 506
709 512
674 497
621 500
558 496
511 507
467 507
405 507
360 501
311 496
250 517
214 497
146 506
96 506
51 500
1337 502
1292 490
1224 494
1177 490
1114 504
1055 502
1005 491
940 504
884 513
836 490
778 503
716 490
662 490
609 495
541 513
485 490
432 502
388 502
310 494
259 507
212 501
153 501
97 513
45 491
1375 490
1316 497
1264 484
1195 489
1141 503
1081 496
1014 489
942 503
891 497
817 485
770 485
713 496
645 500
576 489
517 510
459 509
406 500
318 496
272 485
212 504
157 501
91 503
14 497
1467 477
1382 483
1325 484
1262 491
1214 497
1134 476
1076 490
1005 492
915 498
847 504
789 490
715 482
650 498
589 490
521 505
440 498
380 491
299 493
224 490
176 481
113 483
58 485
1457 482
1365 476
1298 468
1224 473
1143 487
1071 484
999 489
930 484
843 487
777 467
701 483
612 474
534 473
472 483
395 484
297 483
222 482
163 499
102 491
3 482
1501 456
1425 482
1318 482
1258 462
1156 473
1072 461
991 461
887 482
807 473
721 454
639 457
542 472
467 491
359 460
274 471
188 482
95 454
13 460
1507 461
1400 461
1317 449
1209 461
1125 470
1006 467
913 462
806 478
724 462
597 467
506 462
401 439
291 480
207 459
87 458
9 441
1492 422
1391 441
1280 442
1155 439
1049 441
940 426
795 448
668 428
566 441
433 441
319 421
208 415
53 451
1490 419
1337 422
1219 431
1062 425
904 400
740 429
621 416
498 420
318 416
155 387
30 435
1509 375
1292 377
1110 373
889 401
733 375
554 339
331 375
110 387
1418 263
1146 329
880 290
605 309
272 350
52 295
948 152
514 179
