108 141
475 82
793 77
1149 144
1495 144
45 279
314 199
555 196
805 261
1051 228
1310 195
1 276
221 358
432 302
635 341
815 342
1019 278
1228 372
1434 302
105 333
288 382
457 409
627 382
804 382
979 380
1148 330
1321 436
1489 381
38 431
188 373
329 417
476 418
635 371
786 415
917 374
1087 392
1219 415
1365 431
1513 371
106 441
240 404
385 444
498 480
637 462
760 443
895 481
1037 453
1164 441
1298 462
1408 403
87 462
208 462
328 427
435 426
550 461
671 479
789 445
908 462
1022 497
1137 497
1262 462
1373 497
1506 495
10 486
118 460
235 478
330 458
443 477
551 492
651 458
757 483
868 492
969 492
1074 460
1193 477
1294 509
1394 508
1502 445
7 491
106 463
190 462
287 492
379 506
485 492
579 492
669 520
765 491
869 500
960 505
1063 519
1148 500
1242 506
1341 497
1437 497
66 503
159 503
236 503
325 530
416 503
507 503
589 503
674 503
765 530
851 504
940 529
1029 503
1113 478
1204 477
1295 509
1387 516
1462 478
44 513
132 513
201 512
287 525
370 513
450 488
534 501
616 512
689 497
775 512
858 513
934 512
1019 512
1096 512
1172 488
1261 520
1339 498
1417 489
1501 525
26 520
106 507
179 520
254 524
324 520
400 527
480 542
555 524
634 520
701 520
780 532
858 520
930 527
1008 520
1080 520
1154 520
1235 521
1306 520
1382 527
1451 498
9 532
71 514
154 527
221 527
289 533
357 527
430 516
502 506
573 527
637 538
712 527
785 516
852 538
921 506
991 527
1059 527
1136 548
1208 527
1279 527
1347 533
1413 506
1488 506
57 544
121 522
181 534
258 534
316 534
384 538
448 544
518 554
577 534
646 554
709 534
775 514
841 538
912 534
970 525
1043 534
1102 534
1166 514
1238 514
1302 514
1364 522
1431 534
1498 524
28 540
95 540
148 540
215 528
271 528
337 528
392 543
459 521
517 539
577 539
641 528
708 522
766 521
825 531
893 521
952 549
1013 531
1072 521
1138 530
1199 529
1264 549
1323 529
1378 529
1443 531
1508 530
17 553
88 528
141 545
201 545
261 528
311 545
373 534
429 545
485 527
541 544
603 544
657 545
716 544
779 527
833 528
897 534
947 545
1005 548
1064 544
1123 562
1188 553
1239 527
1300 536
1363 536
1418 554
1471 545
4 533
54 533
106 557
164 549
221 557
276 549
330 540
384 549
440 549
497 541
544 565
602 532
661 549
713 532
766 549
824 539
881 532
939 565
987 557
1048 549
1100 541
1156 532
1208 532
1266 539
1324 565
1373 540
1433 549
1484 541
29 537
87 537
135 537
183 553
241 553
288 553
344 537
394 545
443 545
496 553
555 537
605 543
657 553
706 561
758 553
811 537
868 537
921 543
971 544
1023 543
1072 553
1126 537
1182 553
1226 553
1285 556
1334 545
1390 553
1440 553
22 571
78 541
124 556
174 556
222 559
272 541
326 541
378 541
423 571
473 571
526 571
571 556
623 571
671 556
724 556
777 541
826 547
872 564
926 547
977 556
1024 564
1075 541
1127 561
1177 564
1226 571
1277 556
1323 564
1371 559
1422 547
2 562
56 566
103 545
155 559
198 545
243 552
295 559
340 574
391 551
437 545
483 566
530 550
578 545
629 552
673 559
724 566
770 559
817 573
871 559
912 563
961 545
1009 559
1059 559
1110 559
1152 559
1201 574
1252 566
1298 563
1345 559
1396 566
42 565
94 569
136 562
183 562
225 565
274 562
321 549
362 562
409 576
456 548
499 565
544 562
592 562
635 562
681 562
730 576
771 569
820 565
862 565
907 554
955 562
1002 566
1047 576
1093 576
1138 556
1182 549
1227 562
1277 562
1319 554
1369 576
75 565
119 565
162 558
205 565
248 565
292 568
339 572
380 552
425 565
467 565
512 569
554 569
596 572
638 559
684 565
728 568
774 557
816 565
857 568
901 558
946 565
991 565
1032 565
1074 578
1117 552
1164 565
1206 565
1250 565
1295 578
1337 557
94 568
139 574
178 571
221 571
265 574
300 570
345 571
385 580
429 568
472 568
513 568
557 560
595 574
640 555
678 574
719 560
765 574
807 580
846 580
891 568
928 568
973 568
1016 574
1057 555
1097 568
1138 580
1181 580
1221 568
1262 555
1307 561
121 570
161 570
200 576
244 573
285 563
321 576
360 570
405 576
446 570
484 570
527 557
566 557
604 557
648 563
686 564
728 576
764 562
805 557
849 557
889 564
926 563
965 558
1007 570
1051 582
1090 582
1132 570
1170 558
1212 576
1249 562
1293 576
142 578
180 560
219 572
255 578
295 572
337 572
373 575
413 560
449 560
493 560
528 572
569 560
605 565
646 577
683 565
722 565
763 560
799 560
840 578
877 578
917 583
961 583
999 566
1035 572
1075 560
1111 578
1153 572
1189 560
1229 578
1265 565
166 574
203 579
243 585
280 577
317 562
356 585
393 574
430 574
464 568
505 574
545 567
580 574
619 567
651 562
690 562
730 567
765 577
806 574
839 574
879 574
917 579
954 574
991 585
1030 576
1066 579
1106 574
1139 574
1180 574
1218 574
1252 579
187 576
223 581
262 576
298 587
335 587
369 576
404 565
440 576
475 576
515 587
549 581
587 576
622 578
658 581
695 569
728 565
766 569
803 565
838 576
873 565
910 576
948 581
981 581
1021 576
1054 587
1088 576
1129 576
1161 576
1200 576
1234 578
216 572
250 572
286 578
319 567
355 577
388 588
424 571
458 571
494 567
527 578
566 567
596 578
632 580
669 577
704 583
738 578
770 588
805 583
840 567
874 571
909 578
946 567
980 571
1015 567
1049 583
1085 567
1121 578
1152 583
1188 578
1225 567
228 579
262 573
295 579
329 579
363 584
396 584
428 579
464 569
493 584
527 579
565 579
597 573
630 579
662 579
700 584
732 584
764 574
798 579
833 573
867 584
899 579
934 589
968 579
998 579
1031 584
1064 569
1102 581
1131 569
1168 574
1199 573
246 581
277 571
307 581
346 571
377 571
406 581
442 571
471 581
505 575
537 581
568 581
602 571
636 575
669 576
700 581
735 585
765 581
797 571
832 590
864 583
896 581
930 581
959 584
993 591
1026 571
1061 581
1091 571
1125 576
1153 576
1188 586
264 573
296 582
328 582
359 585
393 592
421 584
454 582
486 576
517 585
550 573
578 587
613 576
644 587
674 592
705 585
737 592
770 573
801 582
830 587
863 582
896 582
926 577
958 576
991 576
1021 587
1052 576
1084 592
1116 582
1145 582
1176 582
