1001 23
1177 29
1363 88
501 40
687 78
867 142
1015 180
1160 179
1298 215
150 138
337 158
486 211
654 164
791 201
943 241
1059 220
1192 300
1280 259
153 234
308 214
468 235
607 246
731 314
852 320
965 291
1070 341
1174 347
1250 332
1358 389
49 325
207 308
333 316
469 333
595 345
710 353
816 364
911 381
1008 388
1092 378
1183 434
1274 399
1362 419
3 305
133 338
241 361
369 355
482 399
576 423
680 403
778 407
880 446
951 427
1036 408
1125 424
1201 446
1279 454
1353 467
11 360
119 370
236 405
342 408
449 428
543 437
641 445
734 437
823 458
899 452
981 484
1049 441
1136 493
1202 461
1266 480
1323 462
1385 479
74 403
171 455
280 433
377 423
461 460
547 438
637 458
716 452
798 470
876 491
948 482
1016 486
1086 471
1148 475
1214 492
1276 529
1341 522
79 474
182 429
276 438
354 465
452 457
532 501
610 492
685 489
756 502
829 519
904 503
963 519
1029 511
1092 526
1151 521
1200 505
1266 539
1316 522
1369 517
80 471
178 479
259 483
343 466
420 472
497 521
579 481
650 518
718 510
786 537
849 499
914 513
971 537
1035 532
1089 535
1152 547
1195 530
1253 546
1311 566
1357 556
30 489
118 481
202 498
285 504
360 508
435 492
504 522
579 521
641 534
709 516
773 531
835 536
891 543
942 531
1004 528
1065 557
1110 533
1164 555
1213 557
1257 544
1307 564
1351 566
78 487
152 521
234 506
293 541
372 546
442 509
510 553
574 537
636 549
695 543
756 555
817 531
870 570
926 574
977 559
1031 544
1077 565
1131 550
1173 552
1224 579
1272 574
1315 577
1352 564
11 526
95 514
167 529
239 533
302 518
371 522
433 553
501 548
560 568
623 543
681 565
737 568
787 579
837 548
894 568
949 570
997 572
1043 580
1090 585
1135 580
1180 581
1220 592
1262 579
1307 588
1347 590
22 528
97 542
161 526
233 548
300 534
358 555
415 546
476 550
538 562
590 565
647 551
700 571
756 563
803 575
853 578
903 584
946 583
994 569
1040 595
1088 589
1129 576
1170 601
1206 595
1245 600
1288 600
1331 601
1364 610
55 570
127 554
184 561
253 560
314 563
373 549
431 559
487 554
541 590
592 579
646 595
700 588
744 583
792 585
843 572
892 604
936 582
976 593
1022 581
1062 583
1105 599
1144 592
1183 588
1226 611
1260 607
1293 611
1330 596
1366 612
8 577
86 545
145 566
205 569
262 561
320 581
377 580
432 562
489 580
539 568
589 569
639 587
685 574
738 591
780 598
823 587
872 589
914 613
956 586
1000 588
1043 604
1081 600
1121 621
1157 609
1193 611
1232 604
1266 606
1303 615
1337 604
31 560
90 590
148 576
203 577
259 580
319 583
371 575
421 590
474 604
522 577
575 594
622 603
667 588
711 599
759 615
804 610
843 604
891 598
925 612
969 596
1009 611
1046 612
1086 614
1119 602
1157 621
1197 631
1233 633
1258 609
1294 623
45 596
107 568
162 586
218 578
270 593
321 597
375 587
421 603
470 598
521 592
570 602
611 589
659 605
702 600
743 595
789 602
826 615
863 600
904 621
947 616
982 606
1022 619
1059 627
1095 622
1125 611
1161 627
1193 614
1230 627
1259 623
23 574
67 598
126 593
179 594
229 597
282 599
332 593
381 588
428 596
472 606
516 599
560 616
602 624
649 619
691 614
729 609
769 630
812 605
853 632
887 628
923 623
963 631
997 626
1031 620
1065 628
1096 618
1133 636
1167 632
1199 633
1232 634
32 612
94 599
140 608
196 596
242 597
291 606
334 622
385 623
428 605
471 613
518 608
562 623
603 618
640 619
684 620
720 622
758 627
799 625
836 618
871 628
910 640
944 630
978 633
1008 621
1043 622
1078 635
1112 629
1142 642
1171 632
1202 639
48 598
92 606
143 608
191 610
241 611
286 613
329 615
380 604
416 618
464 619
507 608
546 629
586 624
626 625
665 638
702 621
738 634
777 630
811 637
847 625
885 645
915 635
951 642
985 648
1015 631
1046 628
1081 646
1105 631
1137 632
1168 649
55 618
104 620
154 615
194 616
242 631
285 623
332 625
377 610
418 611
457 629
497 614
538 628
575 629
612 619
650 643
687 632
726 640
757 640
795 625
826 648
862 649
893 651
924 643
958 644
987 637
1022 633
1055 644
1083 646
1112 647
1142 648
73 605
112 631
164 608
206 622
246 611
291 631
333 638
373 630
414 617
453 630
495 620
527 638
570 622
603 634
644 625
677 641
709 638
747 639
782 651
813 652
848 632
881 644
911 644
941 651
972 647
1001 647
1034 638
1062 643
1091 650
1116 641
87 623
132 631
174 632
218 622
260 617
303 636
339 631
378 632
419 634
460 624
497 636
532 637
566 638
602 639
641 634
670 631
706 632
740 643
773 647
807 646
835 647
869 641
899 659
930 639
958 650
986 651
1017 642
1045 643
1073 659
1102 655
99 624
140 630
186 621
223 633
265 634
299 641
340 642
380 627
413 638
453 640
490 641
522 642
562 632
594 644
626 645
659 646
693 647
727 648
757 649
790 650
821 661
850 652
882 643
911 643
939 649
966 645
996 656
1023 657
1051 658
1079 658
106 635
149 636
189 643
225 643
266 628
302 651
341 641
377 631
411 645
447 633
483 645
520 636
553 649
584 653
620 643
652 650
683 645
713 652
746 655
775 658
805 654
835 655
864 666
891 657
921 657
950 653
978 659
1005 660
1031 661
1056 661
116 628
149 645
194 641
229 631
269 643
304 644
337 655
376 649
412 637
445 650
477 649
514 655
546 661
578 652
608 652
640 653
675 648
704 655
732 647
762 657
791 658
821 660
850 659
879 664
902 661
934 666
958 664
986 663
1010 664
1039 664
125 633
162 644
201 635
231 649
268 647
305 658
340 643
375 650
407 656
442 645
474 643
510 653
539 654
571 646
601 661
632 657
662 662
692 658
724 659
752 665
779 665
810 661
836 665
862 663
889 664
918 666
942 665
966 670
995 666
1020 658
141 641
178 642
211 660
250 653
285 651
321 652
354 658
389 644
420 655
454 646
484 647
512 662
544 663
575 661
607 650
635 660
664 670
692 653
722 654
751 666
779 668
805 665
833 660
857 657
884 669
912 670
936 672
961 663
983 661
1012 679
139 661
179 642
213 652
248 648
284 645
315 655
346 656
379 666
412 658
442 654
473 654
504 660
533 661
565 662
593 653
622 658
653 655
678 673
707 656
734 670
762 671
791 667
815 668
842 669
869 664
892 672
919 675
942 671
967 676
990 668
159 649
189 665
225 659
257 657
293 649
322 659
356 664
388 655
415 666
446 656
478 663
505 668
536 673
567 656
595 666
620 657
648 675
675 672
703 659
731 669
757 671
783 670
808 671
835 680
858 668
883 668
908 665
932 676
956 679
977 679
164 653
199 650
234 651
263 665
294 656
327 653
357 663
385 665
415 664
446 665
476 668
503 666
534 667
561 668
590 673
618 673
642 670
671 665
697 675
724 667
746 672
773 673
796 673
823 666
847 666
869 667
895 684
922 684
940 673
967 673
162 661
193 662
228 662
258 663
286 669
321 667
349 674
379 668
406 676
439 662
463 677
496 660
522 672
551 662
578 671
605 666
629 680
656 673
681 681
706 673
734 666
757 679
784 675
806 672
832 684
853 685
878 681
901 678
924 674
947 687
166 669
196 667
228 657
258 666
292 662
320 668
349 668
377 673
408 661
433 662
463 671
488 676
515 672
543 673
569 669
597 670
623 670
646 667
674 680
698 678
722 677
745 685
768 678
793 674
818 680
840 683
864 672
887 683
910 681
932 689
176 663
206 659
237 669
267 669
296 674
326 665
351 666
381 672
408 676
437 673
462 668
491 676
515 676
543 675
566 684
594 668
616 677
644 681
667 670
692 674
717 679
738 672
764 682
786 673
808 681
830 685
856 678
878 675
897 683
921 683
186 661
215 679
247 663
274 672
304 664
330 665
357 675
387 674
412 666
439 675
466 676
493 680
516 677
544 680
568 686
592 686
617 679
643 680
666 676
689 688
713 681
735 685
759 675
783 685
806 684
825 687
847 684
869 684
892 680
912 685
196 673
225 673
251 669
279 666
307 677
334 671
362 676
388 677
415 680
439 678
465 678
493 679
516 681
542 672
566 680
591 682
615 681
638 686
663 682
683 686
706 683
728 679
753 688
776 681
795 685
817 678
838 688
861 694
880 680
901 691
191 675
218 676
244 676
273 677
301 677
326 678
354 671
378 679
405 679
430 681
455 688
479 681
505 683
530 686
554 675
575 690
602 676
625 676
648 677
670 680
691 678
714 686
736 686
759 688
778 691
801 687
821 688
844 690
863 682
884 682
