1662 712
1628 728
1585 726
1538 724
1496 729
1453 723
1415 728
1392 732
1678 717
1616 715
1588 724
1540 729
1498 723
1449 729
1422 729
1381 728
1661 715
1605 718
1562 723
1524 713
1480 715
1431 717
1397 725
1369 726
1691 720
1635 714
1576 708
1530 711
1489 720
1444 722
1407 723
1375 718
1638 720
1590 718
1536 711
1487 720
1459 721
1409 717
1379 729
1664 708
1613 710
1561 713
1507 717
1458 717
1426 722
1376 716
1340 714
1650 705
1600 707
1538 710
1484 707
1441 723
1395 717
1360 722
1323 727
1678 691
1624 703
1557 706
1502 704
1459 701
1403 705
1367 710
1329 709
1677 707
1609 690
1553 705
1492 700
1447 699
1396 702
1340 705
1305 714
1659 695
1592 690
1531 704
1469 698
1420 709
1363 703
1324 714
1275 721
1668 688
1595 692
1547 689
1481 688
1424 706
1367 704
1326 706
1276 708
1671 670
1601 679
1532 683
1470 693
1417 696
1356 709
1318 711
1263 715
1673 683
1585 681
1524 685
1453 690
1390 694
1326 691
1282 709
1236 703
1692 662
1595 663
1522 669
1453 686
1380 689
1330 692
1269 687
1213 699
1695 661
1600 661
1513 659
1430 684
1365 683
1310 693
1247 697
1199 695
1651 654
1538 662
1472 667
1376 678
1320 685
1257 687
1209 690
1154 702
1646 647
1518 641
1439 662
1376 665
1292 676
1233 670
1170 670
1116 687
1671 631
1542 652
1465 636
1380 643
1299 663
1216 678
1167 680
1117 687
1636 621
1496 617
1397 659
1320 641
1253 657
1171 664
1107 684
1039 669
1560 609
1434 623
1346 621
1259 640
1164 655
1088 652
1054 668
975 670
1697 570
1511 569
1408 603
1292 629
1197 634
1132 639
1056 647
991 656
921 648
1570 545
1417 582
1303 601
1169 599
1086 607
1011 647
951 633
888 670
1693 512
1501 540
1371 593
1245 604
1122 613
1057 616
968 632
888 639
832 638
1494 483
1336 543
1207 554
1065 568
960 578
900 615
839 622
761 635
1554 443
1328 517
1139 529
1017 546
910 574
821 574
754 611
689 637
1628 402
1280 397
1128 491
987 517
859 552
784 536
713 588
622 600
600 594
1254 228
1033 406
888 422
736 492
651 516
570 563
540 576
470 572
1002 240
742 265
587 397
498 464
451 509
415 505
326 565
535 100
345 229
339 383
251 430
245 482
209 522
169 544
