20 87
138 152
285 122
419 85
560 129
701 119
90 211
217 183
324 184
432 209
547 215
659 180
777 194
52 232
137 254
227 241
335 225
421 252
520 269
618 278
702 230
63 302
154 305
234 285
317 310
397 285
492 320
572 301
653 284
738 321
60 319
121 353
196 330
276 333
344 338
414 336
491 330
561 331
638 332
707 310
790 337
27 344
92 376
152 365
224 345
289 345
355 338
419 376
484 356
550 355
615 344
674 338
750 355
3 375
57 382
120 384
181 375
241 384
300 384
358 363
423 391
484 392
544 383
597 375
652 366
715 374
780 379
18 390
73 407
125 399
182 393
237 399
292 382
348 390
402 393
459 393
511 399
564 380
614 373
669 382
728 390
780 372
51 407
96 407
150 405
205 388
249 389
299 396
354 403
401 412
450 396
507 412
547 389
601 394
656 404
705 394
757 404
34 402
73 423
124 417
164 423
212 416
262 409
311 402
352 423
398 407
449 416
490 407
539 402
584 409
633 416
684 431
729 423
780 430
17 433
58 432
102 440
144 426
194 412
233 439
280 412
317 439
362 425
407 412
451 426
495 426
539 412
581 426
625 425
673 425
715 425
754 426
80 435
115 435
159 435
241 428
280 423
324 427
363 442
400 435
443 427
482 423
524 441
567 435
609 435
644 435
23 436
59 436
98 436
136 431
215 431
247 443
290 435
326 431
405 443
478 430
558 443
595 442
632 443
673 435
706 431
747 443
789 442
16 444
47 444
227 439
299 445
336 439
372 444
481 444
511 440
624 444
269 445
577 445
