31 44
101 65
187 67
277 43
352 60
432 60
511 46
589 65
683 53
757 35
835 41
927 56
1004 69
2 120
77 126
147 130
215 133
296 132
372 132
445 126
515 130
598 147
667 119
741 145
826 150
897 130
955 115
59 199
128 204
195 190
264 187
330 199
394 190
469 189
531 183
601 185
668 183
740 217
807 188
870 201
942 220
1007 210
10 264
73 258
137 256
197 259
258 268
325 237
387 260
444 258
508 256
569 256
633 269
702 263
764 254
827 252
881 236
952 252
1007 255
41 298
104 300
157 303
215 307
274 298
339 300
391 297
455 298
508 297
570 299
630 300
686 291
745 307
796 291
864 316
926 305
968 291
27 340
86 334
136 350
184 348
241 327
297 334
344 341
403 342
456 343
509 356
562 342
616 328
673 356
722 346
782 341
833 358
887 358
942 341
983 336
22 363
62 393
112 382
168 371
213 393
264 378
318 379
364 392
417 379
461 377
512 370
564 379
612 371
667 378
717 378
762 380
816 392
860 371
914 393
962 379
1008 364
15 397
56 410
101 418
151 411
191 417
240 415
288 413
333 418
378 402
431 398
476 425
521 397
562 410
612 402
655 397
709 410
749 411
797 402
844 417
895 418
938 410
990 424
38 425
80 424
119 437
167 437
210 437
256 437
297 437
345 424
383 437
427 444
469 429
513 428
563 437
602 437
647 443
694 437
734 436
779 438
825 437
863 423
912 436
963 450
996 424
23 468
67 462
112 462
152 468
190 469
233 454
275 462
317 466
356 466
399 475
441 462
484 454
524 468
567 450
608 462
650 469
692 468
728 455
774 461
815 462
861 474
900 461
944 474
974 454
13 470
41 495
84 483
124 489
170 471
202 483
246 489
284 482
321 483
362 485
401 483
438 495
482 483
517 495
558 483
597 489
635 477
679 489
719 495
755 489
797 495
838 482
869 476
916 482
952 477
988 476
32 503
66 508
105 502
144 491
179 514
220 496
254 514
294 509
327 497
368 502
402 514
442 502
477 506
513 491
554 503
590 514
625 491
665 490
704 509
739 491
778 504
814 502
851 491
890 503
927 502
965 508
998 497
11 532
56 509
90 522
124 520
161 513
193 520
233 509
265 514
301 520
338 509
375 520
407 531
442 526
478 520
518 514
553 520
589 513
622 532
662 531
695 522
731 526
764 526
802 520
838 520
869 513
906 513
945 525
979 513
16 526
46 526
78 537
110 539
142 542
179 531
212 530
246 542
284 526
314 536
347 537
381 537
418 542
449 530
484 536
518 530
551 536
587 547
617 526
651 525
684 526
721 530
754 530
786 526
825 548
862 548
893 542
928 540
961 547
23 557
55 557
85 562
117 562
152 562
186 541
218 552
250 541
282 557
313 552
347 551
378 546
411 552
446 546
476 557
510 545
540 557
574 545
607 541
639 557
668 552
701 552
734 551
765 552
802 557
832 562
865 557
899 562
928 554
18 559
78 570
113 559
145 559
173 559
205 568
232 570
264 570
296 567
328 570
356 568
391 555
417 565
451 560
478 565
512 570
575 565
602 567
636 570
666 565
698 570
728 565
758 567
788 565
817 565
852 570
879 565
910 565
102 568
156 568
481 568
569 568
626 568
715 568
862 568
