1276 599
1256 598
1227 601
1206 598
1180 595
1154 598
1128 603
1099 601
1070 598
1054 598
1026 601
997 595
972 598
946 599
918 601
892 595
874 593
847 601
819 598
795 595
770 599
742 599
718 598
694 598
664 598
640 598
619 593
586 598
565 598
537 593
1320 597
1290 594
1269 593
1242 594
1217 599
1184 597
1161 597
1137 591
1111 597
1076 599
1057 597
1027 597
1003 591
974 597
951 597
919 597
896 597
865 597
841 597
811 597
789 597
766 597
735 598
706 594
679 597
655 591
630 597
601 591
570 599
548 597
1335 596
1297 597
1272 596
1246 599
1223 596
1190 601
1162 596
1137 596
1107 596
1078 599
1045 593
1028 598
992 590
965 597
939 596
911 602
880 596
860 601
831 590
796 601
774 590
745 596
718 592
690 596
659 599
633 593
607 598
582 593
547 597
524 596
1372 588
1339 594
1309 594
1284 594
1257 596
1224 591
1193 597
1168 594
1141 588
1104 596
1074 597
1045 601
1026 600
989 597
958 591
936 594
904 592
876 600
845 594
813 597
784 588
758 600
725 594
701 589
664 591
642 595
607 594
587 589
556 596
521 594
1376 589
1349 590
1315 587
1284 587
1257 599
1229 593
1196 599
1165 587
1128 595
1103 596
1071 593
1045 589
1009 593
986 587
953 593
925 593
891 593
862 587
830 595
795 599
770 596
737 593
707 593
679 595
649 593
617 587
588 595
553 593
521 593
495 587
1407 592
1374 593
1343 585
1309 585
1281 595
1249 598
1223 595
1184 592
1147 585
1124 592
1089 592
1052 595
1019 585
998 594
967 592
924 585
899 592
864 585
830 593
798 585
767 595
740 595
701 593
670 592
645 595
606 595
576 585
552 592
518 592
486 595
1473 583
1432 597
1403 583
1371 593
1332 583
1293 586
1262 583
1239 586
1196 583
1165 586
1138 590
1100 590
1069 590
1031 590
1004 597
963 590
935 597
893 597
861 583
823 592
800 583
765 592
732 590
699 597
657 590
627 583
591 597
559 583
521 583
497 586
1489 592
1449 588
1418 588
1376 588
1344 581
1312 588
1269 584
1243 592
1204 584
1163 596
1128 589
1085 581
1066 584
1029 592
983 581
954 581
918 596
882 589
847 581
806 592
780 585
734 581
705 581
674 588
632 589
592 588
559 596
530 590
495 596
459 591
1509 579
1480 579
1449 590
1402 579
1369 587
1336 579
1297 589
1256 586
1220 583
1178 582
1146 587
1110 582
1075 590
1028 587
995 591
964 587
916 591
878 587
848 587
805 590
768 579
734 583
704 590
666 579
630 579
581 594
545 586
516 591
476 579
443 591
1508 580
1458 589
1416 577
1389 592
1334 577
1302 585
1268 588
1223 593
1187 587
1147 589
1104 589
1063 585
1030 585
991 586
957 593
906 576
873 576
837 577
801 585
754 587
719 577
675 593
635 584
600 587
553 593
521 585
476 589
439 585
1505 578
1470 584
1417 582
1385 586
1339 574
1302 582
1258 591
1215 578
1179 573
1124 578
1088 582
1046 586
1002 573
957 573
927 582
875 582
839 576
794 577
749 582
711 590
664 582
631 582
578 576
545 582
492 573
455 586
407 582
1489 583
1441 588
1397 569
1363 578
1306 574
1253 579
1201 574
1175 588
1120 584
1079 573
1033 574
976 582
938 579
887 579
847 579
797 578
751 578
704 569
673 580
620 579
582 582
522 588
489 579
440 583
396 579
1508 565
1450 565
1409 585
1348 565
1313 575
1268 570
1205 569
1154 566
1102 570
1060 585
1011 585
970 575
909 575
864 565
810 565
769 565
708 575
660 585
613 575
571 581
521 580
463 565
421 579
368 565
1472 575
1436 574
1376 572
1323 576
1271 571
1215 572
1158 561
1099 574
1061 583
994 561
958 571
891 560
848 560
792 582
730 572
685 571
634 571
581 583
531 560
472 572
427 561
353 571
304 571
1508 566
1456 578
1384 567
1341 567
1290 566
1219 554
1158 561
1115 560
1060 566
987 569
941 554
866 566
812 567
752 572
706 566
629 554
574 554
520 568
465 566
402 560
354 566
287 567
1456 564
1396 560
1312 554
1260 554
1195 561
1133 561
1076 560
993 564
931 566
863 559
805 563
732 553
680 566
622 562
550 551
476 561
410 564
347 547
281 573
228 552
1450 540
1397 554
1308 545
1251 561
1167 558
1099 561
1036 556
957 568
899 554
822 539
756 558
675 553
605 540
543 554
450 567
399 561
304 553
252 553
174 560
1468 538
1405 529
1335 561
1219 555
1150 547
1071 536
992 545
915 538
846 552
772 553
677 546
603 546
527 530
435 554
353 535
289 546
207 545
122 536
1423 536
1327 517
1258 544
1159 537
1056 543
995 554
896 546
791 535
697 541
622 517
528 540
450 528
359 517
248 535
167 536
69 535
1457 503
1324 525
1262 543
1153 511
1016 535
948 534
845 515
718 505
622 503
529 525
419 525
333 524
201 529
102 509
26 525
1451 511
1312 488
1183 481
1065 502
977 499
845 474
699 505
590 478
461 508
355 479
207 512
89 490
1407 468
1236 481
1062 463
928 446
730 463
602 430
443 479
268 446
74 465
1442 407
1166 419
964 456
776 403
551 413
357 412
116 412
1508 298
1144 346
797 336
468 207
117 238
894 18
