90 126
193 135
310 88
433 100
564 23
722 45
78 177
152 187
237 174
326 164
432 163
545 142
678 166
30 231
83 259
149 227
229 213
303 208
388 228
474 221
562 219
676 205
783 216
29 309
80 292
142 304
208 270
266 288
336 286
406 258
488 279
572 289
658 263
751 229
31 309
76 333
130 296
182 313
241 292
294 328
365 287
430 311
490 289
571 322
644 275
738 294
0 349
38 340
85 340
126 338
178 338
224 319
274 318
330 352
386 333
447 351
510 311
571 349
642 338
712 326
16 362
55 359
92 344
133 343
177 342
214 361
261 364
312 356
356 355
410 338
464 344
523 353
576 335
639 352
710 351
775 350
16 374
54 387
88 380
124 374
159 374
198 387
236 373
280 388
325 388
373 373
419 372
469 357
521 380
573 356
629 377
691 371
757 389
20 392
52 387
83 387
116 399
157 374
187 400
223 400
266 379
302 374
341 387
390 387
429 387
475 388
526 395
573 373
628 404
684 388
739 391
22 397
48 403
73 409
106 409
140 402
173 387
205 399
244 392
278 412
311 393
350 387
391 400
428 387
472 387
517 401
562 387
615 402
660 388
714 407
765 411
3 406
28 401
50 417
82 407
109 401
139 408
170 410
197 414
231 409
262 409
298 415
334 422
371 405
407 423
447 418
486 412
524 405
570 405
613 414
660 428
702 415
758 420
11 408
40 408
60 410
88 415
114 405
141 416
166 422
199 406
226 417
260 412
285 429
322 422
352 431
386 423
425 409
460 409
498 428
538 428
577 417
615 424
658 417
706 438
751 432
790 413
12 415
29 426
59 412
79 422
105 422
127 426
156 414
183 426
210 429
239 415
266 420
299 416
330 432
358 438
393 428
425 418
459 435
491 436
530 431
567 420
603 433
645 433
689 440
728 439
772 442
13 427
35 432
56 428
79 430
105 420
130 421
156 421
179 422
204 422
232 426
258 433
283 438
314 428
344 435
371 435
401 436
435 427
469 438
503 442
534 434
572 440
609 435
648 442
681 431
723 437
768 445
10 441
35 425
53 429
74 434
96 430
120 431
143 440
166 441
193 437
213 438
243 430
268 440
321 441
352 442
378 437
437 444
567 441
635 443
0 438
21 438
36 439
59 439
100 442
121 441
145 442
189 443
213 435
263 437
576 445
17 435
34 436
54 444
74 445
95 441
116 438
159 439
178 440
370 445
89 445
112 442
129 443
