399 36
16 203
298 141
545 150
794 189
1074 196
1339 210
117 326
320 384
535 275
747 374
957 284
1157 318
1339 264
56 410
248 444
413 414
577 411
771 369
929 366
1114 393
1289 467
140 500
271 524
445 481
586 508
729 480
882 504
1034 485
1160 446
1332 508
51 553
173 530
308 572
438 493
578 513
690 551
833 533
953 532
1099 550
1203 509
1349 534
28 570
131 587
259 549
367 567
490 570
599 577
706 551
834 537
956 585
1053 533
1182 571
1291 568
105 601
202 615
305 600
408 614
523 568
619 631
731 633
832 601
938 569
1037 602
1147 568
1238 569
1354 614
66 627
145 654
258 609
345 640
442 641
529 655
621 598
725 627
822 625
914 625
1009 636
1100 639
1195 627
1288 625
1380 642
9 633
100 634
181 648
263 648
354 622
439 649
530 633
609 649
696 649
786 655
864 650
950 622
1039 662
1131 648
1211 622
1301 663
1375 649
4 641
83 651
159 640
232 689
313 671
395 690
476 677
550 665
628 665
716 641
798 690
876 650
948 665
1033 641
1107 640
1190 665
1265 649
1344 640
47 686
127 657
200 678
278 657
347 656
420 679
492 656
573 679
641 686
713 666
795 666
864 701
938 656
1016 656
1095 679
1166 668
1244 702
1312 678
17 693
83 679
149 697
215 713
291 672
364 693
430 703
498 679
563 692
638 714
709 703
773 692
851 678
912 699
985 670
1057 692
1123 691
1197 692
1256 670
1332 699
58 711
129 695
184 714
252 705
320 694
390 705
447 684
516 704
581 694
645 685
713 692
771 710
833 684
900 714
970 704
1032 685
1100 704
1167 714
1232 704
1287 685
1355 708
45 715
105 705
169 696
228 703
285 715
344 703
402 724
463 734
529 724
590 714
649 706
708 734
773 695
838 734
895 725
952 715
1019 725
1078 715
1134 703
1195 715
1250 696
1318 724
1381 715
28 714
86 724
138 742
199 742
258 715
312 724
376 715
432 733
491 724
541 724
603 724
655 724
714 730
774 724
830 713
887 724
949 742
1004 724
1061 728
1111 707
1168 706
1233 724
1291 713
1348 733
54 732
107 732
161 733
224 716
267 732
328 733
385 716
436 741
489 732
543 732
597 749
652 723
702 741
761 732
812 741
867 722
926 749
975 733
1033 741
1088 749
1136 722
1188 715
1251 740
1292 716
1349 716
27 739
81 756
131 744
186 744
244 724
292 723
340 744
393 723
445 740
495 740
545 724
596 756
647 739
703 748
747 747
805 724
851 756
905 756
955 756
1004 743
1057 743
1105 732
1161 724
1217 739
1265 740
1316 740
1368 740
16 730
62 746
108 730
159 753
207 761
257 749
305 730
353 745
407 730
447 753
505 730
548 745
603 730
650 750
695 746
748 746
799 761
844 761
897 730
947 746
993 745
1041 753
1091 746
1139 746
1191 730
1239 737
1289 745
1330 730
46 759
96 744
144 737
192 759
234 751
279 751
329 751
381 737
426 751
470 751
514 751
561 751
615 742
656 737
704 736
752 751
799 754
849 751
891 751
941 742
989 766
1035 737
1079 751
1125 752
1174 737
1219 737
1268 759
1317 752
29 757
82 743
120 757
167 757
205 764
254 764
302 743
339 757
389 757
434 757
475 757
526 743
568 757
611 757
654 757
700 757
748 757
790 757
837 757
884 771
926 757
972 743
1016 743
1061 749
1101 743
1150 757
1193 757
1240 757
1287 757
12 762
58 762
101 769
139 769
187 749
226 776
271 762
314 749
352 764
397 748
440 762
487 748
529 765
568 769
615 754
658 762
700 754
741 762
787 765
827 769
869 762
913 762
957 776
997 762
1042 762
1087 754
1130 762
1173 762
1216 762
1256 762
39 753
73 773
121 766
160 753
204 766
242 766
279 779
325 770
369 754
407 769
446 766
492 773
573 766
612 766
654 766
699 758
740 767
778 754
819 766
861 767
903 769
945 766
989 773
1023 767
1072 773
1108 769
1151 767
1189 766
1236 766
65 758
102 770
144 758
175 774
215 770
297 763
337 770
375 777
416 763
455 758
498 770
536 771
575 758
614 777
653 770
693 777
733 770
777 770
816 777
852 777
896 770
934 774
972 771
1012 770
1054 773
1091 770
1129 777
1173 770
1211 758
95 767
133 767
209 778
249 775
288 774
366 762
402 774
442 762
479 762
592 777
632 762
668 774
743 762
784 762
823 778
899 774
938 767
972 762
1013 778
1054 778
1127 767
1161 762
147 766
181 778
220 771
258 766
293 778
328 778
403 778
438 772
476 772
513 778
549 778
588 778
624 766
661 771
700 766
772 766
886 778
920 778
959 778
996 771
1106 778
1179 772
139 775
280 770
388 775
454 774
601 770
667 770
774 770
988 775
1024 775
1061 770
154 778
191 773
228 773
292 778
329 773
741 778
811 778
945 773
979 774
1012 774
1115 779
1155 779
531 777
598 777
830 776
