1073 526
1038 529
1008 526
988 529
956 532
922 519
886 529
862 526
832 526
796 532
770 519
735 529
704 526
679 522
646 527
613 526
577 529
554 527
517 520
494 526
454 526
428 526
400 526
365 529
331 526
297 526
279 526
247 532
213 520
176 522
1091 525
1054 518
1022 524
992 526
961 518
926 525
902 524
859 524
828 518
796 518
762 528
739 518
706 531
670 528
636 531
608 518
573 528
543 528
507 528
475 531
448 525
417 525
385 518
350 521
318 525
290 525
250 521
221 528
191 525
157 527
1110 520
1071 523
1046 526
1010 523
970 526
939 523
905 523
879 523
843 516
804 523
775 525
734 525
698 523
673 519
631 526
602 523
563 519
531 526
493 525
459 519
435 523
394 526
357 523
324 516
289 519
260 523
230 523
183 524
159 523
124 530
1121 525
1087 514
1045 514
1012 517
983 521
942 521
907 521
866 521
837 518
802 518
759 523
726 517
690 523
655 522
624 521
588 521
545 517
509 521
482 517
446 529
400 523
376 521
334 522
294 528
263 525
230 521
195 521
149 522
121 517
80 521
1157 523
1116 523
1072 521
1038 519
1007 519
968 520
929 519
892 519
856 512
816 512
768 519
743 519
694 515
661 527
623 521
588 511
548 519
507 519
469 516
431 519
403 527
358 512
326 523
289 523
240 521
209 519
168 523
131 519
85 511
58 515
1171 517
1130 517
1090 517
1050 519
1007 525
974 517
922 521
889 512
853 513
811 521
762 521
732 513
680 517
647 517
599 512
562 512
532 517
478 521
449 521
396 517
353 521
318 517
287 525
244 521
205 517
155 525
117 519
85 512
50 517
1179 518
1142 518
1091 505
1052 515
1009 509
967 506
916 523
873 516
843 505
801 509
743 515
708 518
669 505
615 523
574 506
538 514
490 514
442 516
397 514
354 514
318 514
263 523
240 523
186 505
140 514
99 514
55 516
14 516
1239 511
1192 507
1152 516
1096 516
1064 516
1002 506
961 511
910 511
874 511
815 512
783 502
738 516
685 511
633 502
585 514
552 502
495 516
444 511
411 511
366 516
314 511
266 502
230 511
172 513
125 511
75 511
30 501
1228 509
1183 511
1146 498
1089 508
1048 511
992 513
945 518
895 508
845 508
798 518
736 499
699 508
639 498
599 509
541 508
485 518
449 518
400 511
349 518
300 499
251 513
194 512
145 502
100 514
40 502
1281 510
1228 498
1172 508
1117 505
1076 493
1009 494
955 498
904 498
852 499
797 510
751 500
702 493
638 510
590 515
535 505
475 505
435 505
387 500
315 516
269 510
225 505
166 494
119 510
43 510
10 505
1357 503
1306 502
1239 506
1195 492
1117 500
1072 500
1006 488
944 488
891 488
829 494
780 499
723 502
660 492
605 500
542 502
473 487
418 493
372 500
300 487
235 499
197 500
133 488
63 499
23 488
1437 485
1366 481
1306 494
1237 493
1153 487
1099 500
1048 498
978 493
901 494
847 494
769 500
723 482
655 493
597 495
511 481
466 497
402 495
325 493
265 494
203 495
117 506
71 501
1 501
1446 488
1387 487
1319 491
1253 494
1167 479
1105 501
1026 487
966 478
897 487
824 488
734 488
679 480
609 486
534 473
468 478
380 494
317 474
241 494
156 487
112 491
41 495
1451 460
1339 467
1278 468
1172 470
1121 477
1009 461
927 478
851 494
771 478
683 487
629 463
543 467
444 462
371 479
302 479
204 479
129 469
54 462
1465 446
1360 468
1257 466
1173 448
1068 468
972 484
891 446
794 467
689 445
599 445
512 456
398 486
299 444
212 465
139 466
3 452
1445 463
1343 449
1220 436
1092 461
997 452
865 432
782 430
679 450
560 457
435 436
332 475
220 471
135 456
1498 401
1388 427
1250 431
1063 446
936 454
822 426
677 410
552 444
428 426
305 459
149 446
24 429
1437 402
1305 407
1135 401
948 406
805 358
636 395
436 374
265 374
138 399
1394 300
1104 361
893 336
663 282
456 302
187 335
2 387
1294 238
952 261
652 237
210 252
