343 179
334 180
327 182
317 181
309 179
300 180
294 181
283 180
276 179
268 181
258 180
251 180
241 181
234 180
224 181
216 181
206 179
200 180
191 179
183 180
173 180
164 179
157 179
148 182
139 181
132 182
123 180
114 179
104 180
95 181
344 178
335 180
324 179
315 178
308 180
298 178
289 180
279 180
270 180
263 180
254 180
245 182
235 182
227 178
217 181
209 181
200 179
192 180
182 180
175 179
166 178
157 180
147 180
139 179
129 178
121 179
112 179
103 181
93 180
86 182
354 180
346 178
334 179
327 179
315 180
307 180
298 180
289 180
280 181
272 180
262 180
252 178
242 180
234 178
226 181
214 178
208 180
198 180
189 178
180 180
171 180
159 182
149 181
141 178
130 180
121 181
114 181
103 181
95 180
88 180
354 180
342 177
333 177
325 178
314 180
306 180
295 177
285 181
276 181
267 179
256 179
249 179
237 177
229 178
219 180
211 180
201 177
191 180
180 178
169 179
162 179
152 177
143 179
131 180
122 177
113 180
102 180
93 180
86 179
76 178
357 179
347 178
338 181
326 180
318 180
307 179
297 181
286 180
276 179
267 179
258 179
247 180
237 177
225 179
218 177
208 179
196 179
186 179
178 177
168 178
157 179
149 179
137 179
126 179
116 177
107 179
96 179
88 178
77 178
67 179
363 178
351 176
342 179
333 176
321 178
312 178
299 178
290 178
277 178
270 178
257 178
247 179
236 178
226 177
215 178
206 176
194 176
183 178
176 176
163 176
151 179
141 179
130 176
120 181
111 179
101 178
90 178
78 176
70 181
57 178
369 176
359 179
347 178
334 176
322 178
311 178
301 178
292 178
279 180
267 176
256 176
245 180
237 178
222 176
211 176
202 177
189 178
180 176
167 176
157 177
147 178
133 178
122 179
112 178
102 180
91 178
78 176
67 176
58 176
45 178
374 178
359 177
350 175
338 176
323 180
312 177
302 177
292 180
278 176
268 177
253 178
242 177
229 178
218 175
209 177
197 177
183 177
171 175
161 177
150 177
134 176
127 176
114 177
103 180
91 178
77 178
66 177
51 177
45 175
29 180
379 177
367 177
354 177
344 175
329 174
319 177
304 178
294 177
282 175
267 177
257 177
242 179
230 175
218 177
204 177
195 178
181 177
170 174
154 177
146 177
133 178
119 175
105 178
94 177
83 174
68 179
57 179
48 177
31 178
19 177
384 177
376 177
362 177
349 177
336 179
320 177
306 177
294 173
284 177
267 177
256 176
243 176
229 176
215 176
203 176
189 179
178 176
165 177
153 174
139 177
124 176
112 175
102 174
86 179
74 176
60 176
50 179
32 175
21 177
9 176
396 178
383 175
371 175
353 172
339 178
327 174
314 172
298 172
285 177
269 175
257 176
243 175
227 175
213 175
203 177
187 174
174 175
158 175
145 175
134 173
119 174
105 175
91 175
79 175
61 176
46 175
35 174
21 175
7 172
410 171
393 172
383 173
365 172
353 171
337 178
324 177
307 177
291 177
280 173
265 172
248 174
234 174
218 173
203 171
190 174
172 174
161 175
142 174
133 175
115 174
103 175
87 174
72 172
57 177
40 172
29 176
9 174
410 174
401 177
383 172
365 175
351 174
335 174
319 170
304 171
288 172
274 170
261 177
242 174
227 173
212 175
197 177
177 177
166 173
152 171
136 175
118 174
105 171
86 174
70 174
55 174
38 175
22 173
7 170
427 172
410 173
388 169
370 169
354 169
338 174
322 172
305 170
292 173
271 174
255 176
238 172
223 172
202 172
188 172
171 172
155 172
136 176
118 169
99 174
84 172
67 176
48 170
32 172
18 169
449 171
432 171
416 168
401 172
379 167
361 171
343 169
326 173
305 167
285 171
269 167
246 172
232 167
211 175
195 171
175 171
154 171
138 167
122 167
100 171
82 171
60 171
43 167
25 173
10 169
463 169
445 169
427 169
403 165
380 169
361 173
342 169
322 165
302 165
279 165
263 169
238 170
218 170
202 170
180 169
158 165
137 173
116 169
98 171
78 171
57 167
34 169
13 169
480 170
451 167
430 167
415 170
390 168
362 163
341 168
321 170
301 169
279 169
259 167
231 163
214 167
191 163
169 167
144 163
121 163
104 170
81 168
50 163
39 163
16 165
503 170
480 165
454 162
425 168
403 165
375 167
352 165
326 170
301 165
280 163
253 165
231 160
205 170
176 165
152 160
125 164
104 167
82 165
55 170
30 166
494 163
466 163
444 163
412 155
388 161
353 161
321 162
294 162
270 161
238 158
205 157
184 161
151 155
127 156
95 158
65 156
38 164
12 161
503 161
465 158
433 159
402 151
364 157
336 157
305 154
262 157
235 151
198 161
175 153
140 157
100 157
63 157
37 157
5 157
493 145
447 152
413 151
379 150
330 154
285 155
248 151
214 145
168 144
139 155
101 144
53 146
23 151
469 143
427 146
380 141
326 132
285 144
238 144
187 133
146 146
88 132
25 136
443 129
387 125
311 135
253 133
201 141
120 134
49 125
0 115
496 107
406 107
323 104
242 102
142 90
48 89
388 62
244 33
113 58
