794 27
166 99
351 125
545 126
720 51
906 98
106 177
248 195
406 175
542 180
684 140
843 134
977 179
41 231
145 248
265 239
402 199
505 266
628 232
745 241
867 230
970 198
6 265
104 249
207 266
304 265
409 263
509 236
612 251
710 280
818 269
910 265
83 287
183 262
266 261
354 262
441 302
535 273
622 274
703 262
804 295
880 289
974 288
66 319
143 309
223 295
302 308
380 319
460 314
543 315
613 306
689 294
777 285
856 308
935 308
1008 315
22 302
90 300
167 302
228 323
307 301
376 302
449 323
514 310
585 322
656 323
732 328
804 334
870 309
945 309
1011 329
62 336
126 325
193 317
255 337
320 342
386 324
443 355
512 337
576 324
644 335
706 355
765 356
832 337
898 317
954 318
42 346
98 354
158 346
223 346
283 346
343 354
399 350
457 345
521 345
582 355
636 337
699 345
757 346
815 345
879 354
929 328
994 345
24 346
68 370
134 354
184 354
240 354
293 363
353 345
405 359
457 355
515 338
572 355
627 359
685 359
736 371
793 354
847 370
902 338
958 371
51 346
100 361
154 364
204 362
253 377
303 361
361 353
410 377
464 354
510 362
564 369
616 361
667 361
714 361
766 362
818 364
868 362
922 354
5 369
54 376
96 354
148 369
197 369
242 383
291 376
338 362
386 376
433 373
478 383
523 373
575 368
621 368
665 369
716 383
760 354
811 376
857 376
906 373
29 361
72 361
114 381
161 378
205 378
248 374
293 388
341 381
383 374
429 374
470 374
515 366
559 378
604 361
652 366
697 381
738 381
785 387
831 374
872 374
54 379
95 386
141 380
177 372
222 386
265 379
304 380
344 379
386 392
428 372
473 379
515 380
555 379
595 392
639 386
680 392
721 372
768 379
809 372
849 392
85 384
125 390
164 373
205 372
240 384
282 384
320 390
359 372
403 372
439 372
479 396
520 384
558 384
599 391
635 387
678 396
715 373
754 384
793 377
833 373
96 389
135 377
169 388
210 388
248 377
283 388
321 389
356 388
394 388
434 389
468 389
509 389
547 389
584 394
621 388
658 377
694 388
734 391
768 394
809 400
126 403
163 387
199 393
233 382
270 398
303 382
337 396
375 403
412 392
446 392
478 392
515 382
549 396
584 386
620 395
655 398
693 393
727 392
759 393
795 382
142 396
174 398
207 396
242 396
275 390
309 386
344 401
374 386
409 401
445 386
474 396
509 396
542 401
578 406
610 396
643 406
676 406
710 398
743 396
779 396
165 402
197 393
229 389
258 399
291 394
323 399
355 389
384 404
420 409
449 401
480 393
513 389
547 404
576 394
608 399
642 401
676 404
709 399
740 403
771 393
176 411
208 406
238 401
270 401
299 403
333 396
364 411
394 401
423 392
453 401
485 396
513 401
547 401
574 401
605 403
635 401
669 402
699 402
730 401
761 411
194 409
225 399
252 407
282 404
313 406
340 400
372 409
400 404
430 407
459 395
485 404
514 404
544 404
573 395
605 395
633 395
661 399
690 404
718 404
752 413
