315 131
306 133
298 132
292 132
285 131
277 133
271 133
262 131
256 131
249 133
242 133
236 133
229 133
222 133
216 134
209 133
201 133
193 133
186 133
179 133
171 133
164 133
158 132
152 134
143 133
136 134
130 131
122 131
117 131
110 133
325 132
317 131
310 131
302 132
294 132
288 134
279 132
274 132
267 132
260 133
249 133
245 131
235 133
227 132
222 132
213 132
206 131
200 131
191 132
185 133
178 133
169 132
162 132
156 132
148 132
141 132
133 132
124 131
117 134
110 132
332 131
324 132
319 133
308 131
301 130
292 134
284 132
279 134
272 134
261 130
255 132
248 134
239 133
232 133
224 130
215 130
207 133
199 132
192 131
186 133
176 132
170 133
161 132
154 130
146 132
137 132
131 132
122 132
116 130
107 133
335 132
328 132
322 132
313 131
306 130
298 132
288 130
281 132
272 133
263 132
255 130
247 133
240 130
231 132
222 130
214 132
207 130
198 132
190 132
182 131
174 131
165 132
156 132
149 132
142 132
132 130
125 132
116 131
108 133
99 132
337 132
328 132
321 132
312 131
302 131
293 131
283 129
275 131
268 131
260 131
250 130
243 130
232 133
225 132
216 131
206 131
199 130
189 131
181 130
173 132
165 132
155 131
146 131
137 129
129 131
120 131
112 133
103 129
96 130
331 131
323 130
315 133
303 129
297 131
288 129
277 133
269 132
259 129
252 131
241 131
232 130
224 131
213 133
204 131
196 131
185 132
177 129
167 132
158 131
150 129
141 131
130 131
122 131
112 131
103 131
95 131
331 128
322 130
313 130
303 131
292 128
285 131
275 131
266 130
252 130
247 131
235 129
226 129
215 132
206 131
197 130
185 131
178 132
167 131
158 132
148 130
139 131
128 130
119 131
108 131
98 130
89 130
338 130
324 127
314 129
305 130
293 127
283 129
272 129
261 129
249 127
240 130
229 129
220 127
211 130
198 127
189 129
177 129
166 127
156 128
146 130
137 129
123 129
115 129
106 131
93 128
84 128
335 127
325 129
314 127
302 129
292 131
279 129
270 126
257 127
248 129
235 129
225 129
212 129
203 128
189 129
181 129
167 131
158 126
147 128
133 129
123 131
113 129
100 126
91 129
78 130
328 126
319 130
303 129
292 126
279 130
269 128
255 128
241 128
229 129
221 129
208 128
194 129
183 130
170 129
156 128
144 128
134 129
120 128
107 128
95 128
85 126
72 128
324 125
312 128
300 127
287 127
276 127
260 127
249 127
235 127
224 124
206 125
193 125
184 127
169 124
154 128
142 127
131 127
115 124
101 124
87 127
76 128
62 124
336 124
321 127
309 127
294 124
283 126
268 123
248 123
236 126
223 126
210 127
193 123
177 123
165 123
148 124
137 123
120 126
109 127
92 123
76 128
64 124
48 122
333 124
315 121
299 121
282 126
272 124
253 125
235 125
218 124
203 125
187 124
174 124
153 124
138 125
122 121
106 124
89 122
72 121
59 121
39 127
320 122
301 122
288 124
262 122
249 122
227 124
215 122
197 122
177 123
156 120
143 119
121 118
104 122
84 122
68 119
51 126
34 124
14 122
320 120
296 120
278 117
256 117
239 120
217 120
197 121
172 115
156 120
131 116
116 120
95 120
69 116
49 119
29 120
13 117
332 112
302 112
280 120
266 122
240 118
212 112
188 119
168 113
142 116
116 119
99 112
74 117
51 112
25 112
4 113
316 108
297 113
261 116
242 110
213 116
189 118
157 113
128 110
102 107
77 116
50 111
19 113
310 101
274 114
247 107
208 107
180 115
147 105
116 100
82 102
46 107
3 107
324 100
286 98
249 99
194 100
163 91
117 99
74 92
37 108
277 76
232 77
173 98
118 97
56 91
281 47
197 49
77 47
