109 69
204 83
285 49
401 72
507 60
628 70
734 82
850 66
959 73
42 164
109 171
220 150
316 165
382 170
491 146
567 148
657 137
759 164
865 148
929 143
17 225
121 222
181 221
236 233
336 210
412 232
469 227
555 230
633 214
711 229
784 223
847 230
927 238
998 232
58 282
119 277
170 272
234 287
307 283
369 273
436 258
502 274
566 262
633 257
691 283
766 272
820 271
894 276
962 271
1014 280
2 316
57 313
115 307
168 305
229 306
270 306
334 294
397 296
457 314
518 312
571 319
631 308
701 316
750 310
800 314
857 305
914 306
964 297
39 323
99 324
157 336
205 338
256 335
305 326
354 337
410 327
464 340
518 324
565 339
610 336
662 334
719 325
772 341
815 325
883 324
939 332
978 336
48 359
102 359
142 349
182 353
230 358
278 357
323 361
377 362
425 350
472 348
505 360
552 358
610 359
645 360
695 355
741 351
783 358
830 368
879 363
933 358
974 364
38 376
96 378
132 369
175 369
213 373
268 374
295 376
345 380
380 380
421 376
469 380
513 373
560 382
595 385
644 378
687 378
726 376
771 380
808 372
849 369
889 369
929 377
984 382
1017 386
15 385
44 392
83 393
122 397
166 401
199 385
243 388
273 393
317 387
361 386
400 401
440 393
475 392
505 392
551 396
592 393
629 397
661 393
707 393
749 401
788 388
816 394
859 392
893 385
944 396
975 393
1016 397
18 406
60 403
101 402
139 399
168 407
204 403
237 408
272 402
312 407
350 407
383 411
414 399
450 406
494 399
529 407
560 402
591 411
634 407
662 399
709 399
742 407
768 400
803 411
835 403
883 400
912 407
950 406
988 407
2 412
23 418
53 418
90 422
124 422
150 414
194 414
222 411
255 420
286 422
320 412
359 412
387 411
424 418
452 418
489 425
515 422
549 418
588 419
621 418
653 411
689 418
719 418
755 414
780 418
821 414
849 411
875 419
919 418
951 419
5 429
42 427
73 428
106 434
134 427
170 425
202 434
229 428
261 428
291 421
329 428
362 428
383 421
419 427
446 428
482 428
511 428
547 421
573 421
608 421
631 428
664 421
700 421
731 423
768 434
785 428
827 429
864 434
878 431
918 427
51 437
78 436
103 439
132 442
167 436
197 430
224 439
250 442
287 430
306 436
337 432
371 437
404 436
430 436
461 436
489 436
515 436
542 436
576 436
604 436
634 442
667 438
686 433
724 438
753 443
778 430
812 436
839 436
872 442
896 438
87 444
112 444
141 444
172 444
205 447
233 445
259 444
281 447
312 447
335 438
366 447
396 445
425 446
448 444
480 438
507 444
532 438
558 438
591 438
615 444
641 444
674 440
697 441
725 447
755 438
780 438
812 444
839 444
860 440
898 440
86 451
124 450
145 453
178 453
202 451
227 450
253 447
280 451
302 456
331 445
357 445
387 453
413 451
440 451
459 451
493 448
518 456
538 453
567 456
598 450
624 456
652 452
674 451
702 445
727 445
749 452
784 452
804 451
834 445
856 445
121 452
140 457
164 462
194 457
219 459
241 459
272 454
289 453
319 451
339 457
363 459
396 451
422 451
442 462
471 459
495 459
515 451
544 462
571 459
590 451
619 457
639 451
673 458
695 451
714 452
740 457
769 451
796 462
820 457
849 459
141 457
162 462
193 457
216 465
237 462
255 465
284 462
306 459
330 465
354 459
381 462
405 465
430 457
452 465
474 462
493 462
522 459
540 459
565 467
589 459
617 462
640 464
664 462
682 457
708 463
728 462
759 462
780 460
805 457
829 463
158 470
183 463
199 470
218 467
242 469
265 470
289 467
313 463
338 468
363 463
376 467
399 467
425 463
447 464
469 472
493 469
516 470
538 464
564 467
587 469
602 464
627 463
649 470
670 467
700 467
721 463
742 467
763 472
788 472
811 467
179 472
201 470
225 467
243 473
267 472
283 467
305 472
327 474
349 473
373 470
392 467
417 467
433 472
453 472
475 474
500 474
524 474
541 477
567 472
582 473
608 473
631 477
648 472
672 467
694 473
716 472
737 473
755 467
781 474
796 474
186 476
212 478
228 476
245 476
273 473
287 476
308 476
331 476
350 478
370 476
393 476
415 480
434 476
454 476
477 476
495 474
518 474
535 472
553 476
574 473
596 476
619 476
641 478
657 474
682 476
702 476
716 480
740 476
758 478
782 472
198 477
216 478
237 484
255 480
280 480
296 481
312 482
333 481
357 482
371 476
397 482
411 480
436 480
451 480
473 482
489 482
509 482
531 477
554 480
574 480
589 476
607 482
628 482
651 481
668 481
691 484
706 478
727 476
745 480
768 477
225 487
246 487
262 483
281 479
299 483
323 479
337 485
358 483
378 481
392 479
412 485
432 483
450 487
467 481
487 485
506 485
526 485
542 479
563 479
582 479
601 481
618 484
636 483
657 479
680 483
695 481
716 483
730 485
751 487
771 484
237 487
250 484
268 487
290 487
307 483
321 487
342 483
360 487
375 484
396 485
417 488
434 483
450 485
471 487
488 485
506 487
521 489
543 487
562 488
579 487
595 489
614 483
629 487
648 485
667 485
684 484
701 483
724 487
743 489
761 487
247 493
263 491
284 490
299 489
317 490
334 489
353 490
370 490
386 488
405 486
420 490
436 489
452 491
471 489
487 493
508 491
528 487
542 487
556 489
577 486
596 487
611 486
631 493
646 489
663 487
684 491
697 490
719 490
737 490
751 490
245 492
260 496
277 492
300 492
317 492
332 493
348 494
361 489
379 491
398 491
415 489
428 492
449 493
463 489
483 493
497 490
513 492
531 492
547 490
563 494
583 492
599 494
618 492
633 492
647 492
663 492
681 489
697 492
717 492
736 496
253 496
271 491
286 493
301 493
318 493
331 498
347 495
366 495
379 495
397 492
413 497
429 497
445 495
462 495
476 497
497 497
512 495
527 495
543 491
560 495
578 495
593 491
607 493
622 493
644 495
660 495
672 495
687 497
702 495
724 495
270 496
283 498
299 497
316 494
332 497
347 499
364 497
378 494
392 496
412 497
424 499
441 499
456 497
474 499
490 499
503 494
519 498
536 501
554 494
566 497
585 497
600 499
615 497
630 499
648 498
661 501
680 497
691 499
706 494
724 496
270 503
288 500
305 500
318 500
329 500
345 503
362 500
379 498
393 498
408 500
424 503
440 500
453 498
467 501
482 500
497 496
513 501
531 496
547 497
560 496
575 500
590 498
607 501
621 502
634 500
652 498
669 501
684 500
694 496
712 500
278 502
294 505
309 503
322 499
340 502
352 499
369 505
381 502
398 503
411 500
426 502
439 502
454 503
471 499
486 498
498 503
514 502
526 500
543 502
560 502
571 500
587 502
603 502
617 502
630 502
647 500
661 499
678 503
692 500
707 502
