104 22
739 85
1039 54
1355 81
74 198
282 155
505 262
768 161
1002 186
1214 189
34 342
210 294
406 243
586 257
765 288
964 291
1149 305
1322 287
106 369
263 349
418 394
573 306
732 390
891 318
1038 345
1180 300
1337 323
77 370
202 389
351 413
477 391
603 389
754 353
877 352
1020 373
1148 432
1298 411
27 438
137 426
255 438
362 460
496 425
608 445
721 424
842 443
963 427
1067 394
1198 445
1307 410
72 421
176 468
273 451
384 484
485 420
599 435
691 468
806 453
903 452
1020 467
1107 433
1224 453
1337 482
40 481
147 473
233 487
335 456
426 472
526 473
616 479
704 457
809 445
908 486
990 443
1094 473
1183 472
1275 446
1373 473
30 464
118 517
204 490
286 503
371 490
457 502
551 463
631 516
725 517
808 491
898 464
979 491
1072 464
1149 464
1241 502
1334 489
5 482
78 517
166 506
236 528
326 491
402 517
483 517
556 529
632 482
719 506
801 505
879 505
958 513
1034 517
1115 505
1193 504
1269 518
1346 494
45 519
111 506
188 506
259 518
328 518
404 496
478 519
555 505
622 519
696 519
772 524
838 519
912 496
986 530
1065 518
1135 496
1207 530
1272 519
1342 524
30 528
101 508
170 517
235 507
301 549
369 533
439 550
508 539
571 529
637 528
713 508
782 549
849 516
910 528
985 508
1048 508
1117 528
1183 516
1251 507
1325 538
13 526
74 547
139 543
205 518
269 537
335 518
394 517
459 537
519 517
590 537
648 543
710 526
781 526
839 556
904 518
971 517
1038 537
1100 528
1164 556
1225 537
1288 537
1355 525
43 545
109 546
165 534
223 549
282 563
344 528
408 546
466 554
524 534
581 545
646 564
707 554
762 545
829 534
882 551
946 527
1007 545
1064 545
1128 545
1181 527
1245 551
1310 563
1373 563
30 542
85 556
142 558
202 545
252 561
310 553
368 544
430 553
479 536
539 552
596 544
651 536
710 542
761 558
815 536
872 561
934 552
989 536
1046 552
1104 561
1161 552
1211 536
1268 556
1322 535
1384 552
19 559
72 560
127 559
179 551
234 543
286 550
337 559
388 549
440 567
493 576
550 567
603 559
655 552
706 576
763 543
819 575
869 568
919 559
977 568
1029 560
1078 550
1131 560
1181 544
1237 568
1294 559
1345 559
6 573
64 558
109 557
161 565
208 581
262 580
311 558
359 565
414 558
465 573
516 566
560 565
614 565
660 565
712 570
764 565
813 556
863 565
917 580
965 565
1015 568
1060 550
1111 550
1166 565
1218 556
1266 573
1313 557
1363 565
33 570
82 571
131 570
177 570
225 571
279 556
319 571
372 571
421 556
467 578
514 571
561 570
609 585
657 562
701 578
753 571
797 578
846 562
897 585
941 571
991 578
1039 585
1083 562
1130 556
1183 578
1221 556
1271 556
1321 578
18 582
66 575
105 575
155 589
197 579
246 579
296 562
338 561
382 579
427 561
474 575
518 575
562 562
608 589
653 575
702 582
741 582
792 562
832 589
880 589
924 589
967 578
1014 578
1057 569
1107 562
1155 575
1198 575
1242 575
1289 575
7 566
42 592
92 566
134 579
174 566
221 586
264 592
307 582
349 566
392 579
439 566
476 586
526 566
564 579
613 566
655 583
694 579
742 579
787 593
826 592
874 566
918 579
958 579
1001 586
1045 579
1087 579
1134 566
1177 571
1220 579
1258 566
36 583
78 589
120 589
163 577
205 570
249 589
286 583
326 583
371 583
415 570
457 583
495 583
535 583
576 583
623 575
660 570
703 570
745 583
787 585
831 583
868 583
913 575
954 596
997 570
1035 583
1076 583
1120 570
1161 570
1202 589
1246 583
66 581
103 586
148 575
183 586
225 587
259 593
303 593
344 575
379 586
423 587
462 586
499 587
544 574
582 587
620 587
658 586
699 587
742 587
779 587
821 586
862 599
900 587
942 574
981 574
1021 580
1057 574
1099 587
1137 587
1179 587
1221 587
86 590
127 590
166 596
200 596
241 578
277 602
317 590
354 578
390 592
429 578
467 590
509 578
547 592
582 596
624 583
662 590
699 583
736 590
777 592
812 596
850 590
889 590
928 602
964 590
1004 590
1044 583
1082 590
1121 590
1158 590
1195 590
108 582
140 598
182 593
216 582
256 593
291 593
324 604
365 596
403 582
437 595
472 593
513 598
550 604
586 593
621 593
658 593
698 586
735 593
769 582
806 593
843 593
880 595
918 593
957 598
988 593
1031 598
1063 595
1102 593
1136 593
1178 593
130 585
164 596
201 585
230 599
266 595
303 606
338 589
375 595
409 601
445 589
480 585
519 595
552 596
587 585
623 601
657 595
693 601
729 596
768 595
803 601
835 601
874 595
908 599
943 596
978 596
1016 598
1049 595
1083 601
1122 595
1157 585
157 592
191 592
223 609
260 601
295 598
330 598
365 603
399 588
432 598
468 588
501 588
532 604
567 603
602 600
639 588
670 598
705 609
738 588
775 588
809 601
844 603
877 598
912 592
943 588
979 601
1016 601
1048 603
1082 592
1113 588
1153 609
165 611
202 590
234 600
268 594
302 590
334 601
365 600
399 611
433 600
464 595
498 595
531 600
563 601
599 600
631 590
664 594
699 590
730 611
764 590
796 605
830 605
866 600
897 600
932 601
965 594
996 603
1032 605
1063 600
1097 605
1129 595
194 597
222 612
255 606
287 603
321 593
351 603
385 608
418 597
446 608
478 597
512 603
542 608
577 613
610 593
641 603
669 593
702 613
734 608
766 593
801 603
833 605
864 603
896 603
930 613
958 598
991 598
1024 593
1056 606
1088 608
1118 608
207 599
241 595
273 595
301 610
332 599
365 595
396 605
423 607
455 605
487 605
518 608
548 605
581 605
611 605
643 610
675 610
702 605
736 599
767 610
799 599
826 605
859 605
888 605
920 595
951 595
980 595
1014 614
1048 614
1073 600
1109 600
214 607
243 607
275 607
305 607
332 611
366 610
395 616
424 609
453 616
486 601
512 616
547 598
575 609
607 598
637 607
667 601
694 616
725 607
755 616
784 607
817 597
846 611
878 607
905 602
939 616
965 616
997 611
1027 607
1057 601
1088 616
227 613
254 611
284 600
314 609
346 603
373 609
403 609
431 613
463 600
489 600
520 609
547 613
575 609
605 609
634 604
666 604
695 604
721 600
753 613
781 610
809 609
838 618
865 609
896 604
927 611
955 613
984 600
1014 611
1044 609
1074 618
244 606
271 602
302 611
330 610
358 615
387 605
412 605
441 610
470 615
499 610
525 605
556 612
581 612
612 610
638 619
669 602
694 611
726 615
751 602
780 605
810 610
835 602
866 612
892 602
920 611
948 615
980 605
1008 602
1033 611
1064 610
259 604
287 620
317 604
342 612
372 604
397 604
424 614
454 612
479 604
508 612
536 612
564 616
588 612
619 615
646 621
672 620
699 612
729 612
755 608
783 621
811 612
837 616
864 604
894 615
922 614
946 616
974 612
1001 612
1031 607
1057 612
276 614
304 614
328 609
354 606
382 616
408 609
436 614
462 614
490 616
514 614
541 614
571 614
595 615
623 606
650 614
677 615
703 614
730 618
758 614
781 618
808 614
834 609
863 618
890 610
914 614
941 606
968 616
996 622
1020 606
1048 618
279 615
304 615
328 615
356 615
383 615
407 615
434 607
459 615
486 615
512 617
537 623
562 615
590 617
617 619
642 607
665 623
694 607
721 607
746 607
772 611
795 607
823 615
849 615
876 617
899 619
927 615
951 615
980 617
1004 607
1030 607
