1282 592
1269 600
1238 598
1208 595
1183 598
1157 598
1135 592
1107 592
1082 599
1052 598
1033 598
1005 603
983 603
954 598
927 598
904 595
873 598
852 598
827 598
798 599
776 600
752 598
725 598
693 598
668 603
648 598
620 600
596 592
568 598
544 598
1321 602
1290 597
1263 599
1235 597
1204 598
1184 591
1156 597
1124 593
1095 597
1073 599
1048 598
1018 591
996 597
969 599
943 599
914 596
888 597
862 596
830 599
806 591
778 597
747 591
725 591
692 598
666 597
639 596
618 597
592 597
558 599
536 598
1338 589
1311 589
1278 601
1245 590
1219 597
1196 592
1164 592
1138 595
1108 601
1085 595
1052 598
1021 589
990 592
966 595
938 601
912 595
882 590
852 595
820 590
791 590
765 595
743 592
711 598
681 601
657 595
627 601
597 596
573 598
543 592
512 597
1369 597
1341 594
1311 595
1281 590
1241 597
1220 596
1188 594
1161 594
1130 597
1096 594
1065 595
1037 591
1005 590
978 588
954 597
915 588
890 590
856 594
828 590
806 594
768 594
744 594
714 588
684 594
649 594
623 591
599 594
560 594
534 594
508 597
1396 596
1358 586
1336 592
1297 596
1268 592
1242 592
1204 586
1172 593
1142 593
1109 593
1080 593
1056 589
1025 596
989 594
956 596
922 593
897 586
860 586
832 593
807 593
770 586
746 589
714 589
675 596
645 586
612 586
590 593
556 593
521 599
493 594
1440 591
1402 591
1368 592
1342 584
1298 588
1271 591
1242 598
1203 591
1165 584
1144 591
1100 587
1074 587
1046 587
1008 584
975 591
939 584
910 591
883 591
846 594
815 591
780 592
743 598
719 584
678 598
648 594
610 598
577 591
544 598
518 594
488 591
1494 582
1458 589
1422 593
1376 582
1349 589
1308 582
1280 582
1242 589
1213 589
1180 589
1139 582
1108 593
1077 589
1034 589
1003 589
962 589
937 593
899 589
861 589
834 589
801 589
762 585
725 589
696 589
661 593
624 589
584 586
557 591
525 591
489 582
1478 591
1451 588
1404 580
1370 580
1334 588
1296 580
1261 591
1236 587
1196 580
1166 591
1123 591
1083 588
1050 587
1005 590
983 580
942 587
896 588
864 595
828 580
795 580
754 583
726 590
691 580
646 580
611 595
575 588
533 587
502 588
471 592
1485 593
1444 590
1401 581
1374 589
1333 593
1287 582
1254 586
1211 590
1176 593
1144 578
1098 586
1063 586
1025 586
980 587
954 577
912 586
865 586
832 578
791 585
752 587
721 578
680 578
632 585
594 585
564 586
525 585
487 578
444 587
1475 574
1421 579
1377 575
1353 585
1321 591
1272 584
1226 574
1183 583
1149 575
1101 586
1058 583
1028 591
989 591
946 583
904 587
855 574
813 583
781 592
728 587
687 575
652 578
612 577
562 591
528 587
490 578
449 583
399 583
1476 571
1440 580
1392 575
1352 582
1298 583
1261 585
1221 571
1166 580
1135 585
1087 580
1044 580
1005 580
955 589
912 571
869 580
814 575
775 585
738 580
691 575
646 580
595 583
550 574
516 571
476 585
424 575
385 582
1459 576
1414 567
1363 577
1324 578
1275 577
1231 577
1174 576
1131 580
1089 586
1029 567
991 581
933 571
885 586
851 576
790 577
748 577
704 582
657 576
601 576
561 567
513 571
458 576
404 586
354 578
1504 573
1452 573
1394 584
1348 574
1287 574
1242 573
1186 573
1142 563
1089 575
1033 579
983 584
933 574
883 584
825 573
787 574
738 575
674 577
632 563
584 584
527 578
474 573
432 563
377 584
328 563
1484 559
1415 570
1367 570
1308 564
1266 570
1202 559
1135 576
1091 570
1031 569
979 569
932 563
867 563
821 571
762 570
701 564
664 570
597 574
550 572
495 572
431 564
384 569
324 570
1492 565
1427 571
1390 570
1324 569
1268 565
1198 577
1143 577
1075 566
1015 571
956 558
896 576
850 571
789 553
714 566
657 554
601 567
540 564
474 571
421 559
358 568
293 552
243 552
1493 561
1453 560
1387 560
1316 560
1242 560
1173 547
1124 572
1058 553
999 559
921 573
863 547
785 552
732 545
662 561
608 546
536 567
475 547
410 567
327 560
269 560
208 559
1497 551
1400 537
1339 538
1271 552
1188 538
1114 539
1042 560
954 545
889 538
827 552
754 551
670 539
594 560
525 566
456 552
400 560
314 553
259 553
171 538
1430 525
1346 533
1268 543
1192 543
1106 543
1024 535
937 535
871 526
779 551
688 542
610 535
538 533
439 544
359 543
285 534
192 534
128 543
1504 539
1415 539
1341 548
1221 551
1139 528
1043 531
941 528
850 519
753 513
646 511
547 530
443 539
381 513
267 519
164 519
76 531
1501 520
1443 518
1283 525
1174 490
1088 534
964 511
834 514
725 535
604 514
516 525
398 537
247 522
146 487
45 513
1426 497
1282 468
1169 485
1017 461
843 484
732 457
604 460
426 501
268 483
165 489
17 472
1416 419
1283 459
1083 463
892 476
760 451
605 420
434 492
193 488
57 418
1200 381
953 373
710 384
433 377
277 363
17 338
1054 193
767 265
286 216
