156 27
368 62
614 49
805 7
40 160
195 155
362 171
537 141
701 100
868 128
8 189
130 208
279 190
424 175
544 191
681 172
816 230
958 210
64 257
182 242
303 262
415 268
515 230
637 258
740 242
854 260
984 264
53 292
149 308
244 294
340 293
442 275
529 308
637 264
727 295
829 293
925 292
1019 293
8 345
99 327
181 305
265 305
354 343
432 319
522 344
602 293
691 343
773 332
851 318
934 294
7 337
88 315
161 341
231 349
316 338
383 336
461 338
537 344
615 360
690 315
763 315
830 324
910 314
981 325
34 372
113 352
184 352
247 353
312 372
387 351
448 358
514 352
588 352
658 351
729 372
791 341
852 341
918 343
997 373
18 382
84 383
144 364
210 345
270 369
334 355
391 353
455 356
523 364
585 364
640 364
706 365
770 345
825 345
895 383
951 364
1012 365
14 359
64 358
123 375
177 366
231 375
290 365
350 376
404 375
466 375
519 358
572 376
634 383
687 358
742 375
799 375
861 392
920 384
969 376
42 384
99 385
149 369
206 385
253 385
308 392
361 385
411 393
462 376
513 369
568 385
619 384
668 384
725 377
773 385
831 384
876 375
931 400
986 385
33 399
90 392
138 384
178 391
236 377
283 377
326 392
377 377
425 391
475 382
527 376
575 377
623 391
671 391
720 406
772 398
821 391
864 383
915 377
961 377
1011 384
16 398
57 384
102 384
149 398
194 401
239 398
286 398
333 405
376 384
424 398
466 405
515 398
560 398
603 398
649 384
697 402
741 390
784 385
831 389
876 398
921 389
969 384
1014 405
10 396
50 403
98 404
139 404
182 407
222 404
268 404
311 397
356 403
395 404
436 404
483 404
525 391
568 396
609 404
654 408
699 417
737 410
780 404
824 404
863 391
908 404
951 404
998 407
31 401
70 420
118 402
156 396
195 408
233 409
277 409
314 408
360 402
396 396
438 420
482 408
518 409
559 396
603 401
641 408
684 402
720 401
760 396
806 421
847 402
886 415
924 408
963 402
1008 401
17 419
63 413
96 419
134 402
173 413
210 407
252 402
285 413
326 419
366 406
403 413
439 413
476 413
515 413
554 406
593 425
631 413
672 413
707 413
748 413
784 406
820 402
860 413
899 402
937 419
972 402
1012 407
13 423
44 423
82 417
119 423
154 428
191 423
229 418
263 423
303 411
336 417
372 417
411 417
444 417
481 418
518 417
557 417
591 411
629 428
664 417
701 420
736 423
768 407
807 412
841 406
879 412
913 407
953 429
987 418
30 421
62 421
95 431
131 421
169 421
200 423
236 426
275 421
305 421
340 421
375 424
408 421
445 415
479 421
514 426
550 421
582 410
617 426
651 423
689 410
722 410
756 414
791 421
826 421
859 410
893 426
928 410
961 410
25 429
62 414
92 424
125 414
160 418
191 418
223 424
256 424
288 429
325 424
357 424
388 429
424 424
453 429
487 418
519 419
555 434
585 414
618 424
654 424
689 424
719 414
756 434
788 434
821 434
850 424
886 424
918 424
952 429
12 417
42 427
71 427
109 422
133 432
167 427
200 427
231 432
266 418
294 421
328 422
357 418
387 427
418 432
450 437
484 427
514 427
548 427
578 422
609 422
640 417
672 422
706 427
734 417
765 417
798 430
831 432
861 417
895 430
928 427
35 439
67 435
99 421
127 430
156 421
188 430
218 430
248 433
275 430
307 439
336 424
369 430
398 430
427 430
460 421
489 421
520 430
550 430
577 435
611 435
638 439
668 435
701 434
729 435
762 439
789 430
819 421
851 430
879 430
910 439
50 432
83 423
112 433
139 424
169 433
199 432
227 437
253 437
285 433
315 432
342 424
372 437
399 441
430 434
458 432
485 435
513 424
543 441
573 424
602 432
629 424
659 434
691 432
718 441
748 433
777 432
805 428
831 433
864 432
891 432
67 430
99 430
122 443
155 429
182 429
208 443
237 430
264 435
294 426
319 437
347 439
376 443
403 426
431 439
461 443
486 435
517 439
542 439
573 434
600 437
626 435
653 426
681 429
712 426
740 434
769 437
793 426
824 439
849 436
880 430
82 445
111 429
135 437
162 439
190 437
215 437
244 441
269 428
298 437
324 437
353 437
377 428
405 441
431 429
460 429
484 441
513 428
539 432
567 439
594 437
620 437
644 437
672 437
701 441
726 445
753 437
781 441
807 437
835 432
862 432
101 439
128 441
152 447
177 439
203 440
229 431
254 439
283 439
308 439
334 431
360 439
385 441
412 441
437 439
463 447
489 431
512 443
539 439
567 439
590 439
616 439
643 439
669 439
695 431
720 443
745 443
773 439
795 431
821 434
848 439
114 442
140 441
162 443
188 433
214 443
239 443
266 433
287 441
313 441
339 436
363 441
385 441
413 437
435 441
461 448
486 436
512 436
535 433
562 433
586 436
611 441
636 441
661 441
685 433
707 433
733 433
759 441
785 436
808 441
831 433
134 446
159 443
183 443
208 435
231 444
256 439
278 443
303 446
327 435
352 446
375 439
400 443
422 443
445 450
469 444
495 443
518 439
541 450
567 435
591 450
614 435
640 445
662 443
686 445
708 435
732 435
758 443
782 446
805 445
830 435
145 446
170 444
195 444
216 444
240 440
263 440
287 437
309 451
332 451
356 444
377 448
401 444
424 441
447 437
472 444
493 451
517 440
538 441
565 437
586 437
611 437
633 437
655 451
680 444
701 444
726 448
749 444
773 451
795 446
817 446
159 446
184 442
206 439
230 442
248 446
274 439
296 446
318 446
338 449
362 446
385 442
406 439
429 439
451 446
474 439
496 446
517 446
539 449
564 446
587 442
607 446
630 448
652 446
675 446
698 446
718 439
741 447
765 448
787 447
807 439
170 454
193 441
214 441
235 448
257 449
279 447
300 448
321 454
344 441
366 441
387 441
408 454
430 447
452 451
474 450
495 449
518 447
539 447
561 447
582 449
602 441
624 454
645 447
667 441
689 451
711 448
734 449
755 447
778 449
799 447
177 452
200 452
220 455
242 445
261 449
282 455
304 449
326 445
346 449
365 449
387 449
408 452
427 452
448 449
469 449
491 455
512 449
532 443
555 452
574 446
596 449
619 452
639 452
661 452
680 442
701 445
722 449
743 450
765 451
785 443
186 451
206 447
229 446
248 450
270 450
289 447
309 450
330 456
351 444
371 453
390 456
412 451
429 446
450 447
470 450
491 450
511 453
533 444
553 452
572 453
594 450
612 444
634 453
654 457
675 450
695 446
713 453
736 453
756 452
776 453
203 458
222 448
240 453
262 452
280 453
302 445
321 448
339 451
359 451
380 448
399 453
418 445
440 454
458 446
478 452
497 451
517 448
537 451
556 453
578 451
596 445
616 445
634 452
656 445
673 445
693 451
715 453
734 445
755 458
773 451
208 453
228 456
247 447
265 447
284 456
303 453
321 449
341 455
361 456
380 453
399 454
419 453
438 447
455 453
476 450
496 454
512 458
534 447
553 459
571 456
591 455
608 453
630 453
646 453
667 453
687 447
704 447
723 453
745 453
762 447
212 456
231 448
250 450
269 456
287 454
306 455
325 453
342 454
361 456
379 454
398 459
418 448
436 453
456 456
474 453
492 456
513 448
531 448
548 454
566 450
586 454
604 451
624 450
642 456
661 459
680 456
699 450
717 454
736 450
753 454
