315 21
643 64
150 256
387 205
653 256
887 214
23 310
215 271
406 281
577 310
758 265
957 312
122 369
275 368
414 371
548 366
695 365
838 366
989 369
36 409
171 400
281 428
413 400
535 418
658 417
772 402
889 403
4 426
112 440
210 440
317 405
424 404
538 451
640 438
736 426
844 433
952 428
4 455
95 428
183 449
270 449
366 450
452 450
543 450
643 428
733 450
823 449
922 471
1002 440
49 465
133 456
212 466
296 456
369 448
449 485
534 466
612 466
696 447
773 465
852 456
935 485
1006 457
38 479
111 462
188 478
256 478
330 470
395 495
473 477
551 479
617 461
691 479
769 468
834 484
917 487
988 496
6 473
68 489
139 497
197 492
268 480
334 479
406 480
470 489
537 489
598 479
667 473
733 494
803 489
871 488
929 473
1002 492
46 489
104 505
164 512
225 504
285 500
350 497
408 498
467 483
527 505
590 483
647 513
712 497
769 483
836 502
890 498
949 489
1014 505
25 491
73 507
131 496
187 504
244 504
305 496
354 518
417 505
467 490
524 505
583 491
641 518
693 511
748 491
811 504
868 507
917 491
971 491
7 498
48 510
107 505
158 513
206 523
262 499
319 498
370 514
421 510
475 517
527 504
577 517
628 517
682 498
736 503
789 513
840 511
890 514
944 511
0 504
49 509
98 509
147 505
194 504
244 510
294 516
344 516
389 516
441 516
485 516
536 516
582 522
633 504
682 520
734 518
780 520
826 516
876 510
926 528
18 510
56 520
103 521
150 521
194 521
241 526
288 523
331 526
376 521
421 509
467 532
519 515
560 521
606 514
653 514
701 510
746 532
787 514
835 510
881 526
48 525
89 525
135 530
179 514
215 536
261 530
304 535
351 525
389 525
433 535
475 530
519 515
561 515
605 515
647 515
694 536
732 515
776 525
818 515
869 535
