441 203
431 202
425 203
415 203
407 203
398 203
389 204
378 204
372 204
363 204
352 203
346 201
335 204
327 202
318 202
309 201
301 203
293 203
283 203
277 201
266 201
257 202
249 203
240 204
231 201
222 201
214 203
206 203
197 203
187 203
447 203
440 201
428 203
422 203
411 203
404 203
394 203
384 203
377 203
367 204
355 201
348 204
340 203
329 203
321 204
311 201
304 202
294 203
285 201
276 204
268 203
257 203
249 204
240 204
229 203
220 202
211 201
203 203
193 201
185 204
459 203
451 203
439 201
428 202
421 203
411 200
402 203
392 202
380 202
372 204
362 203
354 201
344 203
335 203
326 202
315 202
307 202
296 200
287 203
278 201
269 200
257 204
248 201
241 202
231 200
221 203
211 202
201 203
191 202
183 202
466 202
456 202
445 202
438 202
425 200
417 202
405 202
395 202
385 202
375 202
366 200
355 202
344 200
336 202
326 203
313 202
304 202
295 203
283 204
273 200
264 200
253 204
243 202
236 200
224 202
213 202
205 200
194 203
185 202
176 204
478 202
469 201
454 199
447 201
437 201
426 199
416 202
404 199
395 202
383 201
373 202
362 200
352 201
342 202
330 201
322 201
309 202
302 201
289 199
280 201
269 199
257 201
250 201
239 199
228 201
218 202
205 199
194 200
184 200
174 202
483 202
473 202
463 199
452 201
441 201
431 201
416 201
407 200
394 201
385 202
373 201
361 202
351 199
343 201
332 201
318 201
309 201
297 199
285 201
274 203
263 201
253 201
244 202
232 201
219 201
209 198
200 201
187 203
175 201
167 201
495 199
483 201
471 203
462 200
447 198
436 203
426 201
413 200
402 200
392 200
376 201
368 200
357 200
344 199
330 198
319 198
310 199
298 198
285 199
275 201
264 201
253 200
238 201
227 198
216 200
207 201
193 199
183 198
170 200
159 200
503 197
494 200
480 201
471 198
454 200
444 197
433 199
420 200
407 197
394 200
385 200
369 197
357 201
345 200
332 198
323 202
310 200
296 201
284 198
272 200
263 200
247 198
238 197
227 200
214 199
200 202
189 201
178 200
165 197
153 200
510 200
492 198
479 200
468 197
455 197
438 197
427 197
414 200
401 199
392 199
377 199
363 199
351 198
336 199
324 200
310 196
301 199
284 196
272 201
261 196
249 201
236 199
221 200
209 199
193 201
181 197
170 199
154 196
504 199
490 198
478 198
463 199
447 198
432 195
421 199
404 198
393 198
380 198
367 198
352 195
338 201
322 200
310 201
295 197
281 195
267 198
256 195
241 199
226 195
215 197
203 200
185 198
173 200
159 199
147 195
502 194
493 194
479 197
459 194
446 199
434 196
414 195
407 198
389 199
372 194
358 194
347 198
329 197
313 194
301 197
283 199
271 197
256 197
239 196
229 199
211 195
199 194
183 197
168 194
151 197
139 194
501 199
484 196
470 194
450 198
438 199
422 194
405 196
390 198
372 196
354 193
343 196
325 193
312 196
297 196
279 198
262 198
246 199
229 193
215 196
198 199
186 196
169 194
154 196
135 197
124 194
506 195
486 191
469 196
454 195
430 191
418 196
402 195
384 191
364 191
347 198
331 195
317 195
295 195
279 193
261 196
248 198
230 195
213 195
193 191
175 191
163 193
146 191
128 195
111 198
499 195
478 193
460 194
444 195
425 194
407 193
389 193
371 193
350 194
329 189
311 193
292 193
274 192
259 189
237 193
218 190
202 193
181 194
161 195
142 190
126 193
109 193
512 193
490 194
467 196
449 191
431 187
401 192
384 188
368 189
347 191
323 192
303 189
285 194
261 191
238 196
223 196
202 193
178 191
157 193
139 192
117 192
98 188
488 192
469 190
441 185
425 190
399 190
378 190
354 190
329 190
310 188
291 194
265 190
240 187
217 187
201 190
176 194
151 194
130 187
105 190
82 194
64 194
491 188
476 192
445 182
424 187
395 190
368 182
345 185
323 188
294 187
273 188
244 190
219 190
197 192
168 190
149 188
124 187
100 184
72 184
54 185
495 179
463 179
435 185
410 181
373 182
346 185
329 187
291 185
269 179
239 191
209 191
180 179
156 186
128 187
103 186
73 179
40 184
14 190
502 187
464 180
436 184
397 184
369 182
331 174
307 180
273 181
240 180
212 178
180 175
144 187
111 177
81 181
52 174
20 177
511 175
461 176
421 168
383 168
353 176
309 177
282 180
247 180
210 173
162 177
131 175
92 184
60 168
18 176
505 173
448 160
406 171
368 173
321 173
287 164
240 168
202 171
155 169
107 162
52 178
16 169
486 154
428 161
378 171
329 149
276 162
212 170
155 158
120 150
59 160
493 148
443 148
376 141
297 144
232 152
166 144
90 127
1 140
501 85
396 85
300 79
178 98
62 110
303 11
