1656 674
1625 674
1600 681
1561 679
1533 680
1500 692
1477 689
1452 695
1418 695
1392 694
1640 679
1610 679
1576 683
1544 688
1513 687
1487 691
1450 686
1426 691
1399 691
1377 697
1642 671
1611 682
1582 678
1547 675
1510 677
1484 684
1459 688
1430 687
1401 686
1373 686
1640 672
1608 668
1572 673
1539 681
1502 683
1478 677
1449 689
1415 691
1387 693
1367 689
1630 664
1597 672
1552 676
1528 673
1498 684
1466 681
1431 680
1404 685
1378 681
1352 685
1627 663
1585 676
1552 675
1518 671
1483 671
1452 673
1419 676
1399 682
1368 681
1339 681
1625 664
1595 663
1552 669
1513 672
1479 674
1452 678
1419 674
1393 680
1367 687
1337 687
1623 660
1582 657
1553 663
1515 663
1485 670
1445 673
1421 670
1386 677
1353 681
1331 681
1615 657
1573 657
1535 663
1508 668
1471 662
1433 664
1406 678
1373 675
1339 672
1306 674
1643 653
1597 650
1566 657
1515 660
1484 666
1456 669
1410 670
1382 667
1356 672
1325 675
1611 652
1569 646
1529 648
1488 659
1446 658
1421 665
1388 667
1347 670
1325 672
1289 677
1600 637
1571 647
1524 654
1480 650
1442 665
1414 661
1376 669
1343 660
1306 669
1275 671
1614 641
1568 635
1518 654
1482 657
1443 656
1402 651
1370 660
1333 663
1303 660
1272 662
1636 632
1583 644
1545 644
1496 638
1455 642
1414 653
1374 658
1343 661
1312 662
1271 667
1632 632
1586 624
1539 636
1485 635
1452 644
1410 647
1372 644
1331 651
1302 658
1270 654
1610 626
1572 625
1516 627
1471 637
1427 640
1389 636
1354 651
1312 645
1279 655
1244 661
1635 621
1571 618
1517 616
1461 629
1426 629
1384 630
1350 641
1297 639
1275 653
1231 655
1568 621
1513 613
1471 616
1422 618
1376 635
1331 635
1292 647
1253 651
1217 641
1191 654
1572 605
1524 607
1454 609
1419 629
1372 624
1322 630
1288 626
1240 639
1205 646
1172 640
1552 596
1501 592
1449 608
1390 613
1342 610
1303 617
1255 631
1221 633
1183 631
1147 638
1560 585
1497 597
1446 598
1385 606
1333 603
1295 616
1249 622
1213 626
1180 634
1135 628
1550 566
1504 584
1435 590
1374 599
1338 613
1278 611
1231 608
1190 622
1159 617
1117 631
1537 567
1466 579
1404 586
1362 600
1309 589
1257 604
1214 615
1165 609
1137 614
1095 627
1531 561
1467 570
1391 573
1328 584
1283 596
1235 591
1182 604
1151 618
1099 620
1066 617
1501 543
1445 557
1363 566
1302 574
1254 583
1208 578
1159 592
1123 608
1080 608
1038 615
1553 534
1486 530
1412 532
1340 559
1277 551
1216 573
1169 583
1123 578
1075 597
1036 602
1492 508
1412 521
1356 522
1291 550
1215 549
1162 555
1109 586
1066 583
1031 597
990 601
1497 476
1398 508
1316 516
1262 532
1193 533
1135 556
1078 555
1049 569
998 581
957 589
1496 462
1388 468
1302 509
1222 507
1167 539
1109 540
1052 561
1007 561
959 572
921 575
1479 423
1376 464
1286 477
1206 506
1125 515
1077 528
1021 534
977 552
923 565
885 574
1476 396
1351 410
1244 456
1168 464
1114 503
1048 508
983 520
934 523
884 546
851 548
1389 368
1286 422
1193 450
1139 442
1049 468
975 494
930 509
881 522
825 537
798 557
1412 340
1323 358
1182 398
1089 423
1014 440
947 466
898 463
852 498
780 528
748 513
1349 231
1269 304
1140 353
1028 369
955 411
883 426
807 460
778 469
736 486
675 510
1282 221
1142 285
1013 330
905 352
845 391
766 419
731 431
685 458
624 493
591 502
1222 104
1064 175
937 214
849 310
782 342
712 377
655 410
590 417
563 465
541 463
906 124
803 206
688 284
621 318
572 342
519 387
484 412
455 428
416 470
722 12
656 88
561 165
500 217
437 325
415 355
365 375
328 395
302 441
436 5
383 155
324 196
303 246
269 316
232 340
216 384
202 391
172 3
199 86
136 180
131 223
109 291
102 321
82 386
