77 125
330 122
567 132
809 136
56 274
254 295
414 263
621 242
787 312
969 268
106 356
268 317
395 348
554 349
714 319
838 325
1012 348
36 411
168 438
297 439
427 419
545 412
671 408
811 439
925 415
0 442
105 454
218 426
322 452
430 452
540 440
659 452
778 478
869 461
984 427
62 485
157 487
267 466
347 475
443 486
546 485
641 463
740 462
830 486
934 485
17 519
99 512
191 498
286 509
365 520
453 490
542 511
626 489
717 491
808 509
891 511
986 530
81 530
153 520
239 534
313 534
390 520
468 531
546 512
629 531
711 531
782 531
863 532
943 530
38 530
105 546
176 547
253 547
322 547
395 548
465 548
537 565
613 547
678 531
757 555
822 546
900 546
971 547
8 563
71 553
136 563
201 547
327 570
401 567
460 562
524 563
662 568
725 548
795 554
925 562
983 562
2 569
59 568
120 562
239 567
297 567
356 561
415 562
771 562
