644 11
843 46
1011 82
1182 132
1314 118
1453 172
6 65
202 112
409 129
591 139
754 163
917 160
1035 226
1164 203
1283 250
1411 284
1491 265
76 125
246 239
405 235
562 247
713 222
845 275
961 278
1099 318
1189 344
1303 336
1385 321
1474 345
112 298
268 279
413 257
550 279
672 344
786 310
899 365
999 336
1096 408
1206 400
1284 383
1362 379
1465 442
17 275
145 318
288 336
411 364
535 364
642 343
757 414
854 423
946 401
1038 389
1124 431
1206 432
1282 452
1360 451
1430 455
1495 450
98 373
219 383
334 424
453 373
549 395
642 393
736 429
825 410
914 458
998 457
1076 436
1150 491
1217 449
1291 491
1348 492
1408 468
1470 483
30 407
159 391
262 410
363 434
457 442
551 463
640 456
719 463
809 454
879 461
958 483
1027 465
1102 493
1163 510
1223 515
1289 507
1341 501
1397 505
1458 521
1512 526
74 472
185 451
282 469
366 464
458 479
550 465
629 462
697 490
775 483
846 487
916 517
989 511
1052 536
1102 500
1165 525
1233 538
1277 513
1328 518
1379 523
1437 544
1483 557
1 466
102 485
201 464
279 495
361 475
446 485
522 502
598 505
675 522
735 516
810 540
869 524
939 527
998 551
1058 540
1115 546
1170 553
1219 552
1271 551
1324 554
1369 563
1412 560
1463 568
1511 583
42 465
121 505
214 499
288 514
365 520
450 493
521 499
588 542
661 515
723 531
788 535
848 520
903 543
958 547
1017 532
1075 552
1128 556
1169 550
1225 563
1274 568
1324 572
1358 572
1410 583
1447 578
1488 585
30 487
96 512
175 536
254 525
328 531
403 510
474 552
543 518
606 522
666 555
723 548
782 560
839 555
897 557
953 567
1003 548
1054 567
1103 570
1152 581
1200 584
1243 562
1286 589
1330 583
1365 571
1403 574
1456 598
1488 600
58 506
127 529
200 522
268 518
337 550
404 555
469 549
534 551
589 573
652 568
707 565
768 564
818 568
874 554
927 573
973 592
1022 578
1068 582
1117 583
1158 571
1201 588
1246 591
1284 593
1319 581
1363 590
1404 602
1436 601
1479 617
1515 605
74 532
137 555
209 550
271 570
335 574
403 542
460 581
520 548
582 569
632 563
690 558
740 561
794 582
846 590
888 584
938 602
987 604
1027 583
1075 608
1119 610
1158 598
1197 603
1235 602
1273 590
1311 607
1343 595
1385 614
1422 615
1454 614
30 563
96 556
164 560
231 564
285 569
352 559
406 588
465 558
518 576
576 583
625 567
677 590
730 595
774 592
819 583
870 579
914 596
957 599
997 592
1046 610
1084 604
1122 613
1164 608
1200 610
1239 618
1278 626
1313 628
1346 617
1378 611
1416 620
50 566
110 569
174 571
231 573
296 561
354 580
406 598
463 570
509 594
564 597
614 599
665 579
715 581
754 598
803 600
845 594
893 619
930 609
976 608
1012 614
1052 604
1090 614
1128 609
1166 610
1205 618
1238 620
1273 622
1306 624
1334 625
1371 620
70 581
132 587
191 566
246 585
308 579
360 598
415 578
465 594
516 597
561 606
610 601
657 610
698 605
746 593
787 615
830 610
872 615
911 601
951 608
990 617
1029 619
1068 620
1102 634
1136 626
1173 625
1208 626
1240 628
1272 641
1301 619
1333 620
103 579
159 590
218 592
264 602
321 596
372 584
420 593
473 589
515 604
563 620
609 616
650 617
698 604
739 620
782 615
818 624
860 619
899 627
940 628
974 611
1010 619
1045 619
1078 628
1115 629
1148 631
1184 632
1213 639
1242 628
1277 636
1308 637
129 584
177 599
230 588
278 596
330 606
377 608
424 623
467 617
513 613
560 615
603 620
642 618
687 620
724 621
767 623
806 624
842 614
877 627
914 629
951 618
983 632
1021 622
1055 640
1089 629
1120 637
1152 649
1182 633
1213 641
1242 642
1275 653
137 599
188 600
237 601
282 611
330 600
374 615
419 603
466 605
507 619
548 621
592 623
632 619
669 638
712 620
751 617
785 632
821 643
860 637
896 640
928 635
959 643
998 641
1027 645
1060 630
1093 636
1123 653
1155 649
1180 650
1212 652
1240 647
152 614
198 615
248 617
299 606
342 614
386 625
424 616
465 637
507 638
546 634
586 633
630 637
664 632
705 633
741 640
774 636
814 648
843 649
881 651
912 641
946 647
977 643
1007 644
1036 646
1072 652
1098 637
1127 644
1157 650
1187 661
1217 657
177 634
220 626
266 616
311 626
358 621
393 628
435 629
480 624
517 632
555 622
590 641
628 626
665 638
702 628
737 640
771 652
805 645
840 649
869 645
904 646
937 647
967 653
996 643
1026 650
1055 641
1083 652
1114 655
1142 659
1169 660
1197 666
175 633
220 622
264 635
305 624
342 644
388 627
423 646
463 636
502 638
537 638
577 643
611 630
646 644
683 643
717 649
749 651
782 636
817 641
847 649
877 650
907 641
940 662
971 658
998 659
1027 659
1055 650
1083 651
1111 657
1135 653
1163 669
193 633
239 623
275 635
315 636
357 631
396 645
433 634
469 636
511 632
546 639
578 634
610 649
647 637
682 642
715 649
747 650
775 651
806 652
837 653
870 654
900 655
927 656
957 662
982 658
1011 649
1042 659
1064 651
1093 656
1120 653
1146 667
201 643
241 628
284 629
320 647
359 632
395 643
433 638
469 640
502 636
537 648
571 644
605 655
639 656
671 646
704 643
733 644
764 649
796 651
827 659
852 648
883 658
910 650
940 669
967 652
994 652
1021 663
1047 665
1075 664
1100 665
1124 666
217 636
255 644
292 655
330 646
364 658
400 653
439 649
472 661
508 651
539 642
571 653
603 659
636 660
670 661
700 651
728 663
758 668
787 654
819 655
844 661
872 667
899 667
928 666
957 664
983 665
1005 657
1034 667
1058 667
1082 671
1107 661
227 658
269 648
307 644
340 651
375 656
406 655
441 653
478 654
508 646
540 656
571 652
606 663
633 659
668 660
694 651
726 663
751 662
783 654
809 664
839 656
864 665
892 671
918 658
944 663
971 660
996 672
1021 670
1045 671
1068 667
1090 667
242 641
278 652
315 643
347 657
379 649
412 656
447 647
480 648
510 659
543 662
572 655
604 662
632 662
663 657
693 664
720 655
746 665
775 666
802 671
831 672
854 660
881 669
910 670
933 675
958 663
981 672
1009 673
1032 676
1057 676
1080 674
250 655
286 657
318 662
351 660
384 659
417 660
448 661
479 666
512 662
541 663
570 673
600 665
630 666
658 666
687 667
713 668
741 664
767 669
796 665
821 662
846 673
873 676
898 665
924 669
946 674
972 675
994 677
1017 676
1042 679
1062 677
248 664
283 660
314 661
345 671
376 672
410 663
440 664
473 656
502 665
531 666
558 670
587 670
618 670
644 661
674 670
697 662
726 663
754 672
778 673
803 676
829 678
853 683
876 671
903 676
924 678
949 677
974 680
997 678
1017 671
1041 680
