112 241
276 266
401 263
539 254
643 274
743 278
114 271
250 277
359 271
460 267
555 274
647 277
733 301
45 294
151 303
259 298
359 321
441 295
532 308
605 301
677 314
741 318
62 295
154 327
250 312
330 299
407 318
478 320
549 326
611 310
668 327
729 329
66 333
159 320
234 308
310 317
381 318
440 343
503 331
560 325
615 334
664 323
715 337
0 326
80 330
148 343
222 318
287 333
348 323
403 336
464 326
509 339
565 340
610 342
661 343
708 354
741 339
28 340
92 341
161 336
219 344
279 339
338 329
386 342
441 343
489 344
531 351
583 346
618 338
663 348
702 340
742 350
44 332
103 340
169 331
216 343
273 344
322 335
374 346
419 350
466 348
509 354
547 350
588 351
626 343
663 352
700 353
14 343
70 334
125 351
177 347
230 342
275 354
324 350
370 351
412 342
454 357
491 353
531 358
568 355
604 359
640 356
672 358
30 338
79 353
125 350
176 355
220 351
265 352
311 357
353 356
392 355
431 347
467 360
502 353
540 365
571 362
604 358
638 359
