315 133
307 132
299 131
291 134
284 131
279 133
271 133
264 131
257 131
248 133
242 133
235 133
228 133
221 133
215 133
208 134
201 134
192 133
187 134
179 131
172 133
167 133
158 133
152 132
144 133
137 131
130 132
124 134
115 134
110 134
322 131
315 131
309 131
301 132
293 132
285 131
277 132
270 133
264 131
256 133
247 131
240 132
233 131
226 132
219 131
211 132
204 132
198 132
189 132
182 133
175 132
167 133
160 131
154 131
145 132
137 132
131 132
124 132
117 132
109 131
330 132
322 130
313 132
306 130
299 132
288 130
281 132
273 132
266 132
259 130
251 132
243 133
236 132
226 132
220 132
211 133
202 131
196 130
187 130
180 132
173 130
163 131
158 134
150 134
141 130
133 132
127 130
117 132
108 132
102 132
335 131
327 131
317 132
307 132
301 132
293 132
283 132
277 131
266 132
259 132
251 132
241 133
234 132
225 131
218 133
210 133
200 132
192 131
183 130
176 131
168 132
159 130
152 130
143 133
133 132
126 133
117 132
109 131
100 130
334 131
322 131
315 129
305 132
297 131
288 129
279 129
270 129
261 131
254 131
243 130
234 133
227 132
219 129
208 131
199 131
191 129
181 130
175 131
166 131
156 129
147 129
139 131
129 131
121 131
111 131
103 131
94 132
332 130
326 132
317 131
305 130
296 130
286 131
277 130
267 129
260 131
247 128
238 130
229 128
221 132
210 131
200 132
192 129
182 130
174 131
162 130
156 130
145 131
135 130
124 129
114 131
107 129
95 131
88 130
332 128
326 128
315 132
305 128
295 128
283 130
273 131
263 130
252 127
243 130
233 130
224 127
212 130
201 131
190 130
182 130
172 128
159 130
152 130
140 128
130 131
122 128
111 128
100 130
89 131
330 131
321 130
306 129
299 129
286 126
274 126
264 129
251 131
241 130
231 129
220 130
206 129
198 129
184 127
172 129
164 127
151 130
141 129
131 126
118 129
106 129
98 130
85 129
76 131
332 130
319 126
309 128
295 128
282 127
272 128
261 130
249 126
238 127
225 129
213 128
203 128
191 128
179 128
167 129
153 129
141 128
131 127
119 128
106 127
95 126
82 128
70 129
326 127
315 124
301 127
285 124
275 128
260 127
248 128
238 127
222 127
209 127
195 127
186 127
173 125
158 125
146 127
133 128
117 127
105 126
91 127
81 128
65 128
328 124
316 127
298 129
285 127
270 126
258 124
241 124
226 126
213 126
196 126
185 127
172 127
154 129
141 123
125 125
112 126
97 127
84 128
70 126
56 127
333 127
320 124
302 124
285 122
268 126
254 124
237 124
219 124
206 124
189 125
171 124
154 124
139 124
122 122
106 122
89 120
75 124
61 121
42 121
338 122
321 124
301 123
285 122
267 126
248 122
231 119
211 119
194 119
177 119
157 126
141 124
125 120
108 126
89 122
73 123
50 126
36 124
12 122
320 116
299 122
276 116
259 118
237 116
219 120
201 116
175 120
156 120
137 116
120 116
97 116
74 122
57 122
31 117
12 122
335 112
312 112
287 114
266 113
239 119
223 118
190 116
170 112
145 121
119 112
93 121
74 121
52 118
24 116
9 112
304 118
277 107
253 115
226 115
193 109
170 118
137 115
110 112
78 109
60 110
21 112
334 107
308 102
267 108
238 109
204 109
170 108
131 107
105 103
69 109
36 99
4 107
310 88
275 106
224 99
177 105
135 101
91 97
45 99
303 87
236 67
166 83
103 69
59 83
9 86
284 60
162 57
45 42
