38 53
586 38
144 181
341 119
529 119
703 208
890 129
77 162
224 206
391 206
549 180
689 164
837 211
1007 253
50 228
171 250
292 211
402 285
542 226
656 248
778 215
904 212
108 254
210 281
321 273
422 274
536 273
638 283
750 287
849 255
954 253
91 279
181 301
271 292
354 292
455 307
540 265
643 320
725 265
816 292
917 319
1010 305
50 285
125 309
210 309
296 285
374 309
448 321
526 285
610 316
688 321
771 313
854 285
929 285
1012 321
33 298
106 326
173 341
248 342
314 320
392 320
466 320
539 320
604 299
679 319
748 306
828 298
900 320
965 309
72 310
136 335
198 329
268 329
325 328
391 329
462 339
524 317
589 329
660 310
722 349
793 329
856 335
922 329
984 317
40 346
107 346
168 337
224 337
284 337
344 338
406 320
464 329
522 355
582 320
647 355
705 337
763 337
819 327
883 343
946 337
1006 337
25 344
77 347
132 327
190 353
239 361
295 344
355 334
411 344
465 353
518 327
570 349
628 360
686 352
744 352
796 344
845 328
900 327
959 352
1018 352
14 350
68 350
112 366
164 335
218 365
267 353
318 350
368 358
422 350
473 341
517 350
569 335
621 350
670 351
724 365
771 335
823 358
872 341
924 353
972 350
14 347
59 360
106 356
149 363
194 355
244 355
291 355
337 347
388 347
431 360
476 356
526 359
576 355
623 341
665 355
716 355
760 356
809 358
858 347
903 347
945 360
997 362
42 362
86 346
129 360
174 362
213 346
261 373
308 352
350 353
392 373
437 352
480 360
525 352
571 360
610 360
657 366
698 347
745 373
790 360
832 360
872 360
919 347
964 346
1004 360
23 363
62 350
106 350
148 351
187 363
229 367
271 363
314 363
355 367
392 363
436 351
480 363
521 369
562 350
604 363
645 369
683 366
730 369
765 363
813 370
851 370
894 357
936 366
978 363
1017 367
8 366
48 354
85 366
125 370
165 359
206 359
248 366
285 366
322 366
364 366
402 366
443 366
484 366
522 360
563 354
602 372
641 372
681 378
719 372
760 366
798 378
834 354
875 354
913 366
954 359
998 359
36 369
74 375
112 369
147 363
186 369
227 369
260 369
297 362
335 380
371 369
411 369
450 372
488 372
521 375
559 380
595 369
637 380
675 362
708 358
748 363
788 369
826 380
858 369
895 362
934 369
974 372
1008 358
18 372
57 383
92 361
126 383
163 377
195 372
235 372
268 372
303 361
341 372
375 372
410 377
444 374
481 372
515 372
550 372
588 372
623 361
658 377
695 361
728 372
762 361
802 361
833 366
872 365
909 366
940 366
976 377
6 374
42 364
72 374
109 368
138 379
178 364
210 368
241 374
275 379
309 364
344 379
377 364
412 380
445 364
479 384
513 364
546 379
578 384
613 374
648 364
677 368
715 374
749 374
779 374
815 364
847 364
886 384
918 374
947 374
30 380
60 376
91 386
128 371
155 376
192 377
223 376
256 379
286 386
317 376
350 377
381 367
413 367
445 378
479 377
509 379
545 386
576 379
607 381
640 367
670 377
702 376
735 367
770 381
798 371
834 381
866 381
895 376
930 378
28 388
60 369
90 378
123 373
154 378
185 378
212 378
244 378
278 378
307 369
338 378
368 378
398 378
430 378
462 383
490 378
524 378
553 378
585 374
613 378
647 374
675 373
708 378
741 388
766 373
800 378
828 378
861 388
893 383
925 378
42 380
71 380
100 371
133 375
158 385
191 385
217 375
250 380
277 383
306 375
336 389
367 382
392 385
425 375
452 372
483 385
512 383
543 389
571 385
599 371
628 389
659 383
687 385
717 380
749 371
776 389
807 385
837 380
866 389
895 380
65 382
91 386
120 373
151 382
178 373
206 382
232 382
263 382
292 386
318 382
347 386
376 382
404 377
430 373
459 382
490 386
516 374
544 386
573 373
602 382
630 382
659 382
686 382
712 382
741 386
770 386
796 382
827 377
854 382
885 382
82 375
108 379
136 388
164 392
190 384
217 379
244 392
271 385
297 388
327 392
355 375
383 379
408 386
434 384
464 383
488 386
515 375
544 388
572 383
598 379
623 392
651 375
680 375
707 375
736 383
760 383
789 375
817 385
843 383
867 375
105 377
130 385
153 385
183 389
208 385
235 388
258 387
284 385
313 385
338 385
363 377
388 389
416 377
442 385
467 385
494 377
520 387
545 381
570 377
597 377
623 385
652 385
676 387
701 389
726 393
755 385
778 380
804 385
830 377
859 381
110 386
135 389
162 386
187 386
211 388
238 379
264 394
288 386
311 386
339 386
365 386
390 386
413 386
440 379
464 386
489 383
516 390
539 379
567 379
591 390
616 386
642 382
664 382
691 382
716 394
741 390
769 386
790 379
817 386
843 382
122 391
147 384
172 383
196 391
221 388
246 388
270 391
294 388
319 388
341 391
367 388
389 391
414 383
441 380
462 388
486 388
513 390
535 383
561 380
586 391
611 388
636 395
659 391
682 395
707 380
731 380
756 389
778 389
805 387
829 383
140 382
164 391
188 390
210 396
234 389
260 391
280 389
307 389
330 382
351 385
377 389
401 382
422 382
446 389
471 389
492 390
517 392
541 382
564 392
588 382
613 381
635 381
657 389
683 389
704 384
729 390
750 389
776 385
800 389
821 396
153 383
173 390
196 386
219 397
242 390
264 386
287 390
312 386
334 391
355 383
379 390
400 383
423 383
446 393
468 393
491 383
515 383
536 386
561 390
581 397
605 383
629 386
651 383
672 383
696 383
717 390
743 386
764 390
789 390
810 397
167 391
189 384
210 391
233 384
253 384
278 391
300 384
319 387
341 387
364 384
386 394
406 387
428 388
450 393
474 387
496 384
517 398
538 391
561 391
582 391
604 394
628 392
647 394
670 384
693 393
713 384
734 392
758 384
781 398
802 391
177 386
198 392
219 393
242 392
261 398
283 393
305 395
326 388
345 395
368 386
389 392
408 395
430 392
451 388
473 392
496 395
515 392
538 398
557 392
577 392
599 386
620 392
641 392
664 395
684 395
707 392
726 392
748 395
769 398
791 386
189 389
210 393
230 393
250 393
270 396
290 393
311 393
331 399
354 387
374 387
393 393
414 393
436 393
455 396
475 393
495 387
517 393
537 389
558 399
578 393
597 393
617 396
640 393
660 393
681 393
699 393
720 393
743 393
762 389
782 396
