260 148
253 150
246 149
241 149
235 148
228 150
223 150
216 148
211 148
205 150
199 150
194 150
188 150
181 150
176 151
170 149
164 150
157 150
151 150
146 150
139 150
134 150
128 149
123 151
116 150
110 151
105 148
98 148
93 148
88 150
267 149
259 149
254 148
247 149
241 149
235 151
228 149
223 149
217 149
211 150
203 150
199 149
191 150
185 149
180 149
173 149
167 148
162 148
155 149
150 150
144 150
136 149
130 149
125 149
119 149
113 149
106 149
99 148
93 151
87 149
270 148
262 149
258 150
250 148
244 148
236 150
230 149
226 150
219 150
211 148
206 149
200 150
193 150
187 150
180 148
173 148
166 150
160 149
154 148
149 150
141 149
136 149
128 149
122 148
116 149
109 149
104 149
96 149
91 148
84 150
269 149
263 149
258 149
250 148
245 147
238 149
231 147
225 149
218 150
210 150
203 147
197 150
191 147
184 149
177 147
170 149
164 147
157 149
151 149
144 148
137 148
130 149
123 149
116 149
111 149
103 147
98 149
90 148
83 150
76 149
275 148
268 149
261 149
255 149
247 148
239 149
233 149
224 147
217 149
212 149
205 148
198 148
191 148
183 150
176 149
170 149
162 149
156 148
148 149
142 148
135 149
128 149
120 148
113 148
106 147
100 149
92 148
86 150
79 147
73 148
283 148
275 147
269 149
259 148
253 147
247 150
237 147
232 148
225 147
216 150
209 149
202 147
196 148
187 148
180 147
174 148
165 150
158 148
152 148
143 149
137 147
128 149
121 148
115 147
107 148
99 148
93 148
84 148
78 148
71 148
288 148
280 148
272 148
263 148
256 146
248 148
241 148
234 149
225 146
219 149
212 148
204 148
194 148
189 149
180 147
173 147
164 149
157 148
151 148
141 148
135 149
127 148
120 149
111 148
104 149
96 148
89 148
80 149
72 148
66 148
296 148
285 146
280 146
271 148
260 146
255 148
246 146
237 147
230 148
222 146
214 147
206 147
197 147
188 146
180 148
172 147
166 146
158 148
149 146
141 147
132 147
124 146
116 146
108 148
101 147
91 147
85 147
77 148
67 147
61 147
302 147
292 148
284 145
277 148
267 147
259 148
250 146
242 148
234 146
225 147
216 149
207 147
201 145
191 145
183 147
174 148
166 147
156 147
150 146
139 147
133 147
122 149
116 145
107 146
96 148
89 149
81 147
71 145
65 148
54 148
313 146
303 147
295 146
284 147
275 147
265 146
256 145
249 144
239 145
231 148
221 147
211 145
202 148
195 146
184 146
174 146
165 147
159 147
150 146
139 147
131 148
122 147
111 146
102 146
94 147
84 146
75 146
66 146
59 145
49 147
318 147
309 145
300 146
291 146
281 146
270 146
263 148
253 147
241 144
231 145
222 147
213 146
204 146
195 146
184 146
175 146
166 146
157 144
145 145
136 145
128 146
118 144
107 147
99 146
90 146
79 144
69 144
58 146
51 147
41 144
324 143
314 145
304 146
294 145
282 143
274 145
263 144
256 145
243 145
233 144
222 146
214 146
204 144
195 145
184 143
171 143
163 145
152 145
144 146
132 143
120 143
112 143
100 144
92 143
80 146
73 146
60 143
48 147
41 144
29 143
332 144
322 143
313 144
296 145
289 147
277 143
265 146
254 147
246 146
231 145
221 144
211 142
200 142
187 146
180 144
167 146
156 145
144 145
133 145
123 145
113 144
99 144
89 145
79 142
67 145
56 143
45 142
36 142
22 147
336 144
320 141
313 144
302 145
287 144
277 144
264 141
252 146
240 141
230 144
217 141
206 144
192 144
183 145
168 144
159 144
145 145
136 144
125 144
112 144
98 142
90 141
75 141
64 144
50 144
40 141
29 146
18 145
5 144
331 141
321 144
310 143
297 143
282 140
270 144
258 141
246 144
230 143
219 143
208 141
195 143
181 143
168 141
155 141
145 143
131 143
118 144
103 140
93 143
78 140
68 143
54 143
39 140
26 143
13 143
4 141
329 142
313 142
302 143
286 142
273 140
259 140
244 139
233 145
217 142
207 142
190 139
174 139
162 143
151 145
138 142
121 139
107 143
96 139
78 142
64 143
54 139
39 142
26 139
11 139
333 138
323 142
307 138
292 141
276 141
261 141
248 139
232 140
216 141
203 141
187 144
170 137
159 140
140 142
129 139
112 142
98 144
82 140
66 139
52 137
38 142
24 139
6 140
331 136
321 139
304 139
285 140
269 139
254 139
233 135
218 141
201 141
186 139
170 137
153 136
132 142
118 139
99 139
86 142
70 137
53 135
38 136
19 139
326 137
308 135
287 138
270 137
250 137
232 138
215 139
199 135
177 138
157 137
141 137
119 137
105 137
82 137
68 133
47 137
30 134
12 141
325 135
305 132
283 132
265 137
242 132
223 137
199 135
179 132
158 135
142 136
120 132
101 131
80 132
60 139
40 139
16 137
338 128
318 136
287 133
261 126
235 131
212 128
189 132
166 134
142 126
117 136
96 134
68 131
47 131
14 132
325 129
293 124
261 121
239 124
207 121
175 129
154 127
121 133
94 127
70 128
33 127
9 127
337 119
303 120
257 114
234 112
191 121
160 119
118 124
91 120
51 123
16 128
310 98
260 108
203 114
159 110
105 101
65 114
21 119
320 92
225 83
172 84
102 77
27 85
332 32
195 41
82 33
