397 225
389 226
380 226
372 226
363 226
353 227
345 225
335 225
327 227
317 225
310 226
301 226
292 227
283 225
273 226
264 227
256 226
247 226
239 226
228 227
219 227
210 227
201 227
193 225
183 227
174 227
164 226
156 227
147 228
140 227
402 226
391 227
383 227
373 226
364 225
353 227
347 228
336 228
327 224
316 225
308 226
297 226
289 227
279 226
272 227
260 227
253 227
243 226
234 225
222 225
214 227
207 224
195 227
188 226
178 227
167 226
158 227
150 227
140 226
129 226
410 226
400 227
390 226
379 228
370 224
362 227
352 228
341 227
330 226
321 224
311 228
303 225
293 226
283 226
275 225
264 226
255 225
243 228
235 226
223 224
215 224
205 228
194 224
184 227
175 226
167 224
156 228
149 227
137 224
125 224
419 225
408 227
398 223
387 225
376 225
367 225
355 225
345 227
335 223
325 223
315 225
305 224
294 223
284 225
273 223
263 225
252 226
245 225
231 226
222 225
211 227
203 226
191 224
183 225
173 225
159 226
149 224
141 225
130 224
120 225
426 225
417 225
403 225
392 225
384 226
372 225
362 225
350 225
339 226
330 222
319 225
308 226
295 227
285 224
277 226
267 227
255 224
245 225
235 227
222 223
210 223
199 225
190 225
181 223
169 226
159 222
147 225
138 226
126 223
116 223
433 223
424 224
412 224
403 222
390 225
379 225
369 225
356 224
345 222
332 225
325 227
311 224
299 224
291 225
278 223
267 224
257 223
245 224
234 224
220 222
209 222
198 225
188 224
177 225
165 226
156 227
144 224
131 223
120 223
108 222
436 221
422 222
412 224
396 221
390 225
373 221
364 226
354 224
342 222
329 222
317 222
306 221
293 224
280 224
270 221
259 222
245 224
234 224
223 221
209 224
196 222
184 226
176 222
164 222
152 224
138 226
127 224
116 224
102 224
93 222
452 220
439 223
429 223
414 224
404 223
387 223
377 220
364 224
352 226
338 224
327 223
312 223
300 224
291 222
276 223
266 223
250 224
238 223
226 226
215 221
202 221
190 222
179 224
162 224
151 223
138 220
126 223
113 223
101 220
87 226
460 219
447 224
432 222
420 221
409 222
395 219
380 222
365 219
355 219
338 224
327 219
311 221
301 222
286 222
272 221
259 221
244 222
232 225
220 219
208 222
192 219
179 220
166 222
152 222
140 223
126 220
113 224
102 225
85 222
73 222
477 219
464 222
450 223
440 220
426 220
410 219
399 221
380 222
370 221
356 222
342 221
326 224
313 221
297 223
282 221
268 218
254 222
240 225
229 222
215 221
197 221
184 221
171 219
158 221
144 222
130 219
116 224
100 218
87 219
74 220
487 222
469 219
458 222
443 217
430 220
411 217
400 217
381 221
370 221
351 217
337 217
324 222
308 219
295 224
279 220
261 218
249 220
232 217
216 222
204 220
188 217
174 222
158 221
139 224
127 224
114 220
93 220
84 222
66 222
53 220
509 220
493 221
475 220
458 221
441 218
429 220
407 220
393 216
380 221
365 219
349 223
331 223
312 220
299 216
280 216
265 216
253 219
235 223
216 219
202 219
186 220
169 221
156 216
136 219
123 220
108 220
93 218
73 221
58 221
43 218
503 218
484 215
469 216
453 218
433 222
415 215
400 218
380 219
365 219
348 215
332 216
316 216
296 218
280 218
262 220
241 215
226 218
210 218
191 214
174 214
157 215
138 220
125 216
107 218
83 219
65 222
49 218
34 220
16 214
507 217
482 217
468 217
449 214
426 217
412 219
385 213
371 217
351 217
333 213
313 217
293 219
276 217
257 218
239 217
218 217
200 215
180 214
167 218
147 217
127 221
108 219
89 217
68 215
54 215
34 217
17 213
495 216
469 211
447 211
427 213
409 211
390 211
368 213
344 215
329 215
306 211
285 215
270 213
247 211
229 219
207 215
187 215
166 217
148 220
126 220
103 215
83 211
63 211
38 216
22 217
4 211
499 208
469 210
446 213
429 216
405 213
387 213
362 213
341 218
313 213
295 213
272 209
248 214
227 213
205 216
182 211
159 213
136 218
117 215
92 211
71 214
46 216
26 210
2 210
497 210
467 213
440 213
414 208
390 208
369 210
337 210
317 205
289 211
265 210
243 216
214 205
193 208
161 213
135 211
112 213
92 207
63 213
39 211
8 213
510 209
490 213
456 207
432 207
398 209
367 207
342 210
314 207
285 210
261 211
232 210
203 214
177 208
147 213
123 202
85 210
59 213
35 204
5 207
492 208
468 210
428 204
392 204
369 205
336 204
307 199
275 197
239 206
209 210
183 205
143 204
120 200
83 197
48 204
20 204
500 200
476 203
433 192
402 203
357 200
326 195
283 200
254 193
216 199
182 192
139 201
102 193
62 195
39 193
2 192
508 194
473 184
422 193
388 184
346 193
290 185
258 189
215 186
173 201
130 194
91 185
31 202
0 198
504 186
446 186
413 184
345 191
307 181
248 183
208 188
137 195
98 196
39 185
508 169
455 174
382 173
302 156
253 174
187 163
109 154
41 170
428 160
327 136
226 141
138 139
27 143
445 95
297 83
176 65
