1253 955
1085 939
955 951
893 950
779 947
724 958
1246 925
1180 914
1120 914
995 918
930 930
866 923
817 920
1313 875
1113 884
1051 895
916 885
833 883
1312 850
1250 843
822 855
745 807
671 856
1357 802
1117 816
905 797
737 797
664 804
1378 764
1288 743
1197 715
1125 754
886 751
808 759
740 748
1210 695
931 703
758 691
668 684
562 698
1409 646
1295 648
1035 616
921 644
832 623
661 641
1282 586
1176 579
1074 567
973 574
889 547
682 563
1233 497
1101 477
901 493
772 470
675 470
1598 390
1498 374
1219 361
1127 394
1001 380
868 392
738 385
607 376
490 381
1542 222
1382 217
1102 230
952 202
845 233
524 233
1788 31
1454 41
1317 51
961 4
628 32
314 39
