1411 593
1375 596
1345 592
1328 595
1294 599
1260 586
1223 596
1199 592
1170 592
1133 599
1106 586
1070 595
1036 592
1010 589
977 594
943 592
910 595
886 594
847 586
824 592
784 592
758 592
727 593
696 595
658 592
626 592
604 593
574 599
538 586
502 588
1445 591
1406 584
1377 591
1346 593
1311 585
1277 591
1255 591
1212 591
1178 584
1145 584
1110 595
1086 584
1056 598
1018 594
987 598
952 585
922 594
890 594
851 595
818 598
793 591
758 591
729 584
690 587
659 591
631 591
590 588
561 594
531 591
495 593
1483 586
1443 589
1421 593
1381 589
1344 593
1312 589
1275 589
1251 589
1212 582
1176 589
1146 591
1102 591
1069 589
1040 585
999 593
969 589
929 586
897 593
861 591
823 586
800 589
758 593
721 589
688 582
653 586
620 589
590 589
546 590
519 589
485 596
1477 580
1435 580
1404 583
1374 587
1333 587
1295 588
1257 587
1224 584
1189 584
1147 590
1111 583
1074 589
1038 588
1010 588
975 587
931 583
890 588
863 583
828 595
784 589
755 588
718 589
676 595
646 591
609 588
572 588
530 589
500 583
458 587
1484 587
1453 585
1424 585
1377 586
1344 585
1304 586
1263 578
1226 578
1182 585
1155 585
1100 581
1069 594
1031 587
997 577
957 585
911 586
873 582
837 585
806 594
758 578
728 590
690 590
645 588
609 586
570 589
529 586
487 577
458 581
1489 585
1450 591
1413 583
1363 587
1323 578
1292 579
1250 587
1201 587
1167 579
1111 583
1079 583
1031 578
992 578
962 583
909 588
877 588
827 583
787 587
750 583
714 592
673 587
635 583
584 591
542 585
507 578
472 583
417 578
1477 575
1433 572
1387 589
1343 582
1313 571
1273 574
1217 582
1179 585
1139 571
1083 589
1036 572
1002 580
953 580
906 582
865 580
815 580
782 580
728 589
698 590
645 571
603 580
556 580
513 582
476 582
436 571
377 580
1506 572
1468 577
1416 577
1379 577
1314 578
1279 568
1241 582
1185 577
1125 568
1081 580
1046 568
989 582
946 577
911 577
859 582
813 577
760 568
721 578
666 579
621 577
570 577
525 567
474 568
430 577
380 582
1491 584
1439 574
1384 574
1335 585
1266 564
1239 574
1175 564
1130 574
1079 574
1021 584
981 584
938 577
881 584
825 564
785 579
718 578
674 568
622 580
572 567
522 563
479 580
422 567
367 574
325 574
1482 564
1433 565
1370 576
1320 566
1281 559
1218 576
1170 581
1102 571
1043 571
1006 571
952 566
885 582
840 576
788 571
734 559
685 576
615 576
570 571
503 573
457 577
414 571
361 571
299 570
1459 560
1415 565
1356 568
1293 558
1237 565
1178 567
1107 553
1043 558
993 566
932 553
868 565
819 566
752 554
690 565
642 554
583 554
521 566
462 565
398 559
350 565
289 558
1470 566
1409 547
1361 559
1285 560
1206 546
1154 563
1088 560
1028 559
954 560
886 560
821 572
761 566
682 567
624 545
560 552
499 546
424 574
355 550
305 551
236 560
1504 553
1455 545
1391 552
1303 538
1240 544
1160 559
1076 539
1014 560
926 552
867 557
799 561
722 557
642 539
575 552
510 567
424 537
352 553
296 553
224 553
133 552
1487 528
1429 532
1313 527
1231 545
1163 544
1064 544
1004 534
923 527
828 560
760 528
662 543
582 543
508 533
423 543
327 527
258 545
167 548
98 536
1406 551
1331 509
1230 530
1153 531
1035 517
941 540
861 530
766 529
656 551
562 514
474 530
382 530
268 541
159 539
65 534
8 513
1496 540
1433 536
1304 521
1169 514
1046 497
943 529
858 523
745 527
608 515
530 492
397 491
296 502
206 522
100 519
1446 494
1307 497
1167 491
1068 474
914 479
796 484
652 464
490 491
371 464
218 519
123 494
1 495
1411 456
1234 497
1085 482
915 457
720 473
572 468
366 434
183 472
52 471
1502 348
1308 362
1042 398
814 365
599 346
381 432
88 420
1206 304
841 353
457 285
152 328
