37 3
126 29
213 20
300 7
376 28
471 22
646 26
723 5
20 61
89 83
164 61
240 41
307 70
386 62
458 62
522 39
596 61
671 60
740 49
7 74
69 74
137 74
199 73
261 74
324 74
387 75
455 93
518 82
580 97
646 91
704 97
53 108
105 125
156 116
216 118
270 118
329 121
387 118
444 101
496 102
553 133
607 103
670 133
721 125
34 135
90 144
138 143
194 138
242 136
292 142
340 143
397 143
442 135
498 128
544 142
596 127
650 137
693 121
750 135
22 156
70 155
113 157
160 144
206 138
257 152
304 138
345 142
395 150
439 165
488 154
530 155
575 156
624 151
669 159
715 138
2 167
49 163
88 162
131 175
172 169
216 151
258 164
302 155
347 167
389 162
431 163
476 157
516 169
557 170
602 163
644 156
687 156
729 164
34 174
74 174
112 174
152 174
190 174
232 178
269 162
310 177
348 180
392 185
432 179
469 173
511 177
546 174
588 180
628 185
664 167
709 173
19 177
61 177
92 183
129 194
169 176
208 186
242 188
277 188
316 177
356 186
393 183
430 183
464 183
504 188
536 172
572 172
612 189
649 194
683 173
30 191
65 185
102 194
135 186
174 181
207 201
242 202
273 191
309 193
346 181
377 191
415 191
447 185
484 194
517 193
552 185
588 191
621 186
659 180
27 199
60 204
92 189
121 200
158 199
187 208
221 189
254 198
283 201
320 203
349 189
382 193
418 199
449 199
481 199
513 199
544 203
576 204
611 198
643 189
45 205
77 205
105 205
135 210
168 197
199 210
230 210
259 206
292 205
319 210
351 205
382 205
413 210
441 197
474 214
504 205
535 214
567 210
594 200
625 200
68 216
100 207
126 212
157 203
185 211
212 220
244 211
269 215
301 211
331 203
358 216
388 211
413 220
443 214
471 203
500 212
531 220
557 211
585 203
617 212
81 217
108 225
136 218
162 209
187 217
217 221
241 225
270 218
296 213
325 217
350 225
379 220
406 221
434 213
458 218
487 209
515 217
542 219
566 212
595 210
105 222
129 222
157 215
180 224
207 224
234 223
259 218
282 222
310 215
333 215
360 222
384 222
411 222
438 215
464 218
488 215
514 222
540 222
564 230
591 222
118 230
142 230
165 223
192 219
213 230
239 222
265 219
290 223
314 222
338 223
359 230
385 223
410 222
432 227
458 228
483 230
508 227
533 222
557 226
580 220
126 238
151 230
174 230
196 227
219 224
244 238
265 232
291 234
312 234
337 234
360 238
383 234
405 227
427 232
453 226
476 238
497 237
521 223
546 231
568 234
140 234
162 234
183 230
205 234
229 227
251 234
272 237
295 237
318 230
341 234
363 234
385 234
406 237
427 236
450 227
472 234
495 230
517 235
541 227
562 234
147 233
169 237
191 233
212 243
234 237
257 240
278 240
297 237
321 240
342 231
364 240
383 240
404 237
428 240
448 230
471 234
492 237
514 243
533 231
556 230
150 246
171 246
193 241
213 236
235 243
253 239
274 236
296 239
317 233
338 234
358 241
377 233
397 240
418 239
441 239
462 243
483 242
503 239
524 246
543 243
158 248
178 242
199 239
220 242
239 243
257 242
278 248
299 242
319 242
336 245
356 236
377 239
397 242
418 239
436 242
455 236
476 242
496 236
517 242
534 236
168 239
188 246
206 245
224 248
245 250
263 245
283 251
302 242
320 248
339 245
358 239
376 251
396 248
417 245
435 251
454 239
472 242
491 245
511 245
529 239
180 242
198 247
215 247
234 247
251 253
272 248
290 253
308 242
325 248
345 249
364 247
380 247
400 248
417 248
436 248
455 242
474 247
491 247
509 247
529 250
184 252
204 249
222 252
240 250
258 252
276 247
293 249
310 249
329 244
346 255
362 249
381 252
398 246
418 249
434 252
452 249
470 255
488 249
504 250
522 244
190 257
207 249
224 251
243 252
259 252
277 257
295 251
310 252
328 252
344 251
361 254
379 249
396 246
413 254
431 247
448 257
466 257
483 251
499 252
516 249
194 250
210 253
227 248
245 253
260 258
277 258
295 256
311 258
327 256
343 255
360 253
377 248
394 248
410 258
428 250
445 258
459 253
476 253
493 253
509 256
203 255
221 253
237 257
253 260
268 255
284 255
300 255
315 253
333 255
349 255
365 255
380 253
397 258
413 258
430 255
446 252
460 252
477 256
492 250
509 255
210 257
225 257
240 262
257 257
272 257
287 262
303 257
319 257
335 252
351 252
365 258
381 252
395 258
413 257
428 257
443 255
458 258
473 252
490 252
505 262
211 254
227 256
241 256
258 258
271 259
287 259
302 258
316 261
332 258
347 254
363 254
378 258
393 259
408 258
422 261
439 258
454 263
468 254
484 263
497 256
218 258
232 260
248 262
262 262
277 260
292 260
306 257
321 260
336 260
351 262
365 257
379 260
396 262
410 260
423 260
438 260
453 261
468 255
483 261
497 260
224 265
237 261
253 261
266 261
281 261
294 261
310 259
323 257
338 261
352 261
366 261
380 263
394 257
408 259
424 261
438 259
452 261
467 263
480 257
496 261
224 265
237 267
251 258
266 263
281 262
294 260
308 260
321 263
336 258
350 258
364 260
377 260
392 260
406 258
420 262
434 262
446 265
461 262
475 265
490 260
227 261
240 260
254 264
267 260
280 264
295 264
308 260
321 266
335 264
349 268
363 261
376 261
389 260
403 264
416 264
430 268
444 261
457 264
471 260
485 261
230 267
243 261
258 267
269 261
284 261
298 261
311 267
322 265
335 261
349 263
363 261
376 261
389 261
402 266
415 261
428 261
442 265
456 266
467 263
480 261
239 264
252 266
264 267
278 268
292 264
303 270
316 266
328 266
342 267
355 266
367 268
381 268
394 266
406 264
419 266
431 270
445 266
458 264
470 266
482 270
240 264
253 269
264 267
276 267
290 268
302 271
314 269
326 267
339 264
352 271
365 267
378 264
390 266
402 268
415 269
427 265
439 268
452 269
465 269
477 267
