1293 598
1264 601
1239 598
1224 600
1197 603
1169 592
1138 600
1119 598
1095 598
1065 603
1042 592
1013 600
986 598
964 595
937 599
910 598
882 600
863 599
831 592
811 598
779 598
758 598
732 598
707 600
675 598
649 598
631 598
606 603
577 592
548 595
1316 597
1285 591
1260 597
1235 599
1207 592
1180 597
1161 597
1126 597
1099 591
1072 591
1044 600
1024 592
1000 602
969 600
943 602
916 592
890 599
865 600
833 600
806 602
786 597
757 597
734 591
702 594
677 597
654 597
621 594
597 600
573 597
543 599
1341 593
1309 596
1290 599
1259 596
1229 599
1203 596
1174 596
1154 596
1123 590
1093 596
1070 597
1034 597
1007 596
985 592
951 599
927 596
895 593
869 599
840 597
810 593
791 596
758 599
728 596
701 590
672 593
646 596
622 596
587 597
565 596
538 601
1361 598
1331 589
1297 589
1272 591
1248 595
1215 595
1186 595
1154 595
1129 592
1101 592
1067 596
1039 591
1010 596
981 595
958 595
930 594
895 591
862 595
841 591
813 601
778 596
755 595
725 596
692 601
668 597
639 595
609 595
576 596
552 591
518 595
1399 597
1368 596
1330 595
1305 593
1281 593
1246 594
1218 593
1187 593
1156 587
1126 587
1090 593
1070 593
1027 590
1002 600
972 595
946 587
914 593
878 593
848 590
819 593
795 600
757 587
734 597
703 597
668 595
640 593
609 596
577 593
544 587
521 590
1422 592
1389 592
1358 592
1326 593
1294 598
1267 592
1227 595
1198 588
1172 588
1139 595
1101 595
1075 589
1032 592
1007 592
970 588
939 588
916 592
875 595
850 595
811 592
780 595
751 592
723 599
691 595
662 592
622 598
589 593
562 588
534 592
493 588
1443 594
1416 593
1373 583
1346 591
1308 586
1275 584
1238 597
1204 592
1182 583
1150 586
1107 591
1079 594
1048 583
1005 597
970 583
944 590
906 590
871 592
839 590
801 590
776 590
734 597
711 597
671 583
639 590
602 590
570 592
542 591
511 583
467 590
1502 588
1464 585
1436 592
1392 592
1370 592
1320 584
1291 588
1251 588
1224 588
1176 589
1150 582
1120 592
1078 589
1035 582
1001 591
974 581
931 592
898 588
872 588
833 592
798 588
759 581
730 589
688 590
655 588
616 588
582 581
543 581
510 589
473 592
1505 587
1474 589
1444 579
1402 587
1372 589
1333 590
1297 594
1259 586
1220 587
1184 594
1134 579
1112 587
1065 579
1032 587
994 586
952 594
922 594
890 589
848 594
807 579
777 590
728 589
695 582
656 591
620 582
583 579
550 591
509 582
468 587
436 587
1477 587
1438 585
1409 577
1360 577
1321 580
1282 580
1246 581
1202 589
1166 581
1136 576
1090 589
1055 593
1008 585
964 585
937 585
899 581
849 593
817 589
779 585
740 577
704 589
654 589
620 585
573 586
538 589
507 585
469 585
424 585
1460 582
1429 582
1380 574
1334 574
1298 574
1253 578
1221 582
1179 584
1135 577
1095 582
1053 584
1003 573
959 577
923 583
880 573
834 582
800 582
753 574
709 582
675 574
633 574
589 583
548 582
502 577
469 582
426 577
1506 574
1473 584
1436 582
1390 579
1336 579
1297 579
1245 584
1206 571
1169 579
1119 580
1064 570
1029 581
984 580
941 579
892 579
845 580
800 588
759 584
705 584
665 570
622 574
579 570
528 589
482 573
447 574
399 580
1506 586
1449 576
1412 570
1365 576
1310 577
1252 576
1218 571
1175 576
1118 566
1076 570
1022 581
969 567
926 581
868 576
829 579
784 581
733 579
680 567
636 576
593 586
536 566
487 576
450 577
403 576
343 576
1476 561
1423 572
1378 583
1324 572
1262 578
1223 562
1180 565
1110 562
1058 573
1015 573
952 573
913 567
861 562
801 583
758 562
696 572
645 572
598 566
544 572
483 562
438 573
383 575
335 568
1501 579
1448 555
1398 569
1328 555
1274 555
1211 561
1146 580
1098 555
1039 567
993 567
921 560
866 573
818 567
762 567
695 580
638 557
587 567
532 567
463 573
400 573
343 569
303 556
1471 551
1432 550
1383 562
1304 566
1243 554
1174 576
1132 575
1065 565
986 562
921 551
862 570
813 567
749 569
673 562
629 549
554 549
497 555
444 565
382 563
310 569
241 563
1457 547
1382 564
1333 555
1246 571
1164 564
1111 556
1037 558
965 555
915 547
838 548
776 550
702 541
619 555
557 541
480 570
428 556
363 556
281 570
220 557
1443 539
1359 538
1287 549
1203 549
1119 548
1051 547
975 564
908 557
827 547
739 555
671 552
579 537
498 555
440 555
345 548
259 547
204 534
119 552
1481 538
1399 556
1311 525
1228 536
1117 547
1037 519
961 525
864 537
778 521
696 518
609 548
504 546
427 546
329 543
241 555
147 536
53 536
1481 504
1383 545
1296 524
1191 522
1068 506
985 536
890 527
779 546
668 525
577 536
477 513
372 525
279 504
160 525
69 523
1376 516
1249 509
1120 480
991 508
868 513
752 484
630 479
507 483
403 515
272 480
166 505
59 494
1468 481
1322 451
1157 486
998 493
850 486
709 480
574 485
430 482
296 482
137 456
1419 453
1237 440
1056 441
844 448
646 406
455 413
279 480
111 399
1360 332
1036 335
812 400
506 379
227 388
1217 179
756 10
354 162
