1113 703
1070 708
999 711
972 709
939 708
896 707
865 703
1130 703
1092 702
981 695
946 704
902 706
867 701
829 704
1163 690
1083 693
1050 701
968 692
927 697
855 702
1112 696
991 695
948 695
907 698
872 694
829 696
1181 691
1086 684
996 681
958 687
875 685
829 687
1211 677
1158 680
1075 682
1027 672
884 679
834 685
801 674
1173 676
1085 665
930 672
1200 670
1145 669
1093 665
989 675
932 639
828 669
769 674
1249 626
1086 655
1019 664
967 646
861 656
794 650
748 661
1154 653
1096 655
1030 655
973 636
906 654
856 642
796 642
740 652
1336 637
1276 632
1214 634
1150 608
1005 633
822 628
749 629
1270 627
1056 631
686 610
1403 589
1249 610
1165 601
1095 614
943 603
772 607
1418 573
1063 591
880 566
793 573
718 571
626 594
1477 556
1380 546
1291 556
1185 560
993 556
870 564
777 560
689 558
568 549
1518 507
1295 516
1171 507
702 518
1736 442
1452 474
1267 474
1137 483
984 438
751 466
569 473
1610 380
1123 416
740 400
1874 319
1628 265
1264 310
988 291
631 168
1877 68
1257 134
1004 130
