138 58
275 80
412 94
543 65
698 64
70 125
185 142
292 155
394 169
506 173
618 154
736 155
61 248
159 194
238 249
335 207
429 222
513 207
611 237
700 208
24 245
94 273
177 267
253 254
339 269
410 268
494 245
574 279
651 280
739 291
62 313
125 313
196 324
273 303
345 290
417 290
483 282
558 313
625 303
693 282
761 281
21 319
83 334
142 331
209 350
273 311
332 319
402 330
465 350
528 330
592 330
653 331
718 350
773 311
57 357
107 342
174 335
228 344
286 362
340 353
396 335
459 344
517 353
570 342
632 371
689 353
745 371
40 356
90 372
137 380
194 372
249 356
298 372
350 388
407 380
453 372
511 372
556 362
611 364
660 372
715 372
766 372
20 388
66 388
114 388
162 391
208 388
255 388
307 391
353 388
400 395
451 391
495 403
543 403
589 373
638 388
687 373
734 373
781 388
9 401
51 401
95 387
135 387
181 401
227 404
266 387
311 401
357 401
399 405
443 387
491 401
535 401
580 387
622 387
664 393
708 387
758 401
38 425
83 400
123 405
162 416
205 425
246 412
284 406
328 399
370 416
410 425
450 400
490 416
530 400
574 412
613 406
655 400
694 416
737 412
775 405
22 422
63 410
103 410
135 428
175 415
215 422
251 422
291 422
331 422
364 428
407 410
441 422
480 410
518 434
558 410
597 426
634 422
673 425
710 426
748 416
784 422
7 442
44 436
84 430
119 419
153 430
190 433
223 419
262 424
295 433
329 419
367 431
401 419
436 431
470 424
507 430
546 419
580 431
615 431
651 431
687 431
724 442
757 433
791 419
3 428
69 433
100 439
138 432
172 432
204 438
238 444
272 432
303 438
340 428
369 439
405 428
438 428
475 438
506 432
541 439
574 439
609 442
643 438
675 439
707 428
773 438
55 436
185 445
277 436
437 445
468 445
503 435
567 445
596 435
695 440
727 445
757 445
460 442
491 442
734 442
