280 3
776 4
84 32
187 25
292 19
397 51
517 54
624 78
723 39
835 29
945 50
61 108
159 102
245 108
338 101
430 114
526 114
614 76
705 100
793 91
888 108
976 102
48 141
120 163
203 142
284 139
364 149
451 138
527 141
607 118
695 115
769 141
852 139
936 115
5 151
76 149
145 175
224 172
288 182
361 176
443 152
506 193
580 172
651 178
725 171
790 152
877 170
943 171
60 187
123 196
184 196
248 185
313 197
377 196
444 194
508 177
575 187
638 206
707 198
767 196
833 201
894 196
967 185
46 215
106 221
164 215
223 213
289 196
345 195
404 196
463 223
526 203
584 204
639 196
706 218
758 214
820 213
885 230
947 213
1000 214
29 229
84 237
146 214
200 238
253 231
309 221
364 230
418 238
474 234
532 235
581 229
634 221
695 214
750 230
805 230
856 235
916 220
968 230
2 236
53 251
106 228
158 228
208 227
262 229
307 243
363 228
413 229
465 244
512 235
563 243
614 244
668 247
720 251
767 234
821 233
869 248
927 250
37 270
87 256
128 256
178 256
226 248
275 242
321 257
370 260
418 247
460 269
510 257
558 247
608 255
653 270
697 270
747 257
795 242
837 243
886 257
28 266
69 266
114 252
157 266
201 272
245 266
293 266
339 266
384 272
426 269
470 265
518 265
563 273
604 260
651 265
695 266
738 265
786 272
825 252
873 265
47 287
96 263
137 269
172 286
221 275
260 274
302 275
343 281
389 268
429 278
468 275
513 262
557 275
599 278
643 278
682 287
726 275
767 287
810 262
851 287
73 282
110 275
152 270
190 282
233 284
272 283
310 294
349 282
393 275
432 295
473 276
509 283
551 289
592 282
631 282
668 282
709 283
748 284
788 283
830 277
111 290
149 296
182 279
224 290
262 291
298 301
336 296
373 285
411 295
449 294
484 301
519 293
561 290
597 290
632 290
671 301
707 279
747 296
783 295
822 294
125 286
159 286
193 301
231 300
265 300
300 297
336 307
375 302
408 296
445 296
478 296
513 290
549 299
584 286
623 290
658 302
692 302
729 307
765 296
799 297
141 302
174 307
211 303
240 296
277 307
312 303
343 303
375 302
409 313
443 296
480 302
513 303
546 302
578 313
614 308
647 313
680 296
718 302
751 296
783 312
162 308
195 313
226 299
260 299
289 308
323 308
354 313
386 298
422 299
451 299
484 318
517 308
549 308
583 313
611 310
647 318
677 299
709 308
741 302
774 299
168 314
200 304
228 313
262 313
293 304
322 313
354 314
382 313
414 313
447 313
475 313
508 313
540 314
570 318
601 313
632 304
662 313
694 315
722 318
756 322
190 327
220 314
250 318
279 309
309 323
337 310
366 321
397 327
428 318
457 318
483 318
513 310
542 321
571 313
601 320
630 323
662 319
690 318
717 318
747 309
201 322
227 324
256 322
284 323
312 317
340 314
370 327
396 314
425 327
455 314
480 322
509 322
536 327
567 331
593 322
621 331
649 331
678 324
705 322
736 322
218 329
245 321
272 318
296 326
324 322
352 326
379 318
403 330
433 334
458 328
484 321
512 318
541 330
565 322
593 326
621 328
649 330
677 326
704 330
730 322
225 338
252 334
278 330
305 330
330 331
359 325
385 338
411 330
435 322
461 330
489 325
512 330
541 330
564 330
591 331
616 330
645 330
670 330
697 330
723 338
239 337
265 329
289 335
314 333
341 335
364 330
391 337
415 333
441 336
466 326
488 333
513 333
538 333
563 326
591 326
615 326
639 329
664 333
688 333
717 341
