626 266
612 263
599 267
587 263
573 267
557 267
544 266
528 263
516 263
502 266
488 267
470 263
461 269
444 266
431 266
414 263
400 266
387 266
373 263
359 264
344 264
333 263
318 263
302 266
290 269
275 266
263 267
247 266
230 266
220 267
651 265
633 263
624 262
605 262
589 265
576 265
564 263
551 267
536 265
515 265
506 264
486 267
471 264
460 265
445 265
431 268
416 268
399 265
385 262
369 268
357 265
338 265
326 268
310 265
297 262
282 268
266 262
253 265
236 268
224 268
670 268
654 264
638 261
621 265
605 265
594 266
573 264
559 263
541 265
528 264
512 261
494 263
476 263
465 261
450 264
433 265
417 264
403 261
386 261
372 268
354 264
337 264
325 265
309 266
293 265
279 264
259 261
244 264
228 265
215 263
669 264
655 260
634 264
617 264
603 262
582 264
570 262
556 261
537 264
519 264
500 264
488 263
470 262
454 262
435 260
423 267
401 261
388 264
368 267
354 260
335 264
322 260
301 263
290 264
270 264
256 265
237 267
221 261
204 265
660 264
640 263
621 259
612 264
593 260
574 262
553 263
543 262
522 262
500 264
487 262
469 264
453 262
430 263
416 263
400 263
380 259
364 266
341 263
328 264
311 259
293 266
277 259
258 263
240 262
219 263
205 262
675 261
654 259
639 260
614 262
595 262
579 262
562 262
547 265
523 266
508 262
487 262
467 262
454 262
432 259
416 261
398 261
374 259
357 258
342 263
323 266
301 259
282 263
264 258
248 262
224 262
208 263
192 258
676 256
661 262
639 260
617 260
597 258
574 260
559 262
538 260
516 260
501 258
478 260
457 256
442 260
423 260
397 258
381 260
358 262
338 258
316 256
296 260
279 262
261 261
238 262
220 260
200 260
182 256
665 259
654 261
625 261
605 259
583 259
562 259
540 261
524 259
495 257
475 264
460 263
438 261
413 259
388 259
371 260
349 255
325 263
310 254
288 264
264 259
246 255
225 256
199 259
177 259
156 259
657 253
642 260
617 257
591 259
569 258
551 260
530 255
499 253
477 255
456 253
434 258
410 262
387 258
368 259
341 255
323 257
295 257
279 259
254 253
226 257
205 253
186 255
162 258
675 261
657 251
632 259
607 253
587 256
554 257
531 256
508 251
482 256
459 261
439 258
409 256
390 257
360 256
339 251
315 256
288 256
263 256
242 258
212 256
191 251
169 251
139 251
664 256
633 255
604 254
576 254
555 255
526 254
500 254
468 254
450 259
422 254
395 251
368 254
337 249
318 260
284 257
258 254
238 254
206 249
178 248
157 254
128 254
649 247
621 252
591 252
565 255
534 252
505 246
483 252
450 246
425 252
395 252
361 255
334 252
309 255
284 252
256 258
225 252
198 252
159 253
137 246
102 252
665 248
621 249
596 252
561 251
535 250
496 252
475 250
439 249
408 245
372 252
342 248
305 252
280 252
239 249
215 242
177 252
152 250
123 252
87 245
673 248
636 245
610 240
563 249
530 240
499 237
458 245
425 244
381 249
350 237
312 245
278 245
238 245
199 240
162 237
134 237
95 238
56 246
675 239
629 242
585 244
543 231
512 248
458 235
427 243
381 239
333 247
301 248
263 240
223 240
163 247
139 248
82 239
53 235
0 243
659 232
625 231
572 225
503 227
456 232
409 227
360 237
309 232
269 221
210 224
165 236
118 234
68 221
16 233
629 219
569 232
499 208
449 214
391 214
329 227
263 232
199 221
143 212
73 228
21 210
636 200
537 204
478 191
380 204
305 210
223 203
151 188
57 219
2 211
621 198
488 174
407 178
268 155
167 152
83 153
542 152
349 130
188 92
24 93
