50 50
330 39
600 5
174 186
386 216
592 216
817 203
995 224
95 318
260 298
412 326
584 276
743 295
943 345
2 362
140 392
285 349
430 379
559 386
701 365
845 377
974 380
92 446
217 408
330 411
447 412
566 421
687 437
787 411
920 442
9 496
110 494
213 457
319 472
427 474
534 470
628 456
732 472
844 475
931 479
83 522
178 510
264 479
362 500
452 503
537 486
633 500
725 498
815 501
896 501
991 505
48 527
137 543
215 533
298 503
374 513
464 504
541 534
624 531
707 533
790 532
862 533
945 504
22 550
97 543
174 542
248 525
314 550
395 541
470 545
539 551
617 551
693 532
764 525
841 542
907 531
980 542
1 557
72 548
135 540
203 547
276 557
338 557
402 547
537 560
611 566
679 556
741 556
812 541
872 541
945 565
1013 557
26 556
274 562
336 570
395 570
521 562
580 570
640 563
829 570
1012 556
652 567
765 567
