868 403
848 399
833 406
813 406
799 401
781 406
762 403
746 405
731 406
714 399
691 403
681 403
661 401
646 405
624 403
609 401
590 403
576 405
560 403
542 404
521 399
504 406
488 403
472 407
452 401
435 403
419 405
401 406
386 407
366 403
876 399
859 404
842 398
825 403
803 402
786 402
770 402
751 400
736 406
718 406
697 402
682 403
661 404
644 398
625 404
607 398
586 404
569 399
556 406
537 404
518 398
497 402
483 399
462 400
445 398
426 402
411 402
391 402
373 402
358 402
902 403
880 400
864 401
841 398
824 402
802 398
785 402
764 398
750 403
734 405
711 403
692 402
672 399
655 402
635 399
619 405
600 402
581 403
559 402
542 401
524 401
507 403
485 404
467 398
448 398
430 399
412 402
391 398
374 401
357 401
924 401
902 405
884 398
866 405
843 401
825 398
805 403
785 401
766 401
748 402
728 397
709 398
687 401
670 405
653 398
630 397
610 398
589 401
575 397
553 403
531 401
510 401
491 398
476 401
457 403
437 403
418 401
397 401
374 401
355 396
942 395
922 396
903 395
877 401
861 401
845 400
819 404
798 396
779 402
758 400
742 400
716 396
699 404
676 402
655 397
637 404
618 396
595 401
576 396
554 400
535 400
514 402
495 397
473 402
449 400
433 400
414 401
393 401
371 400
347 400
957 401
938 403
918 399
896 400
873 399
853 396
833 399
811 399
785 403
764 403
741 399
725 403
700 396
682 401
658 396
632 394
612 403
591 396
575 399
553 399
526 403
503 403
482 396
466 401
441 396
417 401
401 399
375 399
358 399
337 399
980 398
958 398
940 395
911 398
894 398
869 393
848 393
821 393
801 395
773 398
754 393
730 395
706 397
684 395
662 402
639 395
617 400
595 393
573 398
547 402
527 400
502 400
482 395
460 393
431 397
411 397
387 397
367 398
343 400
320 402
1011 391
975 392
956 396
926 396
911 396
886 401
858 397
841 394
817 391
792 394
762 396
744 396
717 393
688 393
667 396
643 392
619 391
598 399
575 401
548 399
518 396
498 392
472 396
451 393
427 396
405 391
380 401
353 401
327 396
303 393
993 390
973 400
940 395
924 389
892 395
867 395
841 397
819 396
790 392
766 395
739 395
713 397
686 390
662 395
633 391
612 395
587 391
563 390
530 391
503 397
478 389
454 395
429 395
403 397
382 392
351 395
331 395
302 398
1008 390
984 390
959 393
929 388
905 399
877 390
847 396
815 388
789 391
764 395
743 388
718 399
690 396
660 393
634 390
607 388
581 396
552 394
520 395
494 390
467 393
446 390
419 388
385 393
356 394
332 396
308 390
277 390
1013 389
997 385
959 385
931 386
900 386
873 394
843 385
813 388
784 393
752 398
728 391
703 391
665 394
641 395
613 394
581 388
551 392
527 394
497 394
464 397
435 393
409 392
375 393
354 393
325 385
292 393
256 391
1008 391
965 390
939 385
903 393
884 391
843 389
814 383
779 396
751 391
715 390
688 383
664 389
624 386
595 389
562 391
529 389
498 389
466 393
443 396
408 389
376 383
346 389
309 391
288 383
257 396
1016 383
970 380
951 387
916 389
881 390
841 383
815 382
779 388
735 383
709 386
674 390
647 388
601 390
575 389
538 380
503 380
469 394
442 394
398 387
375 387
330 383
303 389
264 387
232 394
1003 380
980 387
935 385
910 387
874 377
835 384
796 385
755 385
726 377
690 392
657 384
610 385
579 385
543 392
508 377
467 392
428 386
397 386
353 384
323 384
282 392
241 377
212 377
986 389
944 389
907 372
868 381
823 385
775 376
746 381
699 372
666 385
618 381
578 389
542 376
506 376
460 381
423 377
381 389
341 390
299 381
262 381
225 389
180 377
987 377
955 380
895 386
856 378
815 369
772 373
735 381
675 378
637 369
601 368
553 386
511 377
458 373
422 387
371 372
339 382
292 369
241 368
196 377
156 382
1013 373
961 369
920 368
871 363
822 378
770 375
718 374
679 373
625 373
575 367
539 373
484 383
432 382
385 373
336 374
286 377
242 382
186 377
148 379
103 368
974 358
925 378
867 374
817 358
763 368
703 362
652 373
601 371
551 358
492 369
442 369
389 369
338 368
288 361
219 357
166 367
118 368
84 358
967 361
907 366
847 367
802 353
737 351
677 360
614 373
554 372
477 348
419 359
353 360
294 363
240 360
160 359
106 347
48 366
961 351
904 359
832 351
751 351
678 359
606 342
547 342
467 341
413 342
338 344
264 353
181 351
121 356
63 355
914 319
848 338
761 344
658 322
574 337
494 318
409 336
321 339
239 326
161 345
71 326
969 318
872 323
734 338
650 317
521 297
427 318
324 316
215 328
96 295
12 294
988 286
799 255
679 251
563 260
405 281
244 285
117 293
894 248
643 174
409 218
220 148
