95 15
212 44
311 13
424 47
535 13
648 11
749 48
853 45
976 75
56 99
161 83
239 101
340 108
435 66
535 95
628 97
711 72
803 111
907 95
1008 94
28 148
125 116
199 149
275 136
358 113
441 117
527 139
612 162
683 124
773 148
856 137
933 149
19 181
92 170
164 179
240 170
313 181
386 156
455 168
525 148
602 192
670 151
750 169
816 171
887 149
958 158
3 175
65 213
128 175
192 193
264 204
330 195
390 194
455 203
520 194
589 175
658 196
723 199
783 185
848 175
916 199
976 195
52 204
112 220
167 224
228 204
284 223
344 222
407 215
465 203
528 213
588 214
641 213
707 213
764 215
821 215
882 219
941 215
1005 214
36 231
95 235
141 247
196 239
254 216
311 231
363 232
418 239
473 221
529 215
586 215
635 232
694 236
747 215
802 230
855 231
909 234
969 231
7 259
56 244
112 245
162 228
211 245
263 248
316 245
362 245
415 243
463 252
519 244
567 237
616 229
667 230
718 245
775 243
819 237
874 245
920 260
40 255
88 256
137 262
181 255
233 246
285 242
327 255
377 263
426 255
473 262
520 242
566 242
612 262
663 242
709 262
753 248
801 246
851 241
896 263
15 278
64 252
108 257
150 265
194 269
240 265
284 268
329 265
373 266
422 268
463 265
508 252
551 265
596 266
639 266
685 253
735 265
776 278
821 258
863 253
49 274
97 267
134 278
181 275
220 287
264 275
302 281
345 278
390 262
429 281
473 268
515 275
560 275
596 262
641 280
681 267
727 281
765 267
805 269
854 275
79 283
117 271
156 271
194 271
236 283
273 271
316 271
350 282
394 283
433 289
473 271
513 288
549 271
590 270
634 282
669 275
711 285
749 288
791 288
831 277
97 301
134 290
172 284
214 284
251 279
287 293
326 279
362 290
400 291
438 291
474 284
509 283
549 294
582 296
624 290
660 301
696 296
735 291
769 302
810 279
126 287
161 298
202 293
234 291
267 298
302 300
339 298
373 288
408 309
448 298
483 298
514 292
550 298
585 303
623 287
656 298
691 308
726 287
764 291
800 300
148 293
180 297
212 308
248 303
278 303
315 308
347 298
381 298
415 293
449 303
483 304
515 313
547 297
583 308
618 303
649 307
682 294
715 298
752 297
783 313
159 313
195 318
229 299
259 318
290 311
321 308
356 308
388 318
419 302
453 313
485 304
514 302
548 308
580 299
613 318
645 308
676 302
709 313
742 308
773 308
171 318
204 313
235 318
265 308
296 318
327 313
357 308
388 316
419 304
449 309
483 316
510 313
543 314
571 308
605 323
636 313
664 314
697 309
728 314
757 318
185 312
217 313
247 309
273 322
301 322
333 318
364 318
393 309
421 309
450 318
480 309
509 309
539 309
568 319
597 318
629 313
659 327
689 318
718 318
746 326
199 322
228 326
255 314
282 313
312 322
341 324
368 326
398 326
424 322
452 324
481 326
509 322
537 317
568 322
595 313
623 324
653 326
677 313
707 318
736 318
212 321
241 318
268 334
292 334
323 321
348 334
377 318
402 326
430 326
456 326
485 318
511 326
537 318
565 327
593 321
620 328
649 328
674 318
701 328
729 321
220 321
250 329
275 330
301 330
326 325
353 332
377 331
404 322
430 329
459 333
484 331
509 321
535 329
561 337
586 329
615 325
640 330
667 337
690 331
719 329
240 335
265 325
292 337
317 340
341 340
365 328
392 337
416 333
443 335
465 337
491 325
519 325
542 333
569 333
594 333
619 333
643 340
667 328
694 340
718 333
245 336
271 332
294 339
321 329
343 336
367 339
392 336
418 329
441 337
464 336
489 329
514 336
536 336
561 336
588 338
610 332
635 336
658 336
684 329
709 339
257 331
279 334
304 338
326 334
349 334
372 334
395 334
421 338
444 342
467 339
490 338
515 331
538 338
559 338
584 338
608 338
631 342
656 338
677 345
703 334
263 344
286 334
309 342
330 341
353 341
376 341
401 344
422 341
445 341
469 341
490 341
513 341
536 348
558 348
581 338
604 334
628 344
649 337
674 344
697 337
267 337
287 337
311 344
332 347
354 337
377 345
398 339
422 346
443 337
464 345
487 347
510 337
529 344
554 347
574 344
598 339
618 347
641 350
663 343
684 343
275 339
298 342
318 346
340 346
361 346
384 346
403 349
423 340
446 348
466 339
489 346
510 340
532 340
552 342
573 347
595 342
617 342
637 346
658 346
682 346
284 351
304 344
326 348
344 351
367 345
387 342
407 348
427 351
449 342
471 342
490 342
512 345
532 348
553 345
571 342
594 354
616 351
634 342
657 354
676 351
294 350
314 347
335 350
354 347
374 351
396 356
413 353
433 350
455 350
474 351
494 350
515 350
534 344
554 350
575 353
595 347
615 350
635 345
656 350
676 344
298 354
316 354
335 349
357 349
374 352
394 352
416 347
435 358
454 355
472 353
491 353
512 358
531 349
549 352
568 349
589 347
607 355
628 353
648 347
665 353
301 354
322 354
338 354
358 354
376 354
397 357
415 356
434 354
454 360
471 354
491 360
509 354
529 351
546 354
566 354
585 349
603 349
622 354
640 351
660 352
313 351
329 351
348 356
366 362
383 359
404 356
422 358
438 350
457 351
475 356
494 362
512 356
530 356
549 353
569 351
587 356
604 362
624 350
642 362
661 357
318 358
336 358
353 360
371 353
388 358
408 358
425 358
444 355
460 355
478 361
497 358
513 352
531 361
549 359
566 363
584 358
603 358
620 358
639 363
656 355
322 359
340 359
356 359
374 356
390 354
409 360
427 357
443 359
461 360
478 354
495 357
513 356
530 354
548 359
565 354
583 360
600 365
618 354
634 360
651 354
327 356
346 362
362 358
379 364
396 364
412 364
430 362
446 366
464 361
481 358
497 356
513 356
530 361
547 356
564 364
581 359
599 361
616 366
633 358
650 358
