329 144
329 144
320 143
333 139
324 138
312 143
302 143
331 138
317 139
303 144
292 139
280 143
336 134
317 139
300 137
290 142
282 144
272 143
330 132
312 136
294 141
279 139
274 140
264 142
258 140
319 125
297 132
284 137
270 137
260 139
252 144
244 143
238 140
314 122
290 130
276 128
265 137
251 137
246 139
235 137
231 143
230 139
222 141
308 122
279 125
259 127
249 130
240 134
231 136
226 138
218 139
215 141
212 142
208 143
323 80
268 103
256 121
233 116
220 128
217 132
212 130
205 135
204 138
198 140
198 144
197 143
193 141
216 64
205 98
210 120
191 128
190 129
185 132
183 134
186 140
181 142
180 136
181 139
178 143
179 141
102 67
129 101
141 105
145 121
157 124
157 128
159 134
158 137
159 138
158 143
158 138
163 142
163 143
38 103
79 109
98 111
110 120
119 123
128 134
130 137
135 141
138 140
144 140
146 139
148 141
3 98
47 107
73 122
85 124
93 132
106 134
112 132
119 138
124 136
125 139
128 142
133 143
7 113
37 120
53 125
75 130
84 131
94 135
100 141
104 137
113 142
115 143
31 132
44 138
61 140
67 138
74 141
86 142
95 142
98 143
1 133
24 133
33 140
51 138
64 139
69 140
81 139
87 143
0 134
19 136
32 142
43 137
54 138
66 142
71 146
14 138
25 141
43 138
48 142
59 144
6 143
22 141
33 145
47 143
2 142
15 139
24 145
2 139
16 143
