666 289
659 287
638 286
648 284
633 284
614 287
656 280
626 284
604 277
587 287
568 289
654 273
617 269
598 283
576 288
549 288
542 289
663 265
628 261
601 266
575 274
544 275
531 285
519 285
674 240
641 263
604 271
575 271
542 276
526 272
516 288
502 284
480 283
634 241
595 258
560 264
536 266
521 274
495 278
483 280
471 286
461 285
619 221
577 233
537 257
515 275
496 270
478 274
460 278
445 277
438 284
428 280
579 214
549 229
486 235
471 258
451 257
440 270
427 269
419 274
414 274
407 285
407 288
613 96
518 187
483 212
425 239
431 237
402 253
402 257
393 271
381 275
381 282
381 283
378 278
377 280
357 115
324 170
329 203
340 235
345 248
330 253
344 265
344 275
344 279
344 279
341 276
337 284
339 286
128 177
202 180
252 233
269 241
272 253
294 256
287 260
296 282
301 277
299 282
304 283
312 287
309 283
20 140
117 194
146 234
191 248
219 248
228 266
241 279
253 277
262 278
268 282
276 287
277 286
2 223
48 234
124 234
164 251
178 265
206 275
213 275
220 270
240 281
244 280
246 285
60 257
91 258
126 271
157 267
170 272
191 279
203 277
216 284
224 286
14 258
63 267
95 271
115 267
133 278
153 278
165 286
185 285
24 271
55 271
90 276
107 272
128 275
147 284
162 283
26 264
53 284
86 282
106 279
122 279
136 281
4 284
30 280
68 285
84 287
101 281
11 274
39 277
68 285
87 287
4 286
36 286
10 286
