1172 886
1094 897
1007 889
926 883
875 897
786 888
1190 862
1151 860
1015 863
924 867
840 865
1215 832
1160 848
1120 848
1077 845
1026 837
972 837
893 833
847 835
799 846
1194 815
1050 811
1005 816
963 815
904 811
850 811
816 818
755 801
1191 782
1139 782
1077 787
986 796
926 782
887 779
834 787
788 787
1166 755
1053 749
998 762
841 764
789 762
1208 709
1149 723
1101 719
1042 718
986 709
936 711
878 715
753 709
1097 674
1027 681
918 675
802 681
1087 641
1035 641
858 629
794 626
1211 583
1143 571
1096 593
833 586
758 582
1308 530
1242 540
1160 520
1106 527
1020 532
892 524
821 516
1252 465
1091 444
943 449
887 444
811 455
663 458
1241 392
1161 375
1096 392
937 383
859 392
769 386
697 383
597 383
1367 278
1276 282
1186 286
1100 271
1030 263
932 302
772 290
671 295
592 299
1435 176
1145 164
1076 190
862 181
771 184
586 172
1360 68
1137 58
1045 53
854 50
735 60
637 70
