1751 628
1664 658
1617 664
1504 669
1438 678
1400 681
1697 630
1537 665
1507 662
1433 671
1404 678
1661 651
1603 653
1565 652
1522 659
1484 662
1457 666
1410 663
1382 672
1750 632
1699 641
1595 645
1558 653
1506 649
1470 658
1400 667
1721 625
1672 632
1582 643
1532 650
1488 647
1450 650
1413 659
1372 662
1341 666
1692 618
1501 646
1458 652
1734 612
1675 623
1570 625
1361 650
1318 657
1735 607
1656 615
1562 619
1463 636
1422 642
1594 614
1554 620
1455 630
1410 638
1368 643
1321 636
1283 647
1711 596
1650 594
1520 613
1476 618
1342 636
1301 638
1652 581
1595 593
1538 601
1477 606
1376 625
1554 593
1337 618
1301 621
1255 633
1220 630
1671 567
1525 569
1402 572
1354 603
1266 591
1191 630
1494 573
1379 586
1326 598
1233 609
1192 615
1495 548
1368 565
1317 585
1178 583
1575 529
1497 539
1308 568
1110 605
1578 502
1404 535
1346 547
1216 571
1184 580
1133 576
1094 597
1037 599
1618 419
1550 487
1378 520
1309 536
1178 556
1124 556
1093 565
1035 588
1611 416
1411 469
1331 505
1243 522
1196 517
1128 543
1076 557
1041 564
1485 413
1320 464
1227 483
1002 542
953 561
916 570
1454 404
1341 403
1181 465
996 527
947 529
909 541
862 558
1408 319
1298 369
993 469
935 484
877 515
838 519
1491 210
1330 272
1214 328
1033 388
838 471
753 516
1192 274
981 377
896 414
847 440
798 437
702 480
1296 56
1130 182
897 309
772 365
716 415
669 425
