851 311
813 313
782 317
758 313
733 319
702 317
682 320
657 321
640 320
623 321
822 306
797 312
765 313
734 312
707 318
677 314
659 318
638 321
618 321
828 295
801 307
766 313
736 309
709 311
680 316
661 316
634 320
613 318
846 288
819 305
775 303
742 312
711 312
689 312
659 312
640 311
613 314
594 319
830 303
794 305
750 303
720 304
695 311
667 312
638 313
615 313
595 318
839 301
797 303
753 298
721 307
697 305
667 305
636 312
613 316
591 313
847 294
808 302
761 301
723 305
688 305
653 311
630 311
599 312
576 314
843 292
797 299
760 299
713 303
679 305
646 301
613 303
584 309
568 314
797 285
749 286
714 300
674 303
644 297
610 299
584 301
550 296
537 306
816 288
759 285
709 291
668 290
641 295
606 301
571 300
542 308
524 308
834 278
772 286
711 286
663 289
634 293
584 280
561 302
538 301
509 307
786 264
721 283
669 277
635 291
590 287
555 300
524 300
500 303
834 252
745 261
683 269
641 276
588 287
556 293
519 295
492 301
463 297
825 233
744 261
686 265
614 246
568 270
536 286
493 284
471 293
440 277
757 242
684 256
622 262
562 267
518 275
478 278
446 264
411 293
742 219
640 225
570 251
508 264
466 240
424 276
394 283
370 286
750 156
623 194
550 227
482 227
438 241
389 268
351 275
334 278
656 129
550 203
462 215
404 230
359 253
322 258
307 264
283 270
711 50
494 53
421 165
343 193
299 178
268 247
244 218
214 265
242 90
179 156
186 196
156 221
143 236
110 253
5 117
20 170
18 197
17 226
21 236
