8 327
84 321
201 251
323 172
496 137
704 77
11 412
72 367
145 376
228 345
340 318
459 248
603 261
774 165
6 471
57 464
110 467
178 434
252 395
334 397
422 399
528 363
657 324
797 300
987 251
1 491
35 505
92 489
143 461
203 452
262 456
330 451
410 421
496 391
595 396
700 363
832 333
986 319
1 544
42 512
82 506
127 513
170 513
222 496
272 488
334 468
402 478
472 460
560 445
644 407
759 417
865 371
1008 373
38 535
71 543
102 541
149 525
188 539
231 527
282 506
340 506
391 498
457 489
531 489
605 473
681 460
769 426
884 436
1001 418
83 549
112 563
156 547
188 542
233 538
275 537
326 539
373 526
426 528
487 506
556 481
623 503
703 479
791 484
875 455
983 462
145 562
176 562
210 554
251 538
287 546
332 547
380 529
426 543
481 512
541 509
596 510
674 518
748 511
826 495
907 475
1011 471
216 570
250 569
287 554
321 562
367 552
407 554
454 543
501 538
557 525
615 526
676 506
741 513
815 522
893 482
977 490
235 566
274 564
305 560
378 568
419 563
464 561
509 546
550 539
609 541
661 525
719 537
781 525
856 526
926 526
1012 504
