168 65
473 63
759 70
1056 90
1360 122
7 294
249 209
469 211
697 218
938 200
1186 264
137 406
349 347
537 373
730 340
908 378
1092 329
1275 324
57 449
213 424
397 408
548 472
694 451
855 430
1026 444
1183 451
1330 422
31 551
188 469
317 522
457 528
594 531
746 519
884 527
1026 512
1152 469
1296 488
81 549
204 547
333 547
459 587
584 514
695 567
831 551
958 548
1069 511
1208 568
1321 588
59 554
157 550
271 567
374 585
487 584
592 584
699 599
816 594
935 616
1040 602
1132 567
1247 566
1367 582
7 611
117 583
217 613
308 627
414 612
503 613
607 612
709 611
801 582
901 594
1012 614
1105 595
1202 629
1310 643
80 608
157 633
248 643
343 618
423 662
522 647
615 661
711 635
800 635
882 634
970 608
1074 649
1166 634
1256 617
1346 649
35 642
120 630
197 640
279 669
361 644
451 656
526 631
609 631
700 641
777 630
857 655
942 642
1031 641
1104 642
1185 631
1278 668
1364 656
10 685
98 662
163 696
245 673
324 684
405 685
473 672
547 696
632 650
704 649
784 649
861 662
937 696
1016 649
1088 673
1169 685
1244 659
1326 673
60 687
137 664
202 687
279 709
343 698
420 688
491 698
563 691
629 698
710 686
773 676
843 699
920 688
992 687
1059 687
1125 666
1211 686
1274 664
1345 710
54 699
125 679
187 688
248 721
319 700
381 711
449 700
518 680
585 700
651 710
715 706
786 679
848 709
919 710
980 700
1049 688
1115 710
1183 721
1251 699
1308 688
1385 706
28 700
92 712
149 721
220 693
274 691
334 711
398 699
466 711
522 731
588 692
653 700
713 711
770 702
837 693
894 731
962 715
1024 721
1082 712
1144 711
1214 730
1274 720
1338 716
6 702
56 719
122 720
181 709
237 723
299 720
354 724
420 702
473 702
530 702
586 701
649 720
709 709
767 723
827 702
882 709
949 723
999 709
1060 710
1117 720
1175 711
1241 720
1298 710
1350 702
33 717
87 710
133 736
198 717
249 716
306 709
361 716
417 731
475 727
530 727
586 731
646 717
694 728
754 736
812 731
868 727
923 710
973 710
1035 745
1087 717
1149 727
1201 745
1256 709
1310 709
1374 737
5 751
61 739
114 734
173 735
222 724
275 743
330 735
380 735
440 734
489 734
543 718
601 735
648 751
700 743
759 724
813 718
867 735
917 718
974 735
1026 738
1070 718
1132 717
1182 743
1242 734
1295 734
1337 718
27 741
84 741
137 731
183 757
239 733
284 741
340 740
388 732
443 725
489 741
538 749
593 731
642 741
697 725
747 733
794 741
847 757
895 741
943 725
1004 749
1055 757
1098 731
1147 731
1204 740
1255 741
1305 749
1352 725
18 755
71 738
123 732
167 747
218 738
259 755
305 763
360 738
411 738
455 747
506 747
550 747
601 732
650 732
696 747
748 754
798 747
846 740
889 752
942 731
991 750
1037 754
1088 747
1134 752
1184 732
1236 747
1285 747
1327 738
14 753
56 767
102 752
149 760
202 745
246 753
292 745
336 743
384 752
430 752
474 760
522 752
570 745
616 753
661 752
710 745
757 767
800 738
849 746
894 756
942 745
989 753
1034 744
1079 752
1126 738
1169 744
1223 752
1273 767
1317 755
33 750
77 744
120 758
167 751
212 744
257 744
300 744
341 758
385 761
428 773
474 758
520 765
566 765
607 762
650 758
698 761
743 763
784 762
828 744
873 758
921 758
961 744
1012 772
1053 758
1095 744
1137 744
1186 762
1229 749
1275 773
22 756
59 763
106 766
151 763
190 764
233 763
277 766
319 766
362 763
401 755
445 763
491 764
530 777
575 750
613 763
655 770
699 750
744 763
785 755
826 777
866 755
913 766
950 755
993 755
1037 750
1077 750
1122 766
1168 763
1207 764
1246 755
56 768
97 768
134 775
222 761
265 756
299 771
338 771
382 775
424 768
465 768
506 769
542 774
584 768
623 761
668 768
703 768
744 760
787 768
826 775
866 768
910 769
947 755
1030 760
1071 771
1108 756
1151 768
1186 756
1235 768
78 772
122 772
156 772
196 772
239 760
275 765
312 765
353 779
389 779
429 772
472 772
546 772
586 766
667 760
704 772
744 772
783 772
823 773
861 766
896 773
936 776
975 776
1016 765
1053 766
1095 772
1134 772
1172 773
1212 766
171 769
207 769
246 776
284 764
321 776
398 764
436 770
509 776
548 770
585 776
621 770
733 764
773 764
808 764
848 776
887 776
923 776
958 764
1072 776
1108 769
1147 769
121 779
193 772
375 767
447 779
519 779
594 768
632 779
669 768
704 779
741 773
774 772
812 779
846 779
886 773
922 779
957 772
997 779
1033 779
1068 779
1177 767
245 771
421 771
524 771
594 771
734 771
806 771
1015 771
1053 777
1156 771
360 775
390 779
424 779
732 779
801 775
833 774
866 779
1070 779
1104 775
469 778
767 778
896 778
999 777
1029 778
1061 778
