12 45
139 56
286 68
424 56
550 20
690 14
813 71
947 43
103 85
198 115
317 133
422 86
531 80
646 86
762 116
869 118
976 107
23 157
110 162
193 155
296 138
376 138
465 148
563 153
658 133
743 155
828 156
924 156
1013 158
50 204
136 179
206 196
288 172
366 187
448 176
523 178
605 190
683 168
761 187
839 189
918 176
996 195
40 197
108 212
172 221
239 195
314 203
386 217
450 227
520 221
589 211
667 211
734 212
804 227
872 229
946 228
47 232
108 217
175 232
232 217
297 233
355 223
424 233
484 235
544 232
604 233
669 217
730 219
795 217
855 247
912 224
974 233
20 247
80 255
134 248
186 260
251 247
300 247
361 248
419 247
474 248
524 235
587 253
638 251
696 248
755 247
812 254
870 241
918 248
972 241
7 260
63 264
114 272
163 262
214 253
269 249
321 261
372 263
426 267
473 260
524 266
577 261
630 272
678 255
732 267
779 261
829 249
886 261
936 254
15 262
55 275
106 262
151 275
201 272
244 261
292 272
342 272
384 272
434 273
483 272
530 272
573 266
621 273
670 262
712 272
762 262
805 272
850 266
900 261
41 281
90 287
132 277
179 272
218 281
261 272
303 292
346 271
388 284
431 283
476 291
520 284
566 281
611 281
651 286
695 284
739 291
778 282
825 281
868 282
81 291
126 294
165 289
203 289
243 298
283 289
328 289
366 289
406 279
449 289
488 279
527 289
571 289
611 284
653 289
691 290
732 289
773 289
811 289
855 280
107 290
139 295
179 297
217 290
258 300
297 300
334 287
369 295
411 286
450 287
484 287
521 290
561 300
598 304
640 300
677 304
716 304
749 296
791 296
828 297
124 302
157 301
191 301
229 301
265 306
302 293
335 298
371 302
409 310
444 293
479 293
513 305
551 302
585 301
620 301
658 301
694 305
728 293
765 305
801 296
152 308
187 308
224 306
258 306
292 307
324 308
358 314
392 302
424 302
457 310
494 307
528 314
560 314
596 306
630 299
666 310
698 307
729 302
763 299
800 306
175 312
207 319
240 307
272 305
300 312
335 304
366 319
398 313
431 315
461 305
492 311
526 315
557 312
590 315
620 319
654 313
686 319
719 304
750 312
782 304
194 316
220 309
252 309
282 318
313 316
343 312
374 316
404 309
433 310
466 310
495 316
525 312
556 316
583 312
613 320
645 317
677 309
706 320
738 316
769 318
202 320
234 320
261 313
292 316
319 313
350 317
377 320
404 317
433 327
465 316
491 322
521 320
551 313
578 320
605 316
637 320
664 313
694 322
722 317
749 313
210 324
239 324
268 324
292 327
319 324
347 317
376 320
404 324
431 317
458 324
485 326
514 327
539 324
568 320
593 324
623 326
650 327
678 317
704 324
730 324
228 333
254 321
279 327
307 324
334 321
360 327
386 327
411 333
437 321
463 321
490 321
518 327
541 333
570 321
594 327
621 330
648 327
672 321
701 330
724 328
241 336
264 330
291 325
314 330
339 330
362 330
390 325
412 331
438 330
463 327
489 330
512 330
539 336
565 333
588 325
613 331
638 330
663 336
690 324
714 324
250 331
274 339
297 333
322 339
346 333
371 333
393 333
417 333
442 336
465 333
487 334
514 336
535 328
561 330
586 335
609 333
634 333
656 339
680 336
702 328
260 336
283 330
306 336
328 338
353 336
375 337
399 338
419 336
443 336
466 341
488 336
513 336
536 339
556 338
580 336
603 331
627 336
650 333
671 330
694 338
271 333
293 338
316 338
337 338
358 338
381 338
402 333
425 333
446 333
468 338
490 338
512 339
533 333
555 341
578 335
600 343
623 338
644 338
665 339
690 333
284 340
306 337
325 345
347 341
369 343
390 338
410 340
432 340
451 343
475 345
494 336
516 345
538 341
559 341
579 335
599 340
622 342
642 342
663 340
686 340
289 338
310 347
331 338
350 340
369 345
391 347
411 347
431 343
450 340
471 342
492 338
514 343
534 343
553 345
573 340
593 338
613 343
633 343
656 342
676 345
303 342
322 346
341 347
360 346
382 347
402 340
419 349
441 340
458 340
479 345
497 345
519 344
538 340
556 345
576 349
596 344
615 347
636 346
654 340
673 344
304 347
323 342
343 342
362 342
381 351
399 346
419 342
436 346
456 344
476 346
493 348
514 351
531 344
552 346
570 342
588 342
607 346
627 346
645 346
664 348
318 344
334 348
351 352
371 350
390 344
407 346
426 350
443 352
462 344
481 344
500 349
516 346
536 345
553 350
572 348
590 346
608 349
625 344
645 350
662 348
318 345
335 351
355 353
372 345
390 347
406 349
423 349
443 349
461 347
478 347
494 349
513 351
530 349
547 350
566 347
583 345
601 349
620 352
638 345
656 349
323 351
341 351
359 352
374 351
392 351
408 355
426 351
443 347
462 351
476 353
496 353
512 349
529 349
546 352
564 347
580 348
597 352
614 352
631 351
650 355
334 352
349 356
367 348
384 350
401 356
418 348
432 356
450 352
467 354
483 348
500 348
517 352
533 352
551 352
567 352
583 354
600 354
617 353
634 352
649 348
334 354
352 353
368 353
383 354
400 355
416 351
433 354
448 353
465 354
481 350
496 353
513 353
529 355
545 350
562 353
578 350
594 355
609 350
626 355
642 351
342 355
356 355
374 355
390 353
404 357
421 353
436 355
451 355
468 356
483 355
500 355
514 351
529 356
546 355
563 355
577 355
593 358
609 356
624 351
640 356
346 359
363 352
376 356
392 352
406 356
423 356
437 356
453 358
469 356
484 356
498 356
515 356
529 352
545 354
559 354
576 354
591 358
605 354
620 356
637 356
