9 1
99 14
221 32
322 25
524 12
634 32
752 30
845 46
950 12
62 101
151 104
247 89
326 89
414 91
510 67
592 91
688 65
774 102
862 63
950 105
1 115
68 148
148 133
221 135
296 137
373 144
452 136
527 137
606 139
681 141
753 114
830 136
909 136
980 136
55 144
113 169
184 144
253 172
315 171
392 143
458 172
521 162
594 149
660 174
723 183
793 162
864 173
925 164
1003 153
48 189
110 190
168 189
227 171
290 199
352 190
409 191
466 197
532 180
595 194
654 180
711 194
773 207
831 179
885 190
955 198
1010 173
21 225
80 202
130 193
184 218
241 193
298 194
346 212
407 226
457 210
516 209
568 212
619 224
678 201
730 218
783 214
842 218
891 226
947 199
18 209
65 227
117 225
168 224
219 224
271 216
315 224
363 231
418 225
468 232
515 215
565 224
615 225
670 224
716 210
768 215
819 224
866 210
917 209
6 245
52 240
103 238
146 244
194 229
240 241
286 231
327 245
379 240
422 237
469 237
512 237
562 244
605 240
652 245
700 237
747 238
791 224
839 237
890 243
40 250
87 237
125 249
168 236
212 253
251 262
298 237
341 249
380 249
429 237
469 249
508 237
553 249
595 255
638 262
684 249
721 256
765 249
809 242
855 241
79 259
120 248
155 271
196 265
234 259
276 248
315 263
354 259
393 259
434 248
474 254
516 254
556 260
593 259
635 260
677 247
712 259
755 259
794 253
837 259
118 258
148 274
193 258
228 258
262 275
297 269
334 268
372 264
409 262
448 269
482 258
520 258
556 269
595 262
632 274
668 262
709 274
742 275
781 262
818 258
136 277
173 282
210 279
245 277
281 267
316 277
348 271
381 277
418 271
451 283
489 277
523 287
555 277
591 267
626 287
661 267
695 277
730 277
765 270
796 277
156 275
187 294
218 274
252 279
286 284
318 284
349 285
384 286
415 275
446 275
481 294
514 279
545 284
579 274
609 285
643 289
676 285
709 279
743 284
774 287
171 290
202 290
231 285
266 281
295 290
324 292
356 290
388 290
416 292
447 281
480 299
510 285
543 291
572 292
602 291
633 294
664 290
697 295
726 295
758 299
182 299
212 295
244 299
273 295
304 295
331 296
359 299
390 295
421 295
449 296
478 295
509 299
537 295
568 295
598 299
625 295
655 297
686 295
714 295
742 295
204 300
232 292
261 300
290 300
315 309
345 300
373 300
399 304
428 296
456 292
482 300
510 300
539 300
568 300
596 304
624 296
653 295
678 300
705 304
736 304
218 305
245 305
272 297
296 307
323 297
350 306
375 305
402 313
429 297
455 297
481 301
508 297
537 305
563 297
587 313
614 309
641 309
669 305
696 309
723 309
235 309
262 305
288 301
310 309
337 309
361 311
388 301
414 310
439 301
464 317
489 301
516 317
539 301
563 309
591 309
615 304
642 309
666 301
693 317
719 313
247 305
272 305
295 305
322 306
344 313
370 309
395 308
417 313
441 309
466 309
489 305
515 305
539 313
565 315
587 306
610 306
636 320
661 313
687 313
710 314
259 320
283 309
307 312
328 323
351 316
376 312
398 309
423 309
445 316
468 320
492 320
513 309
539 318
560 316
583 309
608 309
633 320
653 316
677 320
701 312
268 312
290 319
310 315
335 312
355 319
379 319
402 312
424 322
444 319
467 322
491 326
514 320
536 323
557 321
580 321
604 312
626 321
649 319
669 319
692 326
271 328
292 322
314 322
333 325
356 315
379 325
400 322
420 315
443 322
465 325
487 315
507 318
528 318
551 322
573 324
596 325
617 322
636 322
658 316
680 315
282 325
302 326
323 331
343 322
363 328
386 319
406 328
427 325
449 331
468 318
491 326
511 325
533 331
552 325
572 325
595 325
616 321
636 326
657 328
678 318
