38 2
531 40
14 62
188 88
401 150
597 91
786 88
952 40
85 178
237 165
387 168
534 168
694 186
837 167
996 165
39 186
151 220
269 225
401 221
532 187
654 186
778 183
903 240
1006 187
95 276
193 268
305 290
412 260
511 230
610 276
719 267
819 289
925 273
86 273
168 300
258 285
351 284
442 286
527 285
627 259
707 312
801 287
892 285
980 299
59 305
143 283
218 282
299 305
383 306
462 330
541 311
621 293
701 283
773 307
860 282
940 329
33 310
104 323
173 344
250 323
311 322
393 323
459 328
535 343
604 322
669 312
743 310
820 312
883 302
961 333
49 335
113 337
190 316
247 340
308 340
373 333
448 325
511 354
569 340
635 354
708 334
768 314
834 322
905 334
968 353
45 354
108 328
168 336
224 328
287 346
345 351
404 363
462 345
522 328
580 328
641 346
696 345
754 328
817 346
881 354
943 362
995 349
28 338
79 358
135 345
186 353
248 370
304 362
356 361
410 354
471 354
524 344
579 338
633 337
686 353
743 344
800 362
850 337
910 354
969 353
9 362
54 362
113 362
162 362
209 352
259 362
314 377
366 353
417 352
469 369
516 370
565 365
622 369
674 362
724 362
772 369
825 362
871 353
921 347
43 369
90 383
132 368
185 383
230 368
278 383
327 354
375 354
424 354
468 372
517 360
563 376
612 354
656 354
707 354
755 369
801 360
843 355
896 369
15 374
67 360
111 388
156 367
196 388
245 388
287 388
332 360
377 374
421 360
469 368
509 374
553 387
600 374
648 360
690 375
732 388
784 388
825 381
869 374
50 386
99 379
136 392
180 379
222 379
263 367
305 373
345 379
390 392
431 379
473 379
516 392
555 379
596 367
640 381
681 379
727 379
766 383
805 367
855 385
68 383
108 383
149 377
191 383
229 377
267 384
308 378
351 372
391 376
427 387
468 383
506 383
549 377
590 383
630 376
670 395
704 376
749 384
785 384
825 390
95 387
133 387
168 388
207 393
249 376
283 376
322 388
358 376
399 381
435 382
474 382
510 388
545 391
584 399
621 388
661 388
701 387
739 387
775 377
811 382
116 391
148 402
189 381
221 391
259 391
296 381
329 391
364 381
400 381
438 391
471 391
508 391
546 381
579 402
616 385
652 391
688 391
726 402
760 385
797 391
138 389
173 395
207 395
237 395
273 405
309 395
341 385
372 398
409 395
441 395
476 385
510 395
544 390
579 395
609 389
647 389
679 385
715 385
746 389
782 390
153 401
190 388
218 388
253 403
286 398
316 403
349 392
379 403
414 398
446 388
477 408
513 398
543 398
574 403
609 398
640 398
673 403
704 398
738 398
768 388
169 401
198 410
229 401
260 396
293 391
321 401
354 401
386 405
417 410
445 403
476 410
507 405
539 396
573 401
602 410
631 404
664 401
695 410
725 401
754 391
192 408
220 408
252 408
281 403
312 398
341 394
368 403
399 408
428 403
461 403
489 403
519 412
549 408
577 399
607 394
638 403
668 398
697 403
728 403
755 403
203 400
233 405
263 406
289 405
318 405
345 405
376 405
403 414
435 400
462 397
490 405
520 405
548 397
575 397
602 397
634 405
659 397
690 406
718 401
745 414
211 403
237 399
263 402
290 407
319 402
347 399
374 402
400 407
430 412
457 407
482 402
511 409
540 399
566 402
591 399
619 399
650 399
676 403
705 416
729 399
226 409
251 409
278 411
304 409
331 402
358 410
386 418
409 409
436 405
463 411
491 412
515 411
542 401
570 402
597 409
624 410
648 406
674 405
703 411
729 411
237 407
259 407
287 411
312 404
336 407
361 411
386 411
413 411
439 407
464 411
487 411
514 407
541 407
564 411
592 407
614 411
641 411
665 414
692 411
718 411
246 413
271 413
297 406
321 413
344 413
370 413
394 406
418 409
444 409
466 406
493 413
516 417
539 406
564 409
591 417
613 413
640 413
661 413
686 409
712 413
247 415
271 415
294 408
320 411
343 415
367 411
391 415
412 418
438 417
459 415
486 415
509 415
531 415
555 411
579 411
602 411
624 415
651 415
671 411
699 415
258 409
279 412
304 413
327 409
348 416
372 416
396 418
418 416
441 412
463 409
489 420
511 416
533 423
557 420
578 418
601 409
627 416
647 412
671 412
694 412
269 419
288 417
310 419
334 411
357 414
377 420
399 419
423 421
446 418
467 418
491 418
514 421
533 421
556 411
579 414
602 421
623 411
647 419
669 413
691 418
277 419
300 412
318 422
342 419
364 419
385 419
406 412
429 419
448 419
470 419
491 412
516 412
535 412
558 422
579 415
602 415
621 419
646 422
665 412
687 419
278 420
299 420
320 416
339 423
360 420
382 414
404 414
423 427
444 420
465 416
487 420
508 420
528 420
549 423
571 423
590 423
612 420
632 420
653 414
674 417
285 424
308 415
327 421
348 415
368 424
387 415
410 418
429 421
448 421
470 428
489 423
510 421
531 415
552 428
569 423
591 415
610 423
630 425
653 423
673 415
296 426
314 423
335 423
356 419
374 423
396 423
415 423
433 419
452 423
473 417
492 426
513 419
534 423
552 423
573 424
592 424
612 419
630 419
652 420
670 417
302 427
322 418
343 418
361 418
379 430
398 427
418 418
436 424
455 418
477 418
494 418
514 418
533 427
551 418
572 424
591 427
609 425
627 421
648 427
666 420
