1666 435
1655 427
1596 430
1662 422
1609 414
1558 418
1685 419
1625 426
1576 426
1507 433
1690 408
1625 400
1562 412
1514 423
1472 416
1652 403
1580 394
1528 422
1471 407
1429 424
1384 433
1608 395
1565 391
1488 393
1451 413
1379 407
1364 429
1319 430
1606 371
1519 381
1450 382
1395 415
1343 414
1304 432
1268 435
1244 416
1223 435
1578 371
1500 377
1396 380
1375 416
1309 406
1267 413
1245 404
1207 423
1181 432
1162 419
1421 368
1360 358
1300 391
1231 401
1198 392
1185 399
1157 419
1127 423
1111 416
1086 425
1290 363
1232 389
1189 389
1146 399
1116 392
1095 412
1076 418
1059 422
1059 428
1030 419
1160 338
1125 379
1083 389
1066 399
1049 421
1023 412
1007 405
994 422
983 414
974 429
1020 365
991 387
990 392
965 416
960 390
942 413
935 424
931 411
933 414
924 429
875 377
879 389
853 391
868 401
869 415
855 404
855 419
860 434
855 432
860 423
718 368
731 390
765 393
758 401
763 411
768 399
788 411
799 429
788 426
793 430
570 381
591 368
633 361
647 403
655 385
677 409
707 415
699 406
719 424
719 427
415 363
462 378
523 368
545 406
567 396
596 398
617 431
633 422
658 431
659 434
290 334
367 378
418 380
454 397
490 390
520 412
547 405
581 414
583 425
600 429
100 357
207 352
298 398
340 388
379 420
428 411
453 430
487 421
516 425
543 422
63 385
156 386
252 406
289 410
357 411
367 416
417 424
447 431
474 434
55 387
147 379
186 419
258 410
294 415
345 408
377 424
421 417
55 378
123 397
187 412
238 416
308 415
324 425
372 434
82 409
120 400
185 419
237 436
267 416
0 395
57 416
106 412
178 412
205 427
49 420
105 436
158 432
45 430
97 417
9 415
55 435
