721 16
891 6
973 21
344 18
440 50
540 66
641 80
728 67
807 101
887 118
957 135
8 110
134 97
229 137
335 121
424 143
518 143
591 154
673 187
749 170
811 168
882 175
951 194
1013 211
46 157
158 181
250 178
338 213
416 173
500 227
567 233
648 217
713 243
778 208
841 255
899 242
951 234
1001 234
83 206
167 228
251 234
332 241
412 233
483 241
552 265
611 252
677 248
738 273
791 277
849 291
898 286
949 299
999 311
14 241
96 267
175 273
254 279
321 262
397 269
458 292
521 287
586 320
638 304
696 296
755 330
795 298
847 310
901 320
944 333
990 335
35 282
108 306
179 312
253 314
319 318
386 304
441 324
499 328
560 331
612 334
669 328
715 340
763 334
817 345
859 356
904 358
945 368
986 355
0 342
65 339
133 345
208 345
271 351
333 355
388 352
446 363
496 357
553 352
603 353
649 349
702 375
746 376
793 378
833 373
872 360
914 377
956 378
990 379
13 383
87 368
148 387
211 372
270 374
324 366
378 369
437 380
486 382
533 389
586 393
629 373
672 393
719 405
759 384
801 380
840 388
877 396
915 384
956 412
990 387
9 379
78 396
133 383
195 380
250 400
302 406
358 400
405 409
456 410
502 390
551 413
594 393
638 415
680 410
719 410
762 418
798 405
836 414
871 415
906 416
944 423
973 406
1009 407
46 403
105 419
159 416
210 432
264 418
314 405
368 423
413 413
457 430
503 415
548 424
587 432
632 413
668 414
710 441
748 441
787 422
822 430
852 431
887 432
924 433
950 437
983 446
1014 440
4 448
59 449
111 434
163 443
217 436
265 437
311 452
357 445
401 443
444 440
491 434
530 428
570 434
608 430
650 431
685 450
721 445
755 445
785 448
823 439
854 435
883 441
918 448
946 459
980 460
1005 438
25 458
78 458
129 438
177 459
221 455
268 457
315 447
357 454
400 447
443 443
485 458
525 468
562 457
596 457
636 450
667 451
702 458
735 447
769 459
803 452
834 462
864 460
895 460
925 466
951 450
979 451
1006 462
27 466
77 453
125 467
172 467
215 468
264 470
306 474
350 468
391 469
429 463
465 475
503 464
543 464
577 458
614 470
648 473
681 473
710 464
744 476
775 465
805 471
838 465
867 467
894 472
918 472
951 474
974 473
999 467
37 467
84 468
132 481
172 481
220 484
260 481
303 487
342 484
379 476
420 482
455 487
492 487
531 482
565 488
598 471
632 476
663 484
691 477
724 482
756 482
784 482
816 488
842 488
869 483
893 477
923 485
944 473
970 473
0 506
53 481
90 506
133 506
181 486
220 481
260 487
302 493
337 493
373 493
413 493
446 493
479 482
515 493
547 493
579 488
611 488
643 482
672 493
705 493
734 498
761 493
786 487
815 497
840 493
870 497
895 492
916 488
943 497
17 506
62 517
102 505
141 517
187 505
224 505
264 504
299 493
338 504
372 504
405 507
442 503
473 509
506 514
537 505
568 503
601 506
628 503
657 493
687 504
717 504
743 512
768 502
794 492
821 502
847 492
874 492
896 492
921 506
37 520
80 527
116 527
159 526
200 504
235 508
268 516
304 514
338 514
375 507
409 503
437 513
471 523
503 507
532 502
564 506
591 512
618 511
648 511
674 516
701 511
727 511
754 510
779 505
807 512
831 510
855 504
877 518
902 514
2 515
40 526
85 514
123 514
155 525
194 514
228 513
264 523
296 523
333 533
362 512
394 517
426 527
456 516
487 516
518 521
547 520
572 529
600 523
629 515
656 519
680 510
708 513
734 518
756 509
784 509
807 509
828 509
855 525
877 517
15 535
50 540
90 539
130 523
161 527
197 533
231 526
267 527
299 532
327 536
362 533
394 530
424 530
452 520
482 534
511 529
536 531
566 519
594 529
616 522
643 531
668 527
693 526
719 527
743 517
768 525
789 517
813 516
833 516
857 516
33 533
68 548
104 536
137 532
171 531
204 550
239 550
268 535
300 544
331 539
362 538
390 547
422 537
448 541
474 541
503 540
532 535
557 535
582 534
609 534
635 542
660 533
681 541
704 524
729 524
752 524
775 531
798 535
820 526
839 523
36 551
75 550
109 540
140 549
175 548
205 551
237 556
269 551
297 541
327 545
358 550
386 553
411 539
439 552
465 538
492 537
519 544
545 542
570 533
595 541
618 532
644 540
669 539
691 543
712 539
735 542
758 539
780 537
800 545
819 537
54 549
88 557
118 560
152 556
180 556
213 555
243 545
274 548
303 553
331 544
358 552
387 556
413 551
441 545
465 554
494 541
517 548
542 556
566 547
592 555
613 547
636 546
659 542
684 545
705 537
726 540
748 539
767 540
790 536
812 550
53 565
87 564
117 566
147 563
177 562
207 564
237 560
266 555
294 559
321 553
351 562
377 549
401 565
428 556
454 555
479 563
504 550
529 554
551 553
574 545
599 553
620 547
642 555
664 551
686 554
709 552
727 549
749 549
772 552
788 552
64 570
128 569
185 567
216 569
241 566
270 557
296 565
323 559
348 567
375 555
403 562
426 558
451 561
477 562
500 555
522 552
545 566
567 558
590 554
613 557
634 557
655 560
676 563
694 555
714 547
738 556
757 561
777 553
71 567
161 569
189 568
216 564
270 562
319 561
345 569
369 568
419 568
445 558
467 569
511 564
533 559
557 556
581 563
601 562
622 563
641 554
663 564
681 553
704 559
723 566
740 562
759 554
323 567
531 561
552 568
593 570
615 567
635 563
653 558
674 558
713 564
733 557
752 566
363 570
518 566
537 566
560 565
657 569
677 569
714 564
734 570
665 566
721 568
