585 269
570 267
559 270
548 270
537 267
526 268
512 268
501 271
490 267
480 271
467 268
457 268
442 266
433 268
422 267
409 268
397 268
387 267
376 269
362 268
350 268
341 270
330 266
316 268
306 268
296 266
283 266
272 269
259 268
249 269
592 270
578 270
565 268
552 269
543 269
530 269
519 269
505 266
492 268
482 268
471 270
457 268
443 268
434 269
423 266
411 268
400 267
386 266
372 268
362 268
352 268
337 268
324 269
315 270
304 269
290 265
278 268
265 269
255 267
244 270
599 268
587 267
574 265
560 268
550 268
535 265
523 265
513 266
497 270
486 270
474 265
463 267
448 267
436 265
425 267
411 269
398 266
386 267
373 268
362 266
350 267
337 268
324 268
311 267
299 270
287 266
275 267
260 267
250 267
234 269
613 267
596 264
586 267
573 270
559 267
546 267
532 267
517 265
507 267
494 268
481 267
470 264
453 268
444 265
429 264
417 270
403 267
391 268
374 268
362 265
351 267
339 266
326 268
312 270
298 268
288 264
274 267
261 270
249 267
232 268
622 266
608 267
595 265
580 265
567 266
552 266
540 267
526 264
510 269
499 265
487 265
471 266
459 267
443 266
429 268
416 269
403 265
391 268
375 263
363 266
351 268
335 266
319 266
307 266
293 264
280 267
269 264
251 268
238 266
225 265
642 266
628 266
611 266
603 267
585 266
572 264
556 266
544 267
531 269
516 267
498 263
487 267
472 266
455 267
441 269
429 266
415 266
399 266
385 267
372 267
355 267
345 266
330 266
312 266
302 266
284 269
270 269
256 266
244 267
229 269
649 262
641 268
622 265
608 262
595 262
576 265
564 265
549 262
535 262
522 268
504 262
490 262
474 265
460 262
446 265
429 267
414 262
402 267
383 265
371 265
353 265
341 263
327 266
307 267
294 262
282 266
265 265
248 265
234 268
222 268
669 264
649 266
638 268
619 264
605 266
588 264
573 261
561 266
543 264
523 261
511 262
493 262
479 262
463 264
447 261
432 261
417 264
397 265
387 261
371 264
350 264
339 267
322 261
307 261
289 264
276 264
256 266
244 261
227 261
211 268
668 264
649 264
638 260
615 264
604 261
585 264
569 260
549 264
538 264
517 265
500 262
488 260
471 264
455 264
434 260
417 264
401 263
389 264
369 263
354 264
337 261
320 263
306 264
288 267
270 265
256 261
240 264
221 265
205 260
672 261
656 261
639 263
620 259
603 260
589 264
567 263
548 264
533 264
513 259
497 263
476 259
466 259
445 263
431 265
409 261
390 263
375 263
360 263
340 265
326 266
305 263
288 259
272 263
250 263
236 259
217 263
201 263
677 262
654 264
642 264
619 262
608 261
584 264
563 262
548 258
530 266
509 262
493 259
475 264
453 258
435 262
417 264
403 261
381 263
360 264
341 260
326 258
304 262
291 262
269 262
248 263
233 262
211 264
193 258
674 257
664 260
640 265
617 257
599 258
579 256
562 256
540 263
523 260
505 260
482 260
462 262
441 263
424 256
401 256
384 258
363 263
342 256
324 256
300 262
282 261
262 256
247 260
225 264
203 256
180 261
676 256
652 261
635 261
618 255
593 259
577 259
553 255
527 259
504 261
487 259
468 255
446 259
428 261
399 260
382 259
363 263
340 259
317 259
296 259
274 263
252 256
229 259
207 259
189 259
168 260
676 257
653 253
632 253
608 258
583 258
561 255
532 253
517 257
488 260
465 260
448 252
419 259
403 257
373 257
356 257
332 253
304 257
283 257
256 262
239 260
215 252
194 252
168 257
148 257
655 252
631 250
614 255
586 260
558 261
532 253
511 255
482 255
460 255
431 256
408 251
377 255
354 251
329 255
305 250
279 255
253 261
230 255
204 256
185 255
155 251
129 258
661 256
628 248
602 250
576 250
545 253
516 253
490 255
461 251
438 253
408 259
388 247
353 255
326 253
305 247
275 253
243 253
221 254
195 259
166 248
139 248
114 255
662 244
624 253
608 250
564 245
540 251
505 254
478 251
448 250
426 245
392 251
366 251
333 251
297 251
273 251
240 245
210 251
186 251
148 244
114 257
91 245
664 247
624 251
596 240
565 240
519 248
489 247
461 254
421 251
396 247
353 240
324 244
292 254
254 251
223 251
186 254
161 247
125 241
86 251
51 247
643 243
609 237
562 236
527 244
490 235
446 239
408 239
374 242
335 250
302 235
265 243
217 247
186 238
146 235
113 239
67 242
37 243
656 241
614 239
556 243
521 247
474 233
427 233
393 241
352 242
310 228
261 238
223 247
179 240
133 230
92 243
43 238
10 233
647 234
602 230
542 233
488 221
441 237
391 237
352 234
298 232
250 231
189 232
139 231
89 236
39 234
649 228
580 235
505 217
459 217
395 225
334 223
289 212
237 224
165 216
115 236
40 217
637 216
580 195
495 217
434 212
363 213
268 207
213 192
140 210
72 210
646 192
540 182
451 172
349 167
245 166
164 197
98 175
629 147
474 123
351 155
192 150
80 165
460 71
287 60
