1693 425
1667 398
1586 414
1638 399
1543 423
1483 414
1658 385
1525 380
1473 412
1408 411
1673 339
1548 379
1458 398
1425 399
1346 407
1323 412
1654 311
1554 360
1436 365
1378 372
1314 382
1284 422
1224 399
1672 343
1533 364
1391 332
1314 398
1263 398
1224 404
1202 403
1150 397
1585 272
1437 336
1313 306
1246 374
1206 398
1150 387
1119 381
1091 404
1077 397
1585 65
1341 252
1179 262
1143 315
1118 361
1063 383
1022 374
1000 385
1010 404
973 418
1086 227
1002 290
963 305
988 327
947 380
936 379
936 373
909 403
900 407
915 412
805 177
829 276
776 308
792 316
808 364
811 355
829 389
822 398
818 404
820 426
312 50
519 242
555 245
624 363
689 352
706 371
718 405
723 383
744 403
758 395
126 281
305 306
427 342
505 381
545 369
588 394
626 394
622 394
645 410
44 283
232 341
284 345
394 345
440 378
488 396
515 392
547 414
578 400
159 327
253 371
348 402
390 410
426 382
467 415
499 413
125 384
223 365
285 385
362 396
398 414
30 351
131 368
196 388
262 406
328 419
46 391
111 407
202 407
238 398
50 416
109 406
169 398
28 398
83 418
