99 32
200 84
301 71
416 71
516 58
632 66
729 58
50 93
144 119
236 93
321 117
400 131
497 96
593 119
667 100
771 128
31 140
104 139
182 145
261 161
338 161
414 157
489 159
574 161
649 138
726 157
8 197
81 196
146 195
216 176
273 202
351 177
412 195
481 197
546 186
618 174
687 183
756 203
52 201
109 221
169 209
228 219
296 221
356 228
412 229
478 236
536 239
601 237
655 221
718 208
777 203
23 258
83 258
134 241
191 234
241 241
296 248
355 224
407 245
464 256
521 233
579 257
631 241
683 249
737 226
21 260
63 266
124 246
169 259
213 273
268 258
314 251
370 259
418 251
465 259
516 274
565 274
617 260
662 268
715 267
761 244
36 272
84 273
127 272
175 272
221 273
265 272
317 272
357 264
404 265
455 272
498 279
546 265
591 272
637 273
686 272
730 274
777 264
18 273
60 292
101 286
145 273
187 274
233 286
275 286
315 285
356 285
404 274
447 285
485 285
527 285
575 291
618 285
657 286
699 286
741 285
786 286
15 303
47 308
90 296
136 285
171 309
210 297
253 297
293 290
331 285
369 296
409 303
450 296
487 301
529 297
571 308
608 303
646 290
683 297
730 308
765 297
34 305
71 306
113 300
144 317
184 306
223 299
258 299
297 317
333 300
366 311
406 305
443 295
478 306
517 299
550 306
591 295
627 306
665 312
701 299
741 300
771 295
15 303
51 303
85 308
122 314
155 314
188 314
223 314
256 307
293 314
328 319
361 303
397 319
432 319
470 304
505 313
540 313
574 314
607 303
641 314
675 307
709 314
748 309
781 303
5 315
38 315
64 330
99 323
131 320
170 311
200 320
233 315
268 321
299 310
334 320
363 324
395 320
429 325
466 325
497 322
527 323
562 322
595 326
627 331
662 311
692 311
723 315
759 323
29 332
61 327
92 327
121 337
156 329
183 332
218 318
249 318
279 318
311 318
338 327
374 318
402 332
436 318
466 332
498 328
525 327
558 318
590 327
620 332
652 323
682 327
716 332
742 322
774 327
21 342
51 336
81 333
109 338
142 325
170 338
197 338
229 333
257 328
286 333
316 338
345 325
376 342
403 333
432 342
461 333
494 336
520 329
550 336
580 324
608 324
636 325
670 334
699 336
730 336
757 333
789 336
12 348
42 331
64 343
96 334
126 335
148 347
178 339
204 343
236 335
263 339
290 339
320 330
348 335
375 341
402 343
428 330
459 339
485 348
514 341
542 330
568 330
598 343
625 339
654 347
682 343
706 341
733 330
762 339
4 347
29 348
56 352
86 339
108 344
137 346
163 344
189 336
218 336
244 336
269 344
292 347
321 336
346 336
372 336
400 336
426 348
452 344
480 339
505 352
532 352
559 344
585 344
611 344
638 344
665 352
690 348
720 352
742 348
0 352
26 348
50 356
77 348
102 348
125 349
154 348
178 348
202 348
230 348
256 348
281 352
305 348
330 340
356 348
379 355
406 352
434 348
456 340
483 355
509 356
533 343
557 343
582 344
608 343
633 340
658 343
687 350
712 348
734 344
16 352
40 352
64 354
91 352
112 353
139 354
159 356
187 348
212 356
235 345
258 348
284 352
306 356
331 352
355 345
380 359
405 352
428 359
451 354
474 348
501 352
522 345
549 360
570 345
598 353
620 352
645 352
670 354
691 348
720 360
33 349
52 363
75 355
98 356
120 362
146 363
171 359
194 348
217 351
238 359
262 355
284 359
308 355
331 359
355 351
379 355
402 355
425 349
449 355
472 355
493 359
519 356
541 356
565 352
588 357
610 359
633 357
655 349
679 357
705 359
41 362
65 359
85 359
109 359
133 363
155 359
176 352
198 352
220 359
242 363
264 359
287 362
309 362
331 359
353 355
378 359
398 362
420 359
445 366
464 352
487 352
509 359
532 352
556 359
577 362
600 359
621 352
644 352
667 359
688 359
53 362
75 365
96 358
119 362
142 364
162 355
184 362
205 355
226 363
248 363
270 358
290 362
313 368
333 362
354 355
375 365
398 362
419 355
442 365
463 362
483 363
505 355
529 363
547 355
570 362
591 362
612 355
634 362
655 362
677 358
68 371
92 361
111 371
132 361
152 364
174 364
194 361
217 365
236 364
257 358
277 366
298 371
318 364
340 364
362 358
380 358
402 368
423 358
443 365
465 358
485 364
505 358
528 366
547 368
568 365
588 358
610 371
631 366
651 366
671 361
81 370
102 370
122 367
141 363
162 368
181 367
202 367
221 361
243 361
261 367
280 367
300 368
322 367
343 364
362 367
382 369
403 373
423 367
443 361
463 370
482 367
502 361
522 370
543 370
563 367
582 367
603 370
623 370
641 361
662 367
92 372
111 366
129 369
149 369
169 364
188 370
207 370
225 370
246 371
266 369
285 367
303 371
323 369
344 364
361 371
381 364
402 366
420 369
438 366
460 373
478 369
498 369
516 369
537 369
555 370
574 369
593 370
613 363
633 371
652 364
103 372
123 378
141 366
158 377
178 372
197 372
216 374
236 368
255 372
271 373
290 372
309 375
329 368
347 373
366 372
384 373
404 372
421 369
440 374
460 373
478 368
498 373
516 366
536 372
554 372
571 369
590 372
608 368
629 369
647 375
113 368
131 371
150 371
168 368
184 377
203 379
222 371
239 375
257 374
275 374
295 368
312 374
332 374
348 379
368 376
385 377
402 368
421 374
440 368
457 375
475 374
494 377
513 368
530 368
548 370
566 380
585 375
602 374
623 377
639 374
115 372
134 378
151 376
169 370
186 372
205 381
222 376
238 373
258 381
275 376
293 373
310 373
327 370
347 376
362 376
379 379
399 373
416 378
433 373
452 376
469 376
486 370
503 376
523 376
540 378
557 376
573 379
592 376
609 378
629 373
128 383
148 375
164 373
180 378
199 375
215 378
231 375
249 383
266 378
282 375
300 375
318 378
335 373
352 378
367 373
386 375
402 380
421 378
436 378
454 378
472 373
489 378
503 379
523 383
539 378
555 378
574 383
589 375
607 373
625 381
134 376
151 374
169 380
185 374
202 382
217 376
234 382
252 376
268 379
285 380
301 379
316 381
333 380
350 380
366 380
385 374
399 382
416 382
434 379
449 379
466 385
482 379
500 374
515 380
533 377
550 382
565 380
584 379
599 381
616 379
140 378
156 381
171 384
190 376
205 381
221 382
238 386
253 376
270 382
286 381
302 378
318 383
335 376
350 381
366 376
384 381
398 382
414 383
431 376
448 381
464 381
481 384
496 384
512 383
528 381
545 381
561 383
577 381
594 384
608 381
149 385
164 378
181 383
197 378
212 385
228 384
245 380
259 385
275 380
290 387
308 378
322 388
338 382
354 378
369 378
385 380
401 385
417 380
432 380
448 378
465 383
480 378
496 384
512 380
526 383
544 383
559 383
573 388
590 383
605 382
152 387
167 379
181 386
197 384
214 382
229 379
244 381
260 380
274 384
290 379
305 380
319 386
336 389
350 384
366 379
382 385
396 384
413 384
427 379
443 386
457 379
473 379
488 379
503 384
518 379
533 384
548 384
564 380
581 389
595 385
165 381
178 388
195 386
209 386
225 386
239 390
253 386
268 381
283 390
297 390
313 386
328 386
343 383
358 386
372 386
388 386
403 383
416 386
432 381
447 386
461 388
477 386
491 386
507 390
520 381
536 386
551 386
566 386
582 390
596 386
171 387
185 389
199 384
214 382
228 385
241 387
258 388
272 389
287 383
301 391
316 384
331 387
345 387
358 383
373 388
387 388
403 382
415 392
430 387
445 388
460 384
475 383
490 389
504 382
518 388
532 387
546 388
562 391
575 387
591 387
176 384
188 390
203 390
217 384
232 388
245 388
260 390
274 388
287 390
302 388
317 388
330 386
344 388
359 386
373 390
386 388
401 388
416 388
429 386
443 386
459 390
473 390
485 384
501 386
514 388
530 389
544 388
557 388
571 388
586 390
181 385
194 392
208 392
222 387
236 389
249 385
263 387
277 385
290 385
305 385
319 387
332 392
347 385
360 389
374 394
388 389
402 385
416 389
429 385
444 391
458 394
471 385
486 392
499 387
512 389
526 392
540 387
554 385
568 385
581 387
