101 115
406 107
678 85
975 92
148 250
363 268
563 279
781 272
995 277
70 397
260 363
407 389
600 390
744 346
929 358
14 408
165 397
303 422
437 438
582 427
723 429
851 423
1001 429
94 466
223 480
335 469
463 445
584 466
709 466
816 466
939 469
38 477
144 498
242 508
352 490
455 479
564 489
674 520
772 499
891 519
983 477
14 506
101 504
185 513
286 507
381 531
470 544
565 523
658 514
742 534
838 506
931 523
45 563
133 538
209 544
292 528
383 529
464 554
548 527
626 545
718 548
795 547
875 545
969 550
