109 32
328 49
441 21
548 6
667 42
770 53
885 35
997 52
28 98
119 83
223 67
318 71
413 83
516 92
610 66
708 94
807 92
898 86
995 68
11 120
95 121
178 134
275 106
351 119
442 126
530 106
615 96
705 99
796 120
872 107
964 127
65 145
139 164
215 137
286 138
368 155
443 179
522 144
598 168
671 159
744 167
826 169
903 156
970 159
49 205
119 165
196 174
260 173
323 194
399 190
467 186
529 196
602 173
669 165
737 186
801 191
873 172
941 174
1010 184
28 197
90 198
153 208
212 189
273 225
335 212
396 208
460 217
526 191
585 189
649 216
704 209
762 198
828 197
883 191
952 208
1013 208
14 209
68 225
123 225
186 218
236 227
296 234
352 227
407 226
464 231
517 208
575 216
632 210
689 228
741 230
797 209
853 226
907 227
969 230
37 239
93 225
149 240
197 225
253 239
303 225
356 230
408 224
458 244
512 231
564 224
611 244
664 240
719 247
770 224
821 242
870 243
927 244
26 244
75 253
122 253
166 245
217 238
267 245
318 253
366 260
409 257
462 267
510 245
558 252
608 252
654 252
705 238
748 267
800 255
846 244
893 245
19 249
69 276
110 265
162 250
203 276
250 263
298 250
342 249
386 277
429 255
478 249
522 264
564 263
612 263
660 256
701 264
747 270
792 277
839 277
884 264
50 266
91 273
133 273
174 278
217 260
259 265
303 267
346 279
387 285
433 273
475 260
519 278
561 273
603 285
646 266
688 273
728 273
772 285
815 272
859 273
80 274
119 281
159 280
202 280
239 280
277 281
321 275
359 280
401 273
443 280
484 280
520 283
561 281
604 292
641 292
684 281
725 275
764 286
801 283
844 274
98 293
136 293
175 287
213 281
255 276
289 276
327 293
366 288
408 287
444 287
483 291
519 299
562 288
598 293
634 289
672 293
710 287
751 293
791 288
826 287
119 305
159 288
194 300
229 284
267 288
300 298
338 297
373 294
412 298
449 294
487 297
521 305
556 289
592 295
630 298
668 294
701 294
740 288
774 288
809 294
131 302
167 290
202 301
237 295
273 295
306 306
343 305
374 300
412 290
442 294
478 300
516 311
550 291
583 300
616 306
649 301
687 305
720 291
755 290
788 294
156 306
188 307
221 307
254 297
289 307
323 297
352 317
386 311
417 307
453 306
485 307
518 306
551 297
581 297
613 297
649 306
681 307
715 316
748 306
782 306
171 302
201 302
234 302
264 302
297 303
328 317
357 312
390 312
421 316
451 316
484 312
515 312
548 314
577 312
610 316
643 312
672 312
700 314
731 302
766 316
183 308
214 316
241 316
273 316
301 321
330 316
360 316
394 317
420 312
451 325
482 316
511 317
541 316
572 316
599 325
631 325
659 316
689 321
720 316
749 316
194 316
224 320
252 315
281 312
307 322
336 312
366 320
394 325
422 320
450 312
481 329
508 325
537 320
566 315
597 312
625 320
655 320
682 312
713 320
739 320
211 324
237 328
265 316
291 316
317 328
347 324
376 324
404 316
430 324
458 324
487 316
512 333
542 324
568 328
598 332
624 319
650 320
680 326
705 324
735 326
220 328
246 336
274 328
301 332
328 328
355 323
381 329
408 336
433 320
461 332
486 329
513 323
537 332
566 328
593 324
617 328
646 328
672 328
698 336
724 332
229 327
253 331
281 332
305 335
330 331
354 331
380 327
406 327
430 331
456 331
484 324
507 333
533 331
558 333
587 333
611 324
638 333
661 331
690 339
714 332
