51 38
157 54
241 71
344 37
430 82
538 50
626 38
727 76
830 67
917 91
25 109
98 121
187 125
270 112
349 85
438 86
524 113
597 113
689 112
766 111
848 87
938 133
0 168
73 152
159 148
229 149
304 149
373 158
442 148
511 149
591 149
663 168
735 127
804 127
874 147
947 147
26 196
88 166
157 179
215 179
276 161
339 166
402 166
470 177
531 188
594 179
660 178
726 197
785 180
851 187
913 158
980 165
18 208
74 199
126 200
190 199
244 181
297 188
357 197
416 207
470 200
526 181
588 208
643 201
699 215
753 190
818 199
878 198
932 207
989 203
45 224
94 220
148 232
204 224
254 224
307 207
359 222
414 217
467 208
518 224
566 207
623 216
672 221
724 202
773 225
829 216
879 217
938 219
38 236
81 247
131 218
179 236
230 240
277 232
323 218
368 225
417 224
463 225
512 232
559 235
611 240
651 236
703 218
749 218
801 218
844 219
891 232
39 245
81 258
128 240
176 246
216 234
259 245
303 247
348 250
387 238
433 246
480 259
522 233
565 234
606 234
655 259
694 239
739 253
782 246
825 234
869 240
65 257
104 257
143 269
183 251
224 257
268 260
307 246
346 261
391 261
426 257
468 263
509 257
548 251
589 257
632 256
671 262
711 263
749 246
794 245
835 263
111 262
147 256
186 268
223 267
262 257
295 279
336 257
372 256
410 267
448 267
486 267
523 273
559 262
596 256
635 270
672 256
710 267
749 273
783 267
826 273
125 285
160 265
195 275
229 286
268 275
299 274
336 275
374 264
407 275
443 280
476 277
511 275
548 277
582 265
619 275
655 280
691 264
726 281
761 275
794 269
150 287
181 285
217 273
249 292
282 276
315 282
349 278
384 277
414 282
448 292
481 292
517 273
548 277
583 287
613 276
647 287
681 282
715 276
749 288
779 273
164 278
192 279
226 291
255 288
289 288
320 288
353 279
380 297
413 297
446 288
476 297
507 288
539 279
570 290
602 283
632 283
667 288
695 288
730 293
760 283
183 294
210 297
241 303
272 294
300 294
329 289
361 285
388 298
417 298
450 294
478 285
509 285
538 298
568 294
596 288
627 289
657 289
684 294
715 298
745 294
208 294
235 301
266 299
293 291
320 295
348 299
378 299
408 294
433 299
462 291
492 291
518 299
547 299
577 303
604 299
632 299
661 299
689 294
717 291
745 291
214 303
242 307
268 303
299 295
322 298
349 303
378 298
405 299
431 311
459 295
487 305
514 295
538 307
565 295
594 305
622 311
648 295
676 303
700 303
729 295
225 299
249 299
274 307
299 315
324 311
352 299
379 311
406 299
429 299
455 308
482 315
507 307
535 309
559 303
586 307
612 299
637 307
663 307
688 307
716 307
237 313
262 311
288 313
313 315
338 315
362 304
387 308
412 311
438 304
460 307
486 304
510 307
536 304
559 304
586 311
608 311
636 318
659 311
684 307
708 311
248 318
273 315
297 311
319 310
343 322
367 317
391 315
415 317
439 311
462 317
486 311
510 307
532 315
556 307
581 316
605 315
628 315
652 315
673 315
700 315
265 320
290 318
311 325
333 320
358 325
381 311
404 311
424 311
446 318
470 325
494 318
515 325
540 318
561 321
585 314
608 322
631 322
652 315
676 325
697 325
271 324
292 321
314 321
339 317
359 321
383 318
404 321
424 321
447 327
468 314
490 318
514 321
536 321
555 321
577 314
600 314
622 324
643 314
667 321
689 321
275 327
299 320
319 324
340 318
361 324
381 324
402 324
424 324
443 324
464 327
487 324
507 324
528 321
550 324
571 330
591 330
614 324
636 324
654 327
676 330
291 328
309 326
332 326
351 323
372 329
391 329
412 326
432 329
452 333
473 332
494 332
513 332
535 320
555 329
574 332
595 329
616 326
635 332
655 323
676 326
293 331
313 330
331 332
352 328
371 329
391 330
409 328
431 334
451 328
468 328
490 334
507 331
530 325
549 331
569 330
587 329
608 323
626 332
646 334
665 323
305 327
323 331
342 331
362 325
380 332
401 327
420 334
439 328
456 333
477 327
494 327
515 332
532 331
553 327
571 331
592 331
609 334
628 331
647 325
667 336
307 333
327 333
343 330
363 333
380 335
399 333
419 327
436 333
455 333
474 334
492 335
511 333
527 333
548 333
566 334
583 327
604 335
622 333
638 333
657 333
313 337
332 334
352 331
370 331
388 334
406 331
424 334
442 340
459 334
476 340
494 340
513 329
530 329
548 335
565 337
584 336
601 334
620 331
638 334
656 332
318 339
334 333
352 331
371 337
386 336
405 331
421 339
439 337
456 342
473 338
491 331
510 338
525 337
544 336
560 337
578 331
596 334
614 333
629 331
648 337
324 343
342 341
357 341
374 333
392 338
408 339
426 335
441 343
458 333
477 338
492 341
511 338
525 339
543 338
561 338
576 338
594 333
611 338
629 338
645 338
328 341
344 340
361 340
376 340
394 342
409 341
427 340
444 340
459 340
476 340
491 342
507 340
525 342
541 345
557 340
574 340
591 340
607 340
624 340
640 345
339 344
355 344
371 344
387 342
402 341
417 346
434 346
450 344
465 346
481 342
498 339
514 342
529 337
545 341
560 339
577 342
592 339
609 342
625 341
641 346
337 348
353 338
367 343
383 338
399 343
415 343
430 338
447 340
462 343
476 344
493 343
508 338
524 343
539 343
554 341
570 340
585 338
602 343
617 343
631 338
344 342
359 347
373 342
389 342
403 345
418 349
433 344
449 342
463 346
479 340
494 344
509 344
525 344
541 344
555 344
570 344
584 347
599 340
615 344
630 340
348 350
363 346
377 346
391 348
407 346
421 347
436 346
452 346
465 350
480 346
496 346
511 341
524 346
539 346
554 346
570 347
584 350
598 346
612 343
627 341
352 349
368 347
381 347
395 347
410 347
424 347
439 347
453 347
467 347
482 349
495 349
509 349
525 345
539 344
554 351
567 347
581 348
597 343
610 347
625 347
355 348
367 348
381 352
396 348
410 344
424 344
439 350
452 349
466 350
480 350
495 352
507 348
521 344
536 346
550 346
563 348
579 348
592 346
607 348
620 348
