269 39
832 15
163 143
371 105
549 174
772 83
952 147
72 183
230 252
370 208
533 253
676 162
837 252
981 232
51 266
192 248
300 245
430 248
556 258
684 284
807 210
928 210
6 273
104 274
203 304
319 272
413 282
516 274
632 273
740 272
850 304
947 256
67 265
157 299
251 280
335 277
429 280
529 292
621 292
702 292
799 293
894 265
976 265
41 295
115 308
199 294
284 309
360 309
448 309
522 284
597 309
686 320
761 284
839 308
919 308
1006 333
15 300
94 321
159 322
234 331
306 321
375 333
445 310
514 300
590 321
660 321
726 321
804 311
869 322
949 321
1011 309
14 320
67 329
144 311
207 311
266 330
333 311
397 329
464 318
533 310
597 311
660 330
725 330
790 350
860 339
925 329
982 318
40 338
100 342
157 338
218 338
280 347
336 320
398 338
452 347
517 338
575 338
631 338
691 320
753 343
812 327
867 321
929 327
986 338
37 345
91 349
143 345
201 344
256 336
313 344
363 345
416 344
476 344
530 329
585 335
637 344
694 350
751 361
799 353
855 345
911 345
960 329
1018 345
17 342
65 334
113 350
163 350
218 350
264 350
321 342
367 335
420 365
475 350
521 350
572 335
628 340
675 350
729 342
775 341
824 335
883 365
934 342
982 358
44 341
94 355
139 348
191 341
232 355
283 362
331 346
378 355
422 355
469 355
517 355
564 346
612 370
660 355
711 355
754 355
805 355
849 346
894 341
943 355
992 341
34 366
76 373
122 366
168 360
209 366
258 351
298 359
342 359
389 359
429 360
475 360
519 359
567 359
609 351
655 373
698 359
743 362
786 366
825 346
872 353
914 346
960 353
1002 346
9 375
52 363
99 363
136 365
179 369
226 363
263 363
305 363
347 367
387 363
432 356
473 363
515 369
559 363
597 350
640 369
680 365
726 350
766 350
807 355
849 363
892 363
931 350
972 369
1014 351
11 366
50 354
91 359
129 359
167 366
207 366
245 372
289 366
327 366
364 372
408 366
442 372
483 359
521 360
564 378
600 354
639 366
682 366
724 366
760 354
804 378
842 378
881 378
916 366
960 366
997 366
35 364
65 375
104 369
143 369
180 375
221 358
255 363
295 364
329 358
365 369
402 375
439 380
480 369
514 369
555 369
591 364
627 364
664 358
701 363
742 369
776 358
812 358
851 372
889 375
925 358
966 372
1004 369
28 361
61 372
95 361
132 372
167 372
203 375
235 372
272 383
306 365
344 372
379 372
413 372
452 362
485 361
522 372
557 372
588 378
628 377
659 383
695 377
733 377
766 377
805 383
836 372
873 361
909 372
942 372
979 383
13 364
47 374
79 364
114 374
148 374
182 379
211 379
249 374
283 374
315 364
350 379
381 385
417 376
449 374
481 377
514 364
548 385
583 364
617 374
648 364
683 376
720 374
752 384
786 374
821 374
854 369
884 374
922 374
954 374
35 371
62 386
100 370
131 370
162 386
195 371
225 376
261 367
290 379
322 381
355 386
386 367
419 381
454 386
483 376
518 381
547 381
583 376
614 379
644 376
676 367
708 371
744 367
776 376
809 379
838 367
873 381
902 378
938 371
19 388
53 369
80 378
111 381
143 378
172 378
205 383
233 369
267 378
297 378
330 378
357 369
389 383
419 369
453 369
480 383
513 369
544 373
575 381
606 378
636 378
664 378
696 378
729 383
757 388
789 378
821 383
850 378
883 373
914 373
44 380
75 383
102 389
131 380
160 382
190 372
219 380
251 380
279 380
309 371
339 380
367 383
399 383
427 380
456 389
487 371
512 385
543 380
575 380
601 380
631 380
662 380
691 380
721 371
750 385
778 385
810 380
835 371
865 375
895 380
62 384
91 382
116 385
145 374
175 385
203 385
233 374
257 382
287 382
316 377
344 382
369 382
401 378
425 382
455 391
483 377
512 377
538 374
569 374
596 377
624 382
652 382
681 382
708 374
733 374
763 374
792 382
821 377
848 382
874 374
86 388
115 384
141 384
170 375
196 385
224 380
249 384
277 388
304 376
332 388
358 380
386 384
411 384
437 392
464 385
494 384
519 380
545 392
574 376
602 392
627 376
656 386
681 384
708 386
733 376
760 376
790 384
817 388
842 386
870 376
101 387
129 385
157 385
180 385
207 380
233 381
259 377
285 393
311 393
337 385
360 389
388 385
414 381
440 377
467 385
491 393
518 381
542 381
571 377
595 377
623 377
648 377
673 393
701 385
725 385
752 389
779 385
804 393
829 387
854 387
118 387
146 382
171 379
197 382
218 387
246 379
271 387
296 387
318 390
345 387
370 383
394 379
420 379
444 387
470 379
495 387
518 387
543 390
571 387
596 383
619 387
644 389
669 387
694 387
720 387
743 379
768 388
794 389
819 388
842 379
133 395
158 381
181 381
204 388
229 389
253 388
277 388
301 395
326 381
350 381
374 381
397 395
421 388
446 392
470 390
493 390
519 388
542 388
566 388
590 389
612 381
637 395
660 388
684 381
709 392
733 388
759 389
783 388
808 390
831 388
142 393
167 393
190 396
214 385
235 389
257 396
282 389
307 385
329 389
349 389
374 389
397 393
419 393
442 389
465 389
489 396
512 389
534 382
560 393
581 386
605 389
631 393
653 393
677 393
698 382
721 385
744 389
767 391
792 391
815 382
153 392
175 387
200 386
221 390
246 390
266 387
289 390
312 397
335 383
357 394
378 397
402 392
421 386
444 386
466 390
489 390
512 394
535 384
558 392
579 394
602 390
622 384
646 394
669 397
692 390
714 386
734 394
759 394
781 392
803 394
173 398
194 388
214 393
238 391
258 393
281 385
303 387
322 391
344 391
367 387
388 393
409 385
433 395
453 385
475 391
496 391
518 387
540 391
560 393
584 391
604 385
626 385
646 391
670 385
689 385
711 391
735 393
756 385
778 398
798 391
180 392
201 395
222 386
242 386
263 395
283 392
303 388
325 395
347 395
367 392
388 394
410 392
431 386
450 392
473 389
494 394
513 399
536 386
557 399
577 395
599 395
618 392
641 392
659 392
682 392
703 386
723 386
743 392
767 392
786 386
185 396
205 387
227 389
247 396
267 393
288 394
308 393
326 393
347 396
367 393
388 399
409 387
429 393
451 396
471 393
490 396
513 387
533 387
552 393
571 389
593 393
613 390
634 389
654 396
675 399
695 396
716 389
736 393
757 389
775 393
