1111 679
1067 700
1030 702
919 696
845 702
1203 691
1165 693
1080 687
1041 698
921 694
1191 690
1102 695
1011 694
971 693
928 691
899 692
1199 684
1106 682
1010 689
967 679
927 687
788 687
970 669
926 679
876 680
783 678
1181 660
1079 676
1027 668
991 675
929 673
886 660
835 674
1210 667
1103 660
1036 666
931 629
884 666
766 666
1294 649
1229 643
1175 659
1118 659
1051 649
987 652
927 655
758 653
1320 631
1132 651
1080 648
1009 636
957 644
897 646
759 645
1294 633
1154 629
1022 631
827 636
1413 609
1330 614
1172 606
1031 616
723 618
1409 585
1304 583
1131 598
968 584
792 601
706 595
638 586
1317 560
1120 558
1024 557
925 566
843 565
641 560
1555 485
1489 533
1367 554
1016 546
928 547
688 537
608 525
1637 482
1029 504
519 499
1751 407
1288 451
1122 403
968 371
845 418
1716 342
1316 328
740 360
1121 148
342 187
33 200
