1196 946
1170 955
1092 951
1040 944
977 945
915 947
869 951
793 933
733 952
1302 916
1243 921
1105 910
1048 921
968 906
909 915
781 921
1295 874
1237 874
1106 882
1029 885
958 874
896 868
824 881
748 877
683 879
1281 835
1001 846
924 850
1378 790
1296 803
1140 790
760 795
664 798
1409 752
1307 743
1165 730
986 749
910 747
1242 699
1174 704
999 697
907 701
815 704
719 673
622 687
1462 643
1365 633
1155 632
1070 635
788 625
685 634
1429 543
1352 529
1250 530
1127 534
907 539
1321 466
854 435
753 445
611 466
519 443
1617 343
1338 316
1064 308
950 312
720 281
442 347
1356 188
1085 156
925 175
630 175
488 175
