1267 668
1223 655
1202 663
1165 655
1133 662
1094 662
1063 662
1035 661
1001 661
975 662
939 655
910 662
873 663
841 655
813 662
785 662
744 661
716 668
684 665
653 662
617 662
592 668
554 665
518 657
493 661
454 661
428 661
395 658
364 665
329 655
1263 656
1230 660
1204 660
1168 656
1129 653
1106 667
1071 663
1037 656
1002 660
966 660
936 660
898 656
859 660
831 660
793 660
767 656
731 662
696 667
661 660
625 660
594 653
559 662
530 653
492 660
457 661
431 656
397 667
362 660
318 653
293 660
1317 658
1274 660
1246 658
1208 662
1165 658
1137 653
1107 651
1059 654
1027 660
996 658
962 654
924 666
891 658
850 666
822 658
780 662
749 651
711 666
679 660
642 651
603 651
570 658
538 654
507 651
462 651
429 658
400 658
354 654
323 655
295 658
1336 658
1303 658
1270 659
1229 657
1190 657
1159 649
1111 657
1082 652
1043 653
1009 657
968 657
938 657
896 665
855 652
815 656
781 660
751 649
714 656
668 664
638 649
596 660
557 660
525 661
485 649
448 657
413 664
378 656
342 649
303 657
262 649
1360 656
1323 647
1287 655
1246 655
1212 654
1181 657
1135 655
1093 646
1052 663
1017 657
978 655
937 654
891 647
853 654
823 659
777 650
748 658
696 654
660 655
622 655
580 650
547 654
499 654
464 650
433 651
389 649
347 654
304 654
269 650
225 659
1402 647
1367 652
1322 652
1279 661
1236 643
1195 655
1143 647
1102 643
1059 643
1026 661
977 652
932 652
893 647
854 647
817 661
768 652
733 652
687 652
644 643
596 651
566 653
522 652
476 643
434 646
402 652
354 652
303 652
276 643
222 652
177 656
1439 651
1392 639
1344 649
1300 644
1260 639
1218 658
1169 658
1118 649
1071 659
1039 649
977 640
938 649
899 650
854 654
812 648
768 649
724 643
678 644
636 643
577 654
532 643
487 653
455 651
400 658
361 640
309 649
260 649
224 643
182 643
133 639
1467 639
1403 641
1357 640
1332 645
1266 656
1211 646
1167 648
1125 635
1087 655
1028 655
971 636
927 651
884 636
829 656
789 646
738 639
692 636
639 641
593 651
542 635
491 635
448 645
406 650
349 651
297 656
252 648
216 641
172 636
105 646
1466 634
1411 641
1367 635
1298 645
1258 641
1203 641
1145 652
1096 642
1038 647
992 646
930 631
884 642
830 636
791 636
736 647
684 630
624 647
582 642
526 647
468 652
418 647
368 645
310 636
261 631
212 631
146 647
115 645
64 635
1455 631
1409 638
1354 638
1283 650
1241 643
1184 643
1128 632
1065 637
1016 641
952 638
903 626
847 631
780 649
723 649
674 637
608 637
549 625
499 640
446 640
395 644
327 638
279 630
222 640
164 626
106 632
56 631
1480 635
1437 632
1385 645
1312 631
1250 638
1184 632
1124 631
1053 620
1009 618
935 635
881 625
814 632
748 639
682 620
625 619
570 631
498 631
430 619
382 632
318 619
258 632
203 619
129 619
73 632
11 636
1451 628
1368 611
1297 633
1227 640
1146 626
1084 631
1026 626
966 625
877 633
821 612
746 632
675 611
611 620
541 640
472 612
423 631
352 641
274 617
202 626
143 630
57 618
1507 626
1434 618
1387 632
1286 618
1199 626
1122 618
1057 625
981 617
895 609
814 616
756 602
680 633
596 625
530 600
455 603
361 600
286 618
208 633
134 601
56 622
1473 617
1375 610
1299 590
1223 607
1136 592
1041 608
970 609
861 613
802 609
693 610
628 608
534 608
463 618
372 598
282 598
200 593
112 609
17 592
1456 584
1343 573
1252 593
1141 595
1043 605
952 604
869 598
756 605
645 574
536 604
470 574
351 597
256 595
159 600
54 603
1503 567
1404 579
1271 602
1173 590
1052 576
938 575
801 600
679 586
559 577
451 567
351 601
250 579
100 588
1 555
1482 563
1379 587
1207 558
1069 588
954 531
813 567
704 564
527 524
423 526
246 528
114 553
1311 558
1171 519
965 524
805 526
652 519
474 524
278 542
117 503
1425 475
1267 429
1021 430
814 443
562 433
304 512
109 469
1385 364
1033 373
728 332
344 293
49 368
420 114
