110 96
256 81
417 53
573 80
746 69
37 165
169 144
291 132
414 171
550 164
662 169
25 214
131 230
228 229
320 242
434 247
534 247
645 228
737 244
71 270
157 296
246 270
338 257
429 283
511 245
606 269
689 253
771 277
39 274
126 278
194 297
262 297
349 297
417 276
499 297
578 319
643 285
722 298
75 322
129 341
206 320
274 303
344 320
413 321
479 300
548 311
612 331
677 302
748 319
39 339
98 343
166 322
228 340
291 323
346 330
408 358
467 321
526 349
586 350
646 331
709 349
775 340
31 339
80 355
138 365
186 363
250 373
306 340
357 356
408 372
465 339
520 359
577 345
634 372
687 372
740 356
4 368
53 366
106 367
155 367
207 367
253 366
309 367
361 382
405 358
458 351
511 357
554 352
607 367
660 360
713 368
760 367
37 381
83 378
129 378
170 392
222 377
268 378
315 378
359 378
407 384
452 378
497 378
548 377
594 384
638 364
687 378
732 371
779 378
11 401
64 375
102 375
141 387
184 387
228 388
271 375
313 374
357 401
400 380
444 394
487 375
529 375
568 390
616 387
655 387
703 387
740 388
787 394
7 396
51 396
91 383
123 408
168 396
209 400
245 398
283 396
325 402
363 396
404 383
446 388
484 408
526 396
563 389
600 383
642 401
687 401
723 401
762 395
32 403
70 403
103 409
142 408
181 391
217 391
250 408
292 403
326 409
365 408
403 402
441 406
476 414
512 391
548 391
585 408
623 414
664 405
693 391
733 402
767 391
16 402
55 398
83 411
120 408
159 398
188 408
224 408
257 401
295 408
329 408
361 419
401 397
433 408
470 403
502 412
540 413
576 408
608 398
647 410
677 397
713 403
746 408
785 401
8 413
42 418
75 408
107 413
143 403
176 413
211 413
245 403
275 408
306 413
341 424
375 407
409 418
441 413
475 407
505 403
542 418
571 407
605 413
640 408
674 413
710 423
735 403
769 408
27 413
57 408
86 428
119 418
149 423
186 418
216 412
249 408
276 408
307 418
341 408
371 418
401 418
434 418
464 408
496 408
524 408
560 418
588 408
621 421
655 428
684 428
716 423
744 412
775 418
19 432
52 424
80 427
109 422
140 422
169 422
202 422
230 432
256 427
290 422
321 413
345 427
380 417
408 422
435 422
468 422
496 432
526 422
554 422
586 422
614 427
643 422
670 417
700 413
733 422
764 427
791 422
6 427
36 426
63 435
93 416
123 417
146 425
178 417
204 426
233 426
260 428
288 427
318 425
344 421
373 426
403 420
429 426
457 420
487 417
513 417
544 430
571 426
603 434
627 426
657 435
684 430
713 420
738 420
771 430
26 433
53 429
78 431
106 429
135 434
162 429
187 429
215 429
243 420
271 424
295 433
324 433
351 437
379 424
403 420
432 433
459 429
486 429
514 433
541 425
566 421
593 421
621 438
646 429
674 424
701 421
726 420
754 429
21 424
44 435
68 441
99 433
120 432
146 427
175 427
199 432
225 433
248 437
275 433
301 435
328 441
353 427
378 432
405 432
429 432
456 432
482 432
508 424
532 428
559 428
586 428
611 427
638 435
661 428
689 432
714 432
741 432
10 435
35 435
62 439
86 435
109 437
133 439
160 435
184 435
208 439
234 435
257 431
281 439
308 443
333 431
357 435
380 435
405 432
431 427
454 439
479 435
505 431
528 428
552 428
576 432
604 435
627 439
652 427
679 439
701 428
726 435
25 441
51 434
72 438
96 441
124 430
144 442
169 430
192 433
215 434
238 439
262 438
288 434
311 438
334 438
357 439
383 438
404 430
430 434
451 442
476 438
498 430
522 438
546 430
571 442
595 433
621 445
642 442
665 438
691 438
716 441
39 444
63 440
85 440
111 433
131 440
154 444
177 444
198 444
223 437
247 444
266 443
291 443
314 433
358 444
381 444
404 441
427 440
448 444
472 440
493 433
517 441
541 440
565 444
583 433
607 440
654 441
676 441
696 433
50 439
71 443
95 443
118 436
161 443
182 438
205 436
227 439
290 443
311 444
334 436
357 443
378 436
399 445
422 436
444 443
465 443
509 443
573 439
597 443
618 443
641 443
65 445
88 438
128 445
171 438
210 445
274 445
358 438
401 445
422 445
443 445
464 445
505 445
548 445
569 438
652 438
158 443
179 443
239 443
301 440
320 440
441 443
107 442
184 442
204 442
282 442
322 442
343 442
458 442
538 445
555 442
575 442
232 444
287 444
326 444
