607 6
667 31
703 71
749 54
332 19
483 25
543 62
583 69
635 91
670 96
704 115
740 117
274 41
348 46
415 82
465 88
512 78
562 110
599 113
637 115
672 137
706 142
729 131
84 26
169 32
242 45
309 57
371 71
421 102
464 130
512 122
551 116
588 145
620 146
650 153
676 145
701 164
727 169
746 167
80 65
162 99
231 82
288 87
340 96
388 107
436 116
477 124
513 132
547 139
576 147
608 165
637 164
662 178
687 179
706 186
725 188
746 181
2 68
73 111
150 105
204 131
260 138
317 123
362 146
400 145
437 153
472 159
510 168
540 170
568 163
593 168
620 194
640 177
667 201
685 199
703 192
723 201
18 106
86 130
147 114
209 134
253 138
300 154
342 160
386 162
419 165
455 175
483 180
516 185
541 183
567 182
592 196
613 189
635 199
653 192
676 204
696 201
26 122
85 132
139 130
189 151
238 156
283 164
323 157
358 157
396 175
429 168
458 176
489 187
512 201
541 197
562 200
583 204
605 204
624 211
643 201
662 212
22 136
78 143
127 155
182 157
225 162
266 180
302 178
338 166
370 182
404 179
434 193
463 193
488 197
513 195
537 207
556 210
579 208
598 206
618 209
634 216
30 154
83 156
129 162
173 168
213 172
255 177
290 181
324 189
355 179
387 196
413 201
444 209
469 207
492 205
515 211
533 211
556 217
576 224
592 213
614 220
32 154
77 159
127 165
166 176
206 191
244 178
281 192
311 197
342 200
370 194
401 205
426 205
451 208
471 210
496 217
515 206
533 209
554 224
572 229
588 216
18 175
62 173
106 171
147 186
184 181
224 181
257 204
289 207
316 200
347 205
375 197
398 209
424 212
446 209
468 218
489 220
510 216
529 222
546 221
566 219
25 179
69 189
110 177
145 192
184 195
216 207
248 191
280 203
306 209
336 214
360 203
384 209
409 217
431 219
453 221
473 223
492 228
509 230
530 228
545 223
24 186
66 190
102 194
138 202
173 191
207 208
239 211
265 209
296 212
319 218
345 216
370 218
393 224
412 215
435 232
454 226
474 235
493 233
508 227
526 229
29 200
70 193
104 201
141 195
173 207
201 218
234 212
259 218
288 217
312 211
336 225
360 223
378 232
401 229
420 221
439 230
459 239
476 233
493 228
510 236
24 200
60 213
94 207
127 200
156 211
188 218
213 224
242 219
266 217
293 223
315 232
338 229
360 232
381 227
398 232
420 226
438 235
456 237
471 233
488 233
36 207
68 210
103 204
131 217
162 219
189 220
217 217
240 223
266 218
287 220
310 229
331 230
352 232
373 227
393 231
410 230
428 238
445 239
460 246
477 241
35 217
68 219
96 213
129 212
153 225
182 219
209 218
234 224
257 225
278 227
299 235
320 230
341 231
358 236
378 239
397 242
414 241
431 238
447 243
462 238
30 225
64 219
94 221
119 220
147 218
174 234
197 230
223 234
244 235
267 237
288 242
309 239
327 234
346 240
366 237
383 248
398 249
416 238
432 245
446 249
37 221
67 223
93 220
119 226
148 221
172 230
195 235
219 237
242 231
262 236
282 238
302 239
320 243
337 243
356 236
373 244
391 242
406 247
422 241
436 248
35 220
63 226
91 224
116 237
142 232
168 237
192 238
211 236
235 240
255 233
275 243
292 244
311 242
331 246
347 239
365 243
381 247
397 253
410 243
426 245
27 234
55 236
83 232
108 228
134 237
155 235
178 233
202 238
224 233
243 235
262 243
280 237
298 244
316 245
335 246
351 250
368 251
383 249
398 255
412 254
26 237
55 232
80 230
106 235
129 238
151 238
174 245
196 240
216 242
233 246
253 238
272 242
291 246
309 244
324 248
340 244
357 250
372 246
387 252
400 248
30 227
57 236
79 237
101 241
128 245
148 240
170 248
190 239
209 247
228 245
247 241
264 253
283 251
301 249
316 255
333 246
347 249
361 253
377 254
391 250
38 230
60 238
83 239
106 241
127 248
150 244
170 250
190 239
208 247
229 249
246 248
262 249
281 251
296 252
311 253
327 248
343 254
357 254
370 255
385 258
33 242
60 240
83 245
104 243
126 247
147 242
166 246
185 247
205 243
222 254
238 250
256 254
272 249
290 253
304 256
319 254
335 260
349 256
361 258
375 253
32 248
56 240
77 244
102 246
120 246
141 253
161 248
177 249
197 250
214 251
230 255
248 250
265 249
280 257
296 251
311 261
326 261
340 257
352 258
366 257
30 240
52 245
74 240
97 247
114 253
135 254
156 253
173 256
190 254
207 254
224 253
241 249
258 250
272 260
289 254
303 262
316 258
330 259
343 259
355 262
36 246
59 244
79 250
99 255
118 250
136 251
155 252
172 250
191 254
207 254
224 255
238 254
254 259
270 260
285 258
299 256
312 257
326 261
338 256
351 261
38 248
59 249
77 255
98 251
116 252
134 258
152 254
170 254
188 250
204 251
218 258
235 253
248 259
265 259
279 260
293 258
305 262
318 257
332 258
344 267
34 244
54 247
72 248
93 252
110 254
129 255
146 255
162 258
180 256
196 252
212 253
227 259
242 260
256 260
269 263
284 261
297 266
310 258
324 267
335 261
36 249
56 252
76 256
94 256
112 255
130 256
147 254
163 257
180 258
195 261
210 257
224 260
240 263
254 261
266 262
280 262
294 264
307 259
319 265
331 264
39 258
57 254
77 255
94 256
112 256
128 257
147 255
162 254
177 259
192 260
207 260
221 263
235 257
249 260
263 263
276 261
290 264
302 267
314 261
327 266
34 257
52 260
71 251
88 257
107 258
123 256
139 257
154 260
171 256
186 257
201 259
214 260
229 260
242 259
256 264
269 264
280 267
294 265
305 268
318 264
33 253
50 252
68 258
85 254
101 259
119 260
135 256
150 263
165 261
180 266
195 260
209 261
222 260
235 264
248 265
261 269
274 264
286 266
299 263
310 265
32 260
50 254
68 261
84 255
102 256
118 257
133 264
147 262
162 258
176 261
192 260
205 260
218 261
231 266
244 262
257 262
270 267
282 268
292 266
304 265
39 257
56 260
72 261
89 263
106 260
119 266
135 263
149 263
164 265
179 265
191 267
206 268
219 266
231 265
244 267
255 271
268 268
280 266
292 269
302 273
36 256
53 262
68 261
83 262
100 264
115 267
129 266
144 264
158 261
172 269
186 266
200 263
212 265
224 268
237 270
249 266
260 270
272 271
283 271
295 270
