1004 526
989 534
961 531
931 528
906 531
882 531
858 526
832 526
806 533
778 531
758 531
730 536
707 536
680 531
653 531
632 528
601 531
580 531
556 531
529 533
504 534
482 531
456 531
423 531
398 536
380 531
353 534
327 526
300 531
277 531
1027 535
1000 530
973 533
944 530
914 531
895 525
868 530
835 527
807 530
783 533
761 532
730 524
710 530
680 532
656 532
627 530
604 530
576 530
546 533
524 525
494 530
465 525
442 525
409 531
386 530
357 530
339 530
313 530
277 533
257 531
1031 523
1005 523
971 534
941 523
916 531
890 525
860 526
834 529
803 534
781 529
751 532
719 523
688 526
664 529
637 534
613 529
585 523
552 529
524 523
495 523
466 529
445 525
415 532
384 534
362 529
330 534
303 530
278 531
251 526
220 531
1048 530
1020 527
990 529
961 524
922 530
901 529
870 528
843 527
815 531
782 528
749 529
722 524
690 524
665 522
640 530
601 521
576 524
545 528
516 524
495 528
459 528
434 528
405 522
373 527
342 528
313 524
290 527
250 527
227 528
199 530
1058 529
1023 520
999 526
961 529
933 526
906 526
873 520
840 526
811 526
777 526
750 526
724 523
694 529
658 528
627 529
594 526
569 520
532 520
506 526
479 526
442 520
419 522
389 522
348 529
319 520
289 520
265 526
234 526
198 532
169 527
1084 524
1048 525
1016 526
987 518
947 521
917 524
888 531
853 525
817 518
791 524
752 521
727 521
698 521
660 518
629 525
594 518
564 525
537 525
499 528
470 525
436 526
399 531
375 518
332 531
306 528
268 531
234 524
204 531
176 528
146 524
1120 516
1083 523
1047 526
1007 516
977 523
937 516
910 516
872 523
842 523
809 523
770 516
742 526
708 523
670 523
635 523
599 523
571 526
535 523
494 523
472 523
436 523
399 519
361 523
333 523
297 526
265 523
224 519
195 525
165 524
133 516
1128 521
1087 525
1059 521
1015 514
982 514
946 521
908 514
874 525
845 521
809 514
775 525
733 525
700 521
663 521
622 524
595 514
557 521
515 521
477 528
448 514
410 514
375 517
347 524
308 514
263 514
233 529
196 521
154 521
125 521
97 525
1155 527
1107 512
1070 527
1031 523
988 515
959 523
917 527
879 516
845 519
802 523
761 527
734 511
690 519
655 519
618 519
573 521
545 511
506 519
461 519
430 512
385 519
348 521
321 512
276 511
229 519
189 519
166 520
124 519
87 511
45 521
1156 521
1116 519
1076 521
1032 508
983 513
940 509
915 519
876 525
829 518
784 508
744 517
712 509
666 519
620 517
590 525
548 525
509 517
468 521
421 508
383 517
350 525
299 521
260 509
223 512
178 511
134 525
100 521
59 512
22 517
1182 516
1136 519
1083 509
1052 515
1003 505
966 514
917 509
881 516
829 517
792 519
750 505
698 514
666 518
619 514
581 514
535 514
488 523
448 505
402 514
351 509
313 519
276 514
232 509
183 514
132 517
87 508
61 506
20 519
1237 505
1182 501
1134 513
1083 501
1046 520
995 510
946 510
906 501
852 511
812 512
766 511
723 511
662 510
629 514
577 520
524 501
481 515
431 505
378 520
345 510
288 511
252 511
204 515
151 510
97 510
67 502
15 505
1248 517
1214 507
1153 518
1105 498
1047 507
1008 513
952 507
906 508
848 518
806 508
744 508
698 507
642 507
598 497
546 509
496 513
439 518
396 508
346 518
283 507
254 508
200 509
145 511
93 497
54 518
1322 515
1265 504
1216 493
1163 504
1108 498
1046 504
1007 504
949 506
900 493
835 504
782 504
721 498
680 504
621 493
559 510
515 504
446 504
393 503
352 497
291 498
252 505
184 504
131 498
88 504
28 508
1336 492
1273 491
1197 488
1153 511
1099 512
1033 500
973 500
911 491
849 499
791 505
742 504
689 503
630 499
555 511
500 511
447 500
377 505
325 492
253 510
216 505
165 488
91 500
36 488
1397 507
1326 482
1274 494
1206 495
1130 487
1080 501
1015 494
951 500
879 482
805 495
756 494
696 495
627 495
547 494
491 482
419 506
364 487
305 494
224 507
178 481
105 487
37 480
1503 487
1426 486
1353 492
1280 495
1225 494
1138 480
1071 486
975 488
910 473
836 486
773 490
709 486
625 472
570 473
491 486
421 473
354 474
265 494
197 480
127 473
56 487
1467 493
1381 486
1285 461
1229 482
1127 470
1040 461
979 482
884 484
802 478
735 477
630 467
547 461
472 468
393 478
316 478
234 478
150 470
70 470
0 461
1439 464
1347 453
1245 448
1159 476
1063 448
979 453
878 474
767 446
673 467
584 466
469 474
382 474
295 483
210 485
97 463
31 466
1440 470
1315 449
1233 424
1115 425
1001 461
856 461
768 447
665 434
533 446
411 449
293 456
205 453
79 460
1327 409
1184 402
1050 393
891 420
770 419
641 397
488 393
331 422
175 432
63 422
1356 408
1134 393
1005 354
826 385
618 382
443 410
289 427
113 411
1321 262
1021 305
813 281
558 330
320 329
38 318
1339 167
783 149
382 60
11 220
