1070 527
1041 527
1011 522
980 522
948 526
918 528
888 519
848 526
821 526
790 526
764 526
725 526
703 532
665 529
637 528
603 527
572 529
539 526
518 520
476 532
450 529
416 526
392 528
351 526
323 526
299 532
274 520
236 522
197 532
177 526
1085 524
1046 526
1013 520
987 524
951 524
921 531
881 531
847 517
820 527
781 520
750 526
716 531
691 524
656 518
618 524
586 521
561 525
529 517
490 531
463 521
425 524
397 527
368 524
330 524
295 524
261 528
232 527
198 524
171 531
137 518
1119 526
1078 518
1045 516
1013 519
976 523
944 522
912 522
875 518
840 525
803 522
774 522
736 523
698 519
672 529
633 522
604 523
563 518
530 523
502 523
463 522
425 522
392 526
364 519
320 522
288 526
258 526
224 523
193 519
154 519
123 523
1130 521
1094 528
1050 521
1019 528
988 514
946 528
907 514
877 516
843 514
798 521
772 521
731 513
694 521
652 517
625 514
584 517
554 521
515 521
469 521
433 524
398 521
370 525
330 517
301 521
258 521
223 521
191 513
151 528
120 523
79 521
1143 514
1112 514
1071 519
1035 514
990 511
954 514
910 519
874 519
840 519
800 526
763 518
723 519
691 518
650 523
608 514
569 519
529 519
490 527
463 515
424 511
386 527
347 527
302 523
263 527
224 515
190 519
160 521
112 526
73 511
34 519
1158 516
1109 512
1066 513
1031 508
988 520
948 521
912 516
874 520
820 516
782 516
739 508
704 508
662 508
623 525
581 508
543 516
495 516
456 516
410 516
371 516
335 512
297 508
245 516
216 511
180 517
133 525
96 511
50 519
13 516
1197 509
1153 505
1111 505
1078 523
1033 514
979 518
944 514
903 516
852 505
807 514
774 513
718 513
680 513
629 522
594 518
548 518
511 514
457 505
411 518
370 514
328 518
288 505
244 514
195 513
158 508
97 513
64 516
11 513
1236 511
1209 510
1162 513
1102 501
1051 511
1010 501
965 505
924 511
870 515
822 511
779 504
723 515
687 520
638 515
591 520
539 511
490 510
446 515
388 501
350 510
301 501
263 511
219 511
146 510
124 511
66 515
24 501
1254 501
1211 501
1159 510
1119 501
1049 501
1015 496
959 501
906 497
865 500
809 512
749 501
703 496
655 507
595 510
559 507
496 507
456 507
403 512
354 507
302 518
243 517
201 512
140 500
83 512
33 507
1326 502
1266 491
1221 505
1157 495
1098 506
1037 491
982 491
927 502
876 513
819 508
757 496
710 490
659 507
605 491
535 502
494 503
427 502
366 508
326 495
252 502
215 496
163 503
88 496
34 495
1403 498
1326 484
1263 484
1205 497
1137 502
1092 490
1022 503
956 488
899 496
831 497
780 509
714 509
636 503
584 502
521 508
459 501
389 483
330 508
270 483
220 509
147 484
90 498
26 483
1487 504
1422 504
1338 476
1266 497
1222 488
1146 490
1088 489
1005 504
927 493
857 488
808 489
731 489
646 490
598 497
516 476
458 476
372 493
304 476
239 490
169 489
89 503
22 490
1495 474
1388 473
1349 489
1254 489
1181 489
1093 466
1017 498
936 489
860 482
775 483
695 489
636 487
547 490
481 466
396 489
314 483
241 490
179 483
82 498
12 473
1447 455
1371 476
1282 472
1191 473
1086 473
1021 481
903 456
835 474
746 455
641 471
582 457
471 461
400 473
322 457
230 473
143 491
37 490
1434 470
1367 468
1231 452
1123 460
1028 481
934 458
825 480
720 460
626 465
538 478
437 472
316 446
222 464
126 468
35 470
1466 436
1338 441
1201 439
1104 438
958 428
827 438
735 436
603 439
496 427
360 440
255 428
78 437
1455 407
1335 409
1124 425
972 409
841 380
656 424
529 437
349 375
206 421
84 382
1365 392
1123 357
961 373
690 362
509 324
309 373
83 339
1225 245
929 248
566 202
354 308
304 6
