632 266
621 267
603 267
592 266
578 268
562 266
549 269
535 265
521 266
510 263
491 264
476 264
467 266
452 266
438 267
422 267
411 264
395 266
382 263
369 263
353 265
339 269
323 267
310 266
295 263
282 264
269 266
257 268
243 269
230 266
638 265
626 265
612 264
594 267
581 265
569 267
554 262
537 262
522 264
510 265
492 265
476 264
462 263
448 262
436 265
417 262
405 262
390 265
375 265
360 264
345 262
333 267
318 265
303 264
286 267
274 268
260 262
242 265
228 266
215 262
659 265
646 265
628 265
611 265
596 266
584 265
568 268
553 266
534 263
523 262
506 265
492 268
474 265
460 261
442 265
427 265
415 265
401 266
383 266
371 265
352 266
336 265
324 265
307 265
294 265
277 268
260 262
248 266
233 266
218 268
670 264
654 262
639 264
619 262
608 265
592 262
574 264
559 261
546 267
525 266
511 264
491 262
476 266
460 264
444 264
427 261
415 266
396 267
382 265
366 266
349 264
335 264
316 261
301 267
283 265
266 262
252 265
236 264
218 261
204 261
673 260
653 260
639 261
620 263
607 264
585 262
576 263
560 267
537 262
520 263
504 262
488 260
472 267
456 267
436 261
421 260
402 265
383 265
368 265
349 263
336 263
318 264
302 260
285 267
263 264
253 263
232 261
215 263
197 264
673 262
655 263
633 259
621 263
598 260
581 263
560 262
548 263
525 263
513 266
491 260
477 262
457 260
438 263
420 266
403 264
384 264
363 262
348 264
331 258
309 262
295 262
278 262
260 262
241 262
220 263
203 262
187 263
663 259
648 259
630 261
610 259
591 259
574 261
554 263
530 257
514 261
497 261
474 263
457 263
441 261
415 257
396 259
380 263
359 257
340 261
319 262
305 257
286 265
264 263
243 263
229 261
204 259
187 257
668 264
644 256
626 261
609 261
581 256
567 260
539 261
523 256
502 257
478 256
461 258
443 259
418 264
400 260
379 255
355 259
340 259
318 256
296 257
275 260
254 260
232 264
216 257
197 264
171 257
670 258
647 258
632 260
610 256
585 254
563 254
541 254
520 263
492 258
474 263
449 258
432 258
410 259
383 258
366 260
339 256
323 258
298 261
279 258
255 256
234 260
213 254
188 256
166 260
653 256
630 257
605 258
577 257
555 257
533 252
512 256
484 259
456 257
433 259
408 259
384 257
361 257
339 259
319 257
296 254
266 259
250 252
221 256
194 256
175 257
151 262
655 257
626 255
608 256
579 255
554 251
530 255
495 250
479 257
453 251
420 252
400 255
376 257
348 250
318 257
293 255
271 255
245 250
219 255
189 256
167 260
141 255
673 253
645 252
623 249
594 252
559 256
532 258
514 252
482 254
457 254
421 252
397 247
369 252
339 255
313 252
283 253
256 249
228 250
194 252
171 252
144 255
113 252
655 243
634 245
606 252
562 250
536 243
502 250
476 256
440 249
411 249
379 249
351 256
313 249
287 250
251 250
224 250
188 249
162 250
128 246
92 246
666 245
626 246
597 252
557 253
517 246
486 248
441 246
416 249
368 241
338 239
304 238
271 245
237 245
201 238
159 245
133 241
99 239
51 248
633 236
590 240
543 233
518 248
465 241
438 240
391 245
343 245
304 232
269 240
231 244
180 236
153 245
99 245
67 241
14 240
664 234
606 224
572 243
519 243
473 243
419 234
377 243
326 234
280 228
239 239
180 238
133 234
95 225
22 234
616 227
561 219
497 226
458 226
400 220
330 227
285 219
216 228
170 219
117 224
57 224
645 210
567 208
484 223
415 212
343 212
269 196
211 212
127 226
43 209
611 166
527 188
443 180
317 183
228 190
138 189
17 200
592 155
504 139
318 143
224 121
71 142
307 37
87 24
