25 187
144 149
280 63
36 324
128 286
218 233
324 223
462 192
625 85
842 47
59 369
117 394
203 325
283 341
371 308
492 274
624 200
790 152
977 128
22 445
64 452
125 430
172 437
241 409
324 394
393 362
496 340
604 314
725 267
869 236
21 477
54 473
100 480
149 465
195 456
255 444
313 419
380 428
457 380
547 387
650 379
759 351
885 288
8 521
47 502
81 508
117 505
157 485
204 476
256 478
313 460
370 476
435 451
505 435
582 403
676 407
765 394
876 363
991 354
36 535
63 530
97 538
137 520
177 515
218 514
268 487
307 501
364 470
416 487
475 467
548 446
622 445
699 435
784 422
890 429
1009 400
94 544
121 527
158 522
192 530
233 512
267 519
317 505
359 511
411 505
467 493
522 475
582 476
651 467
733 467
810 446
900 455
999 419
136 557
169 547
204 538
239 539
271 540
318 521
355 530
407 518
451 527
507 509
560 490
624 491
686 466
752 475
836 473
910 437
998 425
191 547
219 555
249 543
288 535
322 542
359 544
406 533
446 529
493 510
540 503
596 512
651 497
722 502
785 491
852 482
932 482
1009 448
221 564
249 555
283 558
317 565
353 562
393 546
428 554
469 544
519 537
566 520
616 530
670 525
724 497
788 512
857 483
924 480
1009 482
260 559
290 566
322 557
352 549
387 567
425 546
464 549
506 545
550 541
599 537
642 519
697 540
752 522
807 503
883 516
951 502
323 567
383 560
421 552
457 560
493 556
530 541
575 555
617 551
668 541
714 524
768 532
829 532
883 522
952 518
371 568
469 562
505 564
545 562
584 557
623 553
673 551
713 533
772 553
817 537
871 519
939 526
1000 528
503 565
539 567
572 564
616 561
654 558
702 548
744 540
796 546
844 543
900 539
958 534
520 570
668 565
708 567
753 559
801 544
852 563
895 536
956 536
1014 539
