390 227
381 227
373 225
366 227
355 227
346 225
336 225
329 227
318 227
311 227
303 225
294 225
285 226
274 228
267 227
258 227
248 225
238 228
232 228
221 227
213 227
206 227
195 227
187 227
179 225
170 228
161 228
150 227
143 228
134 227
401 224
389 225
381 226
373 224
362 227
354 227
347 228
335 226
326 226
315 228
308 224
297 227
290 224
279 227
271 224
260 226
253 224
242 226
234 228
224 225
214 227
205 226
196 224
186 227
177 227
169 225
159 227
150 226
140 226
130 227
407 226
398 225
391 228
380 224
369 226
360 226
352 226
341 226
333 226
322 226
311 227
301 224
292 225
284 224
274 227
263 227
256 225
245 226
235 226
227 224
216 227
207 226
196 226
186 226
175 225
168 226
157 227
149 226
140 226
128 226
412 223
401 226
392 225
381 225
371 224
361 225
353 223
342 223
331 225
323 226
310 226
301 226
289 226
282 225
270 225
259 223
250 225
240 228
229 224
221 223
211 228
201 226
188 227
180 228
171 223
159 228
149 223
138 228
128 225
120 226
422 224
413 223
402 223
392 225
381 223
371 225
361 225
348 223
338 225
327 225
316 224
308 225
298 226
284 226
275 223
266 225
252 223
241 225
234 223
222 226
213 225
200 223
190 225
181 227
170 225
160 223
148 225
138 227
128 223
114 223
422 224
412 225
400 224
391 227
379 224
368 224
358 226
346 224
335 224
324 225
314 227
300 224
290 225
280 224
268 223
259 223
247 224
235 225
224 223
215 224
203 224
189 227
181 225
166 225
156 222
146 222
133 226
124 222
115 223
103 225
437 224
423 224
409 221
397 225
387 221
378 225
365 221
351 221
341 224
331 225
319 222
305 224
293 224
283 222
269 223
258 224
247 221
237 225
223 221
213 221
201 221
187 224
177 224
166 224
152 224
141 224
128 226
118 224
105 221
95 224
454 224
437 226
427 221
414 221
402 223
387 221
377 223
366 223
353 222
338 225
329 223
315 220
305 224
289 220
277 226
264 222
255 223
240 221
228 223
215 223
203 223
193 224
178 221
168 224
154 221
141 222
132 226
119 223
106 224
91 220
460 222
447 223
436 222
422 225
408 224
394 222
383 220
367 220
354 221
344 225
328 222
317 220
305 225
288 222
276 223
263 223
250 221
237 222
222 223
210 222
196 220
187 222
171 222
159 220
146 222
133 222
119 224
105 220
93 221
81 221
468 219
452 220
440 223
423 222
412 220
399 223
381 219
368 219
355 219
341 220
329 220
316 223
302 222
286 220
274 222
260 222
245 225
230 222
215 222
203 220
187 222
175 222
160 220
149 222
135 220
121 219
106 220
90 222
76 219
64 223
480 221
461 221
449 223
435 222
418 221
401 218
390 222
376 221
362 221
345 224
333 222
319 219
303 219
284 218
274 221
259 219
242 219
228 224
213 222
202 222
186 224
170 222
155 219
140 219
128 219
110 221
97 222
81 219
65 221
54 219
501 220
485 220
469 217
455 223
441 217
424 218
409 220
390 218
375 217
361 221
342 220
328 222
314 220
301 217
280 217
266 221
252 220
235 220
218 220
205 222
189 218
176 217
159 217
145 221
129 220
110 222
95 220
78 218
64 221
51 217
497 219
478 215
464 221
446 221
424 216
409 216
396 215
380 221
357 215
346 219
327 217
313 220
294 219
278 219
259 219
245 219
226 217
213 222
195 221
177 219
161 221
142 217
125 215
114 216
95 216
77 215
60 219
46 216
28 219
510 215
496 221
474 218
460 217
436 215
424 217
402 217
386 214
368 217
348 215
330 221
309 215
291 221
279 218
257 217
241 217
220 217
204 219
189 218
165 214
146 217
133 218
111 214
98 218
77 214
61 214
44 221
26 214
3 217
512 220
486 216
470 216
454 216
433 217
410 212
393 216
375 216
355 218
329 212
315 218
291 218
274 216
254 216
233 218
219 216
194 220
176 217
156 214
137 212
119 218
99 218
81 212
63 212
36 212
24 212
5 218
498 214
471 210
460 218
436 211
409 212
392 214
371 214
352 214
324 216
308 214
282 218
263 216
240 218
217 209
197 214
173 216
151 216
135 215
110 214
86 214
63 209
45 214
28 210
0 211
487 207
472 216
442 207
422 211
401 212
375 214
355 214
326 214
302 212
278 216
254 209
229 206
203 214
183 214
157 212
128 206
111 212
90 212
56 214
42 212
15 211
498 212
475 209
446 209
416 206
399 210
362 209
335 209
315 209
283 209
259 203
231 209
202 209
176 212
146 211
125 209
96 204
68 211
42 203
19 209
476 199
454 207
416 212
383 206
357 205
328 199
303 206
268 207
238 205
204 205
173 205
146 200
111 205
89 205
47 208
18 199
497 202
457 204
415 196
383 200
342 200
310 202
280 202
244 192
205 199
169 203
132 199
92 195
53 199
31 201
481 190
444 196
403 199
361 190
332 198
291 194
248 194
199 193
162 195
122 186
77 195
34 193
499 173
461 189
402 176
353 186
304 184
244 172
200 183
144 195
92 184
33 173
447 157
387 177
336 170
254 164
193 175
129 158
58 171
484 151
405 148
312 148
237 136
147 154
48 152
486 108
324 112
213 85
64 75
