1142 657
1089 682
1045 684
911 677
822 684
1256 670
1210 672
1106 665
1058 678
912 674
1244 668
1135 674
1023 673
973 672
921 669
884 670
1259 658
1142 656
1023 664
969 652
919 662
744 661
973 638
917 650
853 651
735 649
1246 622
1113 644
1047 633
1000 641
919 640
864 624
798 641
1290 629
1149 618
1060 626
921 579
859 627
703 627
1411 600
1323 593
1252 614
1174 615
1083 600
996 605
915 608
686 605
1459 571
1199 598
1126 595
1027 578
955 589
872 591
680 590
1440 566
1240 560
1050 562
767 567
1643 519
1516 527
1278 515
1066 529
603 533
1684 461
1518 457
1233 485
973 460
690 491
546 475
439 463
1574 397
1240 387
1071 387
898 398
754 398
402 390
1748 336
1069 317
897 320
421 292
269 274
1122 125
