366 176
356 177
345 178
336 178
325 177
313 178
305 177
293 176
283 178
272 176
263 178
252 178
242 180
232 176
219 177
210 178
200 178
189 178
180 178
167 180
157 179
146 180
136 179
126 177
115 180
104 180
92 178
83 178
72 181
65 178
370 178
357 179
347 179
336 178
325 177
313 179
304 180
292 180
281 176
268 177
259 178
246 178
236 178
225 178
216 178
202 178
194 179
182 178
172 177
157 177
147 179
139 176
126 179
117 178
106 179
92 178
81 179
72 179
60 178
46 178
378 177
366 178
354 177
341 180
331 175
321 179
309 180
296 179
283 177
271 175
259 180
250 176
238 178
226 177
217 176
203 177
192 176
178 180
169 177
154 176
145 175
133 180
120 175
108 179
97 177
88 175
74 180
66 179
51 175
36 176
388 177
373 179
362 174
349 177
335 177
324 177
310 177
298 179
286 174
274 174
262 177
250 175
237 174
224 177
211 174
198 177
185 177
176 177
160 177
148 177
136 179
125 177
112 175
102 177
90 177
72 178
60 175
50 177
38 175
25 177
394 176
383 176
367 176
353 176
343 177
329 176
316 176
301 177
287 177
277 173
263 176
250 177
234 179
222 175
212 177
199 179
185 175
172 176
160 179
145 174
130 174
116 176
105 176
93 174
79 177
67 173
52 176
42 177
27 174
14 174
403 174
390 175
376 175
364 172
348 177
334 176
322 176
305 175
293 172
276 177
267 178
250 175
235 175
225 176
209 173
196 175
182 174
167 175
154 175
136 172
123 172
109 176
96 175
83 177
69 177
58 178
41 175
25 173
11 173
404 171
386 173
373 174
354 171
345 176
325 171
312 177
300 174
285 173
268 173
253 173
240 171
223 174
206 174
193 171
180 173
162 174
149 175
134 171
116 174
101 172
85 177
76 172
61 172
44 174
27 177
12 174
0 174
423 170
406 173
392 173
373 174
361 173
339 173
326 170
309 175
293 176
275 174
262 173
242 173
226 175
215 172
196 173
182 173
162 175
146 173
130 176
117 171
100 171
83 171
71 174
48 174
35 173
18 170
2 173
431 168
413 174
394 172
379 170
364 172
346 168
326 172
306 168
293 168
270 174
256 168
236 170
222 172
202 172
184 170
167 170
146 172
130 175
115 168
98 172
78 168
62 168
45 172
26 172
9 172
454 167
436 171
417 173
402 168
384 168
363 167
347 170
322 171
309 171
290 171
271 171
249 174
232 170
210 172
189 170
171 167
153 171
134 174
119 171
100 170
76 170
57 170
41 167
23 170
6 171
464 171
440 166
425 171
405 164
386 169
361 165
344 164
318 170
302 169
277 165
257 164
240 171
217 166
198 173
177 169
150 166
135 169
110 164
90 171
73 169
50 164
30 171
11 169
495 167
472 169
447 168
422 169
399 165
381 168
350 167
331 162
311 169
289 167
266 171
240 171
215 167
195 162
170 163
148 163
128 166
102 171
75 166
55 167
35 167
10 169
487 164
459 159
436 161
412 164
382 169
356 159
332 164
303 165
278 165
256 159
234 161
207 161
176 164
152 164
128 167
97 159
74 164
47 164
20 158
492 160
453 161
431 160
401 157
366 161
342 163
303 155
279 161
249 161
221 155
188 161
157 163
130 162
102 162
70 160
40 161
11 158
505 156
471 158
429 150
393 150
360 153
331 151
298 150
263 153
225 157
196 156
163 151
124 156
103 153
62 150
29 163
505 151
476 142
423 146
383 151
352 156
309 150
277 150
234 151
192 158
142 150
111 150
78 144
35 152
511 150
468 140
407 146
355 147
306 137
260 136
208 139
151 141
106 129
61 142
493 129
444 139
368 126
312 125
240 132
164 127
108 134
34 125
443 116
369 120
264 106
173 108
97 108
453 66
351 66
192 25
68 70
