512 215
496 220
510 210
494 212
474 217
505 211
481 218
457 216
448 216
493 211
468 209
451 209
435 215
424 217
511 203
475 206
458 215
436 214
423 214
407 211
399 217
489 199
455 206
437 207
417 216
404 210
394 214
378 212
497 180
453 201
434 195
416 202
403 211
382 211
376 215
364 217
358 212
478 179
449 189
407 193
401 204
372 202
363 202
352 211
344 208
338 215
331 212
478 151
422 180
401 191
368 202
356 193
345 204
335 213
328 209
320 209
320 214
310 217
311 214
452 110
368 158
342 169
329 190
323 201
315 199
308 203
298 202
291 205
295 209
286 209
285 215
287 221
285 60
275 139
264 166
277 174
264 178
261 196
265 194
266 205
261 209
266 214
262 208
258 214
262 216
23 30
149 129
169 150
202 179
202 187
220 204
218 207
219 207
226 208
233 212
233 212
235 214
239 212
37 124
101 146
126 184
161 186
165 190
176 196
195 203
198 213
201 215
205 210
212 214
213 220
218 221
53 172
97 183
119 197
136 202
147 209
161 210
174 209
179 211
186 211
190 213
196 214
3 176
46 174
79 202
106 207
120 198
136 208
141 212
154 213
164 210
169 216
179 221
15 193
53 194
80 196
89 213
118 207
125 212
135 209
143 213
151 213
9 194
37 205
56 206
84 215
96 206
113 214
124 215
131 219
41 201
54 215
74 212
90 214
104 211
108 219
10 207
32 211
49 217
71 210
83 213
13 211
37 218
53 213
71 219
16 214
36 216
14 216
