983 471
951 460
927 468
898 465
871 462
849 462
822 468
785 460
762 465
732 467
995 470
969 470
938 465
910 465
886 465
856 470
825 461
798 459
769 459
745 465
993 464
966 458
929 458
906 466
873 464
843 458
815 458
785 470
751 467
727 467
996 463
965 463
940 463
902 467
868 457
843 467
808 463
778 463
752 465
722 460
1022 459
991 464
950 469
921 463
884 464
851 463
818 459
791 456
762 456
725 463
1023 455
992 462
957 462
913 462
882 469
844 462
817 462
776 462
742 455
710 458
1019 461
987 454
955 465
915 454
887 454
846 461
811 461
779 461
742 454
707 461
1057 460
1014 453
969 457
944 460
901 460
867 460
819 462
791 460
743 453
711 464
1054 461
1023 459
977 459
943 467
897 467
861 451
811 459
777 467
729 462
701 454
1058 454
1015 467
976 458
937 453
887 450
844 458
810 454
755 458
720 458
678 467
1084 459
1036 448
982 466
944 457
895 459
842 461
798 452
751 457
718 452
664 466
1079 455
1031 455
973 449
929 455
880 455
827 455
785 458
737 460
684 455
648 450
1110 443
1063 453
1017 447
968 443
904 456
852 444
809 457
752 444
696 448
649 454
1101 457
1045 452
988 445
939 446
880 463
832 446
779 458
706 452
654 457
605 441
1145 456
1090 443
1009 456
966 444
896 453
832 438
784 456
719 450
657 450
593 452
1192 447
1141 447
1074 439
1010 434
928 454
875 447
801 454
748 454
667 433
616 434
1178 449
1111 431
1051 452
966 435
899 436
841 444
761 459
698 459
604 430
528 429
1241 441
1148 423
1073 440
1008 445
906 440
843 440
757 448
664 448
574 423
501 440
1296 439
1214 444
1133 418
1035 435
948 435
844 436
750 435
671 424
571 454
509 445
1346 428
1244 415
1131 428
1037 439
934 434
825 428
698 427
631 408
504 429
409 429
1523 425
1386 419
1299 430
1153 417
1029 404
913 404
762 419
616 390
537 432
365 418
1557 407
1412 377
1254 389
1144 405
954 408
825 404
628 374
513 414
354 436
208 378
1628 390
1400 409
1217 364
1029 387
871 391
646 406
503 391
311 388
54 385
1518 358
1251 354
997 361
783 309
479 308
223 334
1566 307
1187 229
659 197
258 208
834 52
