280 147
271 148
263 147
256 147
250 147
241 149
235 148
226 147
220 147
212 148
205 148
199 148
192 148
184 149
178 150
171 148
163 148
155 148
148 148
141 149
133 148
126 148
119 147
112 150
105 148
97 150
91 147
83 147
77 147
70 148
289 148
280 147
273 146
265 147
257 147
250 149
242 148
236 148
229 148
221 148
211 149
206 147
196 149
189 148
183 148
174 148
167 146
160 146
151 147
146 149
138 148
129 148
121 148
115 148
107 148
100 148
92 148
83 146
75 149
68 148
294 147
285 148
280 148
269 147
262 146
253 149
245 148
239 149
231 149
221 146
215 148
207 149
198 148
192 148
183 146
174 146
166 148
158 148
150 146
144 148
134 148
128 148
119 148
111 146
104 148
94 147
88 148
78 147
73 146
63 148
294 147
287 147
280 148
271 146
264 145
256 147
247 145
239 148
230 149
220 148
212 145
204 149
197 145
188 147
179 145
170 148
163 145
154 148
146 148
137 146
129 146
121 147
111 147
103 147
97 147
86 145
80 148
70 146
62 149
52 148
303 145
294 148
285 148
278 147
268 147
258 147
249 147
239 145
230 147
224 147
214 147
206 146
198 145
187 148
179 148
170 147
160 147
152 146
142 147
134 146
125 148
117 147
107 147
98 147
89 145
81 147
72 147
63 149
55 145
47 146
315 146
306 144
297 147
285 146
277 145
269 148
256 144
250 146
241 144
230 148
221 147
211 144
203 146
193 146
184 145
175 146
164 148
155 146
147 146
136 147
127 145
117 147
108 146
100 144
89 146
79 146
71 146
60 146
52 146
43 147
324 145
314 145
303 145
291 146
282 144
272 145
263 146
254 147
242 144
234 147
224 146
215 146
202 146
195 147
184 144
175 144
163 148
153 146
145 146
133 146
125 148
114 146
105 148
94 146
85 146
74 145
65 146
53 147
43 146
34 146
338 146
322 143
316 144
305 146
289 143
284 146
270 143
260 145
250 146
239 143
229 145
217 145
206 145
194 142
184 146
173 145
165 143
154 146
142 143
132 145
120 145
109 143
99 143
88 145
80 145
65 145
58 145
47 146
34 144
26 144
335 145
324 142
314 145
300 144
290 145
278 143
268 145
256 143
245 144
233 146
220 144
212 142
198 142
188 144
175 145
165 144
152 145
143 143
129 144
120 144
105 146
97 142
86 143
71 145
61 146
51 145
37 142
29 145
14 145
329 144
315 144
301 143
288 142
279 140
265 141
255 146
240 144
228 142
215 146
204 143
189 143
176 143
164 144
155 144
142 143
127 144
117 146
104 144
89 143
76 143
66 144
52 143
39 143
28 143
17 141
3 144
327 142
311 142
303 145
288 143
270 139
256 140
244 144
231 142
218 142
205 142
191 142
178 143
165 142
153 139
135 141
122 140
112 142
97 139
81 144
71 142
57 143
42 139
27 139
12 142
2 143
332 138
320 141
305 139
295 141
276 141
262 139
246 142
234 142
220 140
206 141
191 138
172 138
160 141
145 141
132 142
116 138
98 138
87 138
69 139
58 138
40 141
30 143
12 138
330 138
313 141
296 143
284 141
263 139
247 139
231 136
215 136
196 141
185 139
165 141
149 140
131 139
115 140
100 139
85 139
63 139
49 140
35 136
15 140
336 137
317 134
300 141
280 133
264 137
244 133
226 138
205 137
190 139
168 138
154 137
132 139
117 137
101 138
81 138
59 135
46 134
22 133
7 138
333 137
315 132
295 137
268 135
251 135
233 132
212 135
188 135
168 132
146 132
130 135
108 135
86 136
60 130
44 135
22 131
6 135
325 128
297 128
280 137
252 133
235 131
205 126
178 127
157 135
139 137
116 133
87 127
61 134
45 127
11 131
337 129
315 125
286 128
256 128
232 128
203 134
171 122
150 128
116 131
94 125
64 131
38 133
9 128
300 114
268 126
234 126
203 122
172 118
137 116
95 129
65 121
27 122
1 129
309 117
275 117
237 108
187 115
141 114
106 115
54 112
24 114
322 103
252 99
196 95
141 101
96 104
35 90
332 52
244 67
159 67
60 37
