655 8
720 29
188 8
348 23
421 48
496 33
560 44
617 76
670 69
721 71
8 45
89 58
167 76
253 83
319 87
387 75
453 93
515 91
574 116
622 122
672 131
722 135
23 107
99 115
172 119
239 129
307 117
370 142
420 147
477 152
534 157
582 163
628 176
672 155
718 179
61 145
132 149
192 173
253 174
313 174
366 195
420 185
475 203
515 183
563 211
605 186
648 188
688 207
730 222
15 174
81 195
135 197
192 210
250 205
299 201
353 199
400 202
447 218
487 208
535 224
570 231
611 230
649 220
681 242
718 243
747 240
12 219
68 223
125 240
180 228
228 223
276 240
325 244
369 252
414 248
455 251
496 247
538 251
571 245
608 240
640 243
676 256
711 262
741 260
39 247
87 249
143 252
189 254
238 256
284 258
322 266
364 254
406 251
447 254
485 267
517 269
555 270
588 278
617 274
653 275
682 282
713 277
742 279
10 276
56 271
106 272
156 267
195 276
237 278
283 291
322 281
361 282
399 272
436 296
468 285
504 287
534 299
569 294
597 293
625 297
655 303
684 283
709 284
738 296
6 288
56 302
103 278
145 298
190 293
228 294
269 307
308 296
341 303
376 288
410 302
444 294
478 291
508 292
541 314
566 305
599 307
625 306
653 310
682 317
703 299
728 309
36 298
75 301
117 313
158 303
198 298
235 312
271 311
306 301
340 313
376 313
408 304
441 320
471 320
500 321
529 307
557 317
583 308
611 328
637 313
663 320
688 329
707 321
736 330
3 326
45 332
85 321
126 311
161 323
198 329
233 319
271 314
305 315
336 331
366 336
399 317
427 317
455 323
486 322
510 328
540 332
564 338
589 339
615 334
640 339
664 335
683 323
708 332
727 324
9 339
51 323
91 324
122 345
160 345
194 336
227 346
261 336
291 332
325 339
354 342
381 340
409 332
440 338
468 343
490 339
517 339
543 341
566 331
591 340
616 344
637 340
660 345
683 349
702 343
723 334
744 342
27 339
64 348
99 336
136 341
169 337
202 347
230 342
260 347
291 356
323 342
350 348
376 339
404 352
432 343
457 357
480 348
504 353
531 345
552 357
576 341
598 349
620 349
640 342
663 342
685 350
705 350
723 343
742 357
33 356
64 356
97 351
129 361
162 361
192 361
224 348
254 357
282 361
311 357
336 365
363 352
389 361
416 349
440 349
466 349
487 361
511 357
532 353
556 350
577 361
598 350
619 353
640 357
660 353
679 354
698 358
715 354
6 356
40 368
72 375
105 374
138 365
165 365
198 360
225 365
250 374
281 374
306 357
331 369
357 367
382 361
408 367
431 357
455 369
480 357
502 360
521 365
543 365
563 365
586 361
606 358
623 368
644 368
665 368
684 368
700 365
15 374
48 374
82 374
111 378
142 374
167 378
196 373
225 365
252 376
276 365
302 373
328 377
353 365
377 373
401 380
423 374
447 365
469 372
488 379
509 372
530 365
551 372
571 365
590 367
610 371
630 378
647 371
666 375
681 371
29 382
59 385
88 386
120 390
149 373
176 385
202 385
226 381
253 384
276 382
303 384
326 380
351 375
375 375
397 372
419 379
441 379
462 372
480 379
503 375
521 371
541 381
561 378
579 378
599 384
617 371
634 371
651 371
668 378
32 389
61 381
86 389
117 393
144 388
168 392
194 380
220 380
243 391
271 382
293 382
316 383
338 382
361 389
383 386
404 385
424 378
445 382
466 378
485 385
506 378
525 384
544 384
561 384
579 390
597 377
616 383
633 384
648 377
11 396
42 388
69 403
94 391
120 395
145 395
172 394
197 394
220 390
243 400
267 393
291 396
312 396
335 388
356 385
378 385
397 391
417 394
437 394
457 384
475 390
494 383
515 396
533 383
549 390
567 389
587 395
602 382
617 382
636 385
28 404
54 403
79 394
102 408
132 397
155 396
178 393
203 402
224 401
250 392
269 398
292 401
315 398
334 397
355 403
376 398
394 390
412 393
433 398
452 392
471 398
488 396
507 391
524 391
541 388
557 397
575 394
590 393
606 390
622 394
29 408
54 400
78 409
103 410
129 406
153 399
177 405
197 408
218 404
241 404
262 407
284 396
305 399
325 402
343 402
365 398
384 403
401 397
422 394
439 400
457 400
473 400
493 396
509 405
527 399
541 398
557 398
575 401
591 397
605 397
41 409
63 412
88 412
113 405
134 404
156 412
178 410
202 413
224 409
245 409
265 408
286 411
303 411
323 403
344 407
363 400
381 400
400 409
417 405
436 405
452 404
468 398
487 404
502 400
518 400
535 408
551 403
566 408
580 396
595 398
40 418
63 417
89 412
111 416
133 412
156 415
177 415
197 408
218 413
238 416
257 413
279 406
296 406
317 405
334 414
353 416
371 407
390 407
407 404
424 409
440 403
456 414
473 413
490 402
505 402
522 412
537 406
551 401
567 406
582 400
51 422
72 421
94 414
139 417
160 421
219 412
238 419
260 411
278 419
297 417
315 419
332 412
351 420
369 414
386 411
402 414
421 419
436 414
452 412
468 412
484 412
498 406
513 405
529 410
543 412
559 412
573 404
221 419
239 422
258 421
276 421
295 417
314 420
331 419
347 413
364 420
382 412
400 418
415 412
430 419
445 411
461 416
479 418
493 417
506 416
522 409
536 415
549 411
563 413
220 420
276 419
361 422
379 422
394 421
425 415
441 420
456 421
472 414
501 418
516 418
529 418
544 414
557 417
289 422
306 422
339 421
370 420
402 419
448 420
476 419
491 422
518 416
532 420
546 415
525 421
504 422
531 421
