1222 680
1118 687
1037 681
895 680
798 686
1214 679
1112 679
1066 674
911 680
876 674
822 669
772 676
1129 660
1027 635
967 663
911 669
872 659
807 635
763 667
1274 660
1222 649
1056 659
1001 647
945 659
892 659
1286 632
1219 640
1158 634
1021 650
900 644
786 653
715 644
1351 639
1274 599
1206 638
1079 628
874 634
795 597
1369 618
1308 622
1077 621
762 625
1426 583
1340 601
1248 586
851 597
1443 560
1156 569
1081 568
977 562
895 571
689 566
1296 545
1181 558
1099 532
870 525
531 532
1623 505
1392 505
1256 499
1113 480
1005 499
883 515
747 474
620 492
467 507
1776 439
1495 411
1020 394
862 417
534 414
411 427
1396 321
1054 355
849 365
674 347
441 307
282 259
1872 229
1677 199
1141 219
875 215
