65 63
176 70
288 59
451 77
569 67
68 152
206 158
284 162
383 136
489 171
588 155
4 186
72 188
139 198
235 207
291 204
372 183
445 193
535 185
612 200
61 230
103 229
168 235
234 218
292 216
349 229
420 232
475 231
541 231
603 230
660 231
18 249
60 249
114 249
157 253
222 239
268 248
316 250
372 243
413 254
470 239
516 249
567 254
609 249
659 252
16 262
44 262
95 253
136 253
190 253
228 257
271 253
316 262
346 257
393 266
436 262
483 262
529 262
558 262
603 254
650 265
11 265
34 272
85 268
111 276
151 272
191 268
223 272
262 272
296 272
333 272
364 274
402 272
441 274
485 267
521 268
561 272
589 272
622 272
19 276
44 276
74 280
109 283
140 283
175 276
201 283
241 287
267 283
305 280
339 276
366 273
395 273
431 280
467 276
497 280
533 283
568 280
595 283
19 280
45 287
70 280
100 280
131 286
171 286
199 286
222 286
253 288
288 286
316 286
340 283
372 280
400 286
430 286
461 280
490 286
530 287
549 289
579 292
14 291
42 294
68 291
97 291
121 291
152 287
182 294
200 294
227 291
258 291
282 291
307 285
340 288
364 291
391 296
420 291
442 285
471 292
494 292
527 293
553 287
13 301
40 290
68 295
85 297
119 295
140 295
166 290
193 290
214 298
243 295
270 295
291 295
315 298
343 295
364 298
390 300
419 295
444 293
469 290
493 298
518 290
535 292
8 299
30 301
56 294
77 297
103 302
128 301
145 299
173 304
196 294
217 296
238 300
262 296
290 299
309 299
334 299
358 299
382 296
402 294
425 299
453 299
475 299
495 294
523 299
0 299
14 300
40 298
59 302
83 298
103 305
124 302
146 304
164 302
191 302
213 298
238 303
259 303
281 303
300 302
323 305
341 298
370 298
389 300
411 303
428 302
453 304
474 298
494 302
522 298
1 310
30 305
46 307
70 305
85 307
105 305
131 307
151 303
174 302
195 305
216 302
234 303
252 310
277 305
297 307
313 306
338 303
360 305
378 305
401 301
421 301
441 307
457 305
477 305
500 302
11 304
21 304
48 309
60 306
83 304
100 309
121 304
138 310
161 305
184 308
201 310
221 303
240 303
260 303
279 305
298 312
318 308
334 312
354 310
374 312
395 309
415 304
429 308
453 304
472 308
490 305
8 310
20 310
48 310
64 312
84 310
95 310
116 312
140 306
153 306
173 306
188 308
207 311
230 310
244 306
267 314
284 312
299 308
318 312
340 306
354 310
378 306
391 310
413 311
427 310
446 311
466 310
486 306
18 315
33 310
49 312
66 314
89 313
99 308
118 312
140 315
156 312
172 308
186 312
207 313
223 314
239 312
259 313
276 312
289 312
311 313
327 316
341 313
362 308
378 312
394 312
414 312
427 308
447 308
465 312
483 310
16 315
29 310
47 315
63 310
78 317
94 310
112 315
126 314
142 313
162 314
179 310
189 314
210 310
229 312
244 311
257 313
274 313
290 315
309 313
326 313
340 315
355 310
370 313
389 313
405 314
423 314
438 310
452 315
472 315
22 315
38 316
52 315
72 315
82 318
99 311
117 313
129 315
143 317
161 315
173 315
192 315
205 312
222 312
240 316
252 311
269 317
284 315
301 318
313 312
332 317
345 317
364 313
377 311
395 315
410 316
423 311
437 318
453 313
468 312
30 313
47 318
60 315
79 314
92 318
103 316
119 315
137 313
151 313
163 318
178 316
191 318
209 317
226 316
238 316
253 319
268 316
281 313
297 318
309 316
328 313
339 313
353 313
369 313
385 316
402 316
416 318
428 317
443 317
458 318
46 321
61 315
77 315
91 318
103 318
116 321
130 318
147 315
162 316
172 321
189 318
202 316
219 314
230 321
245 318
261 318
273 320
290 317
301 315
315 314
331 315
345 318
356 317
371 319
388 318
403 319
415 319
429 314
444 319
460 318
64 316
75 315
88 318
104 317
112 319
129 321
142 321
156 321
170 321
181 321
194 319
209 319
222 316
237 316
249 316
262 319
273 318
291 317
303 316
316 315
332 319
343 317
356 316
368 320
382 318
394 318
407 319
422 318
434 315
448 319
75 321
88 320
104 319
113 318
129 321
139 320
154 322
164 321
178 319
188 318
202 320
215 320
228 317
244 318
257 317
270 319
283 321
293 320
306 317
319 317
333 320
343 319
359 321
369 318
384 317
398 321
410 319
419 319
435 317
446 320
81 322
95 320
108 318
120 319
133 323
145 322
158 318
169 321
183 319
195 318
206 321
218 318
232 320
243 321
254 319
267 320
280 321
292 321
306 318
319 319
331 319
341 318
353 321
367 318
380 318
390 323
404 320
416 320
426 320
441 321
93 322
106 323
117 320
130 322
142 323
152 321
164 321
178 323
190 320
201 321
213 322
225 321
237 321
248 321
258 319
272 321
284 321
295 321
306 322
318 322
331 322
342 321
352 321
368 321
378 321
390 320
400 320
413 319
423 322
436 321
107 322
116 323
130 322
139 322
150 323
165 322
175 324
186 320
197 320
209 322
222 322
231 322
243 322
254 323
267 322
276 325
289 323
301 322
313 320
321 320
333 324
345 319
358 323
368 320
379 322
391 323
403 323
413 321
426 322
434 323
108 323
115 323
129 323
138 322
151 324
162 324
173 323
182 324
195 323
204 324
217 323
225 325
236 321
247 325
261 323
270 323
281 323
292 321
305 323
313 323
325 321
337 321
348 324
357 323
372 323
380 323
394 324
401 323
414 321
423 320
120 325
133 321
142 324
154 325
164 324
173 324
183 326
197 324
204 326
215 322
228 324
237 321
250 324
259 324
270 324
279 325
291 324
301 324
314 324
324 324
333 322
345 322
356 324
366 324
375 322
385 322
398 324
407 322
418 322
428 326
124 325
136 325
145 327
155 324
164 325
176 325
187 323
196 325
206 325
218 322
228 326
239 323
250 323
259 322
271 322
278 327
290 325
300 322
310 325
319 324
332 323
343 325
352 325
363 325
371 325
383 327
391 324
404 325
414 323
425 322
125 324
135 325
149 324
158 328
166 326
176 326
189 325
198 325
208 327
220 325
228 326
239 323
247 327
256 328
266 328
278 326
287 325
298 328
307 324
317 325
329 323
337 326
349 323
358 325
368 326
377 325
388 327
398 323
410 325
420 325
138 326
150 326
162 326
167 326
180 326
188 328
199 326
206 327
219 325
227 327
239 326
247 326
256 327
268 326
274 327
285 324
294 325
305 328
315 327
325 327
333 327
344 327
354 326
365 324
373 326
385 325
392 324
401 326
411 324
421 325
136 327
148 326
157 325
167 327
176 327
186 328
195 327
203 327
213 325
223 327
231 328
241 325
251 327
261 329
271 328
280 329
290 328
297 326
309 328
319 325
326 327
338 327
347 328
354 327
366 328
374 327
385 327
394 327
403 327
412 327
149 327
161 326
168 327
179 328
188 328
196 327
204 327
216 326
223 326
232 325
244 327
251 328
260 325
270 330
279 327
288 328
297 327
307 328
317 326
326 327
333 327
344 327
353 327
361 327
370 327
381 325
389 328
399 326
408 325
418 329
151 328
161 328
168 328
177 328
188 327
195 328
204 328
213 328
223 326
231 329
241 326
250 328
259 329
269 329
275 329
286 326
296 328
304 330
313 328
322 328
328 328
339 329
348 328
358 328
366 328
374 328
385 328
394 326
402 328
412 326
156 329
163 326
173 328
183 329
189 329
201 328
208 329
216 328
227 329
235 328
244 330
250 328
259 328
270 328
278 329
286 327
294 328
303 328
312 328
320 328
330 330
337 326
347 327
354 328
364 328
374 328
382 329
391 329
398 327
407 327
167 328
173 327
183 328
191 327
198 329
207 327
215 328
223 328
234 328
240 327
250 328
259 327
266 326
276 329
285 329
292 329
299 328
309 330
318 329
327 330
334 330
341 329
351 328
359 328
367 330
375 329
385 328
392 328
401 328
410 327
171 329
177 329
187 330
193 329
204 328
212 329
218 329
227 331
236 328
242 330
252 328
260 327
270 329
278 329
284 330
294 327
301 329
308 329
317 329
326 328
333 327
343 329
350 329
360 328
367 329
376 329
382 328
391 328
401 329
407 329
174 329
182 330
190 329
197 330
206 328
212 330
221 330
229 330
236 329
247 328
254 330
261 327
269 331
277 327
286 329
292 329
301 329
309 329
316 328
324 329
333 331
341 327
349 327
357 330
365 329
374 330
382 331
389 329
398 328
406 328
178 329
186 328
196 330
202 330
209 329
217 328
225 328
233 329
241 330
248 330
256 330
265 331
272 328
279 329
288 328
296 328
302 330
312 330
317 329
326 328
335 329
343 328
350 330
358 331
365 330
373 330
382 329
388 329
396 328
403 330
