187 85
495 183
782 248
213 292
458 279
653 278
832 355
965 329
194 338
368 321
526 318
670 372
808 351
929 347
35 381
217 372
361 381
490 386
617 398
706 382
821 429
914 407
998 388
109 364
246 400
369 417
481 409
575 387
676 394
771 421
856 423
941 431
1003 430
9 393
131 386
232 440
338 431
445 434
531 404
628 429
708 439
785 435
858 457
925 441
990 432
44 402
154 429
240 435
333 441
426 457
499 440
587 431
662 463
727 465
803 466
850 440
928 469
972 459
75 438
166 450
249 451
343 433
418 456
489 431
561 434
630 436
689 454
751 456
812 457
865 467
920 461
977 447
21 445
109 447
186 449
263 451
346 453
405 455
479 441
538 458
606 475
659 447
723 462
771 464
829 459
877 467
921 468
967 456
25 453
104 455
176 464
256 449
320 445
381 469
446 462
507 471
565 473
617 467
675 468
722 473
775 483
820 464
873 478
908 476
50 467
123 462
189 448
253 479
320 459
378 453
433 475
485 469
539 457
590 471
646 472
696 473
741 474
789 475
825 488
875 489
13 472
76 470
146 467
208 460
261 469
321 470
379 472
433 460
480 476
532 475
580 479
628 470
673 478
713 478
759 485
802 473
844 484
41 470
102 471
168 472
221 477
277 480
328 463
380 470
430 465
473 489
525 482
568 469
611 484
653 486
697 493
735 482
777 488
810 484
56 474
106 479
167 479
216 466
268 490
318 472
367 485
416 481
454 492
503 482
546 472
586 484
624 489
667 480
706 475
743 486
776 477
22 481
80 472
132 479
185 469
226 481
274 492
323 472
367 473
412 484
455 479
492 485
535 480
576 487
610 487
646 491
685 490
722 483
754 489
40 475
93 472
140 476
187 486
231 495
281 475
322 480
364 486
402 487
445 490
483 479
524 488
559 491
598 494
628 485
666 495
697 482
729 500
8 494
58 474
102 485
145 490
193 476
233 489
277 497
320 488
359 489
396 480
435 484
473 495
511 486
544 496
580 483
612 487
645 492
680 493
707 494
