847 3
926 16
60 50
183 73
309 61
438 69
559 103
666 115
772 111
827 113
917 153
995 157
54 128
200 127
277 151
388 140
497 175
569 166
648 208
757 212
809 207
875 218
956 220
1016 216
86 200
179 216
288 207
354 222
441 243
530 225
588 247
672 233
720 260
792 275
856 257
902 255
954 274
1003 280
5 248
89 261
167 282
260 264
316 259
402 287
458 286
544 286
591 276
654 305
716 303
756 294
821 311
873 309
925 309
961 321
61 301
114 298
203 316
261 312
335 311
395 322
458 307
517 322
561 318
629 328
684 327
717 335
779 338
816 333
861 338
894 330
957 350
989 344
53 320
117 334
191 334
244 345
317 339
374 342
425 338
479 353
527 336
592 342
626 343
675 344
718 352
769 355
808 354
842 354
889 361
935 362
975 363
993 375
37 342
86 359
140 360
190 357
256 359
311 352
355 362
416 354
459 368
513 367
557 374
592 369
641 380
678 365
720 373
756 377
805 368
834 371
874 385
915 384
944 381
972 384
1014 384
1 373
66 366
118 376
173 378
228 374
265 388
321 381
368 383
402 383
453 393
491 394
528 382
572 390
622 389
659 385
692 396
723 384
764 393
798 396
818 392
863 397
899 396
917 402
949 394
991 394
1015 400
16 390
74 386
108 382
154 397
218 399
264 400
309 388
345 402
387 402
431 399
463 400
514 393
548 398
577 395
619 407
650 404
686 401
729 405
761 406
788 400
816 404
842 409
878 404
903 414
930 406
965 410
992 408
15 410
66 415
113 407
150 407
195 412
243 402
290 411
330 411
370 411
408 404
434 405
477 414
517 414
551 415
588 418
619 408
644 420
678 412
715 421
740 418
765 412
802 422
834 423
849 420
882 427
905 415
932 425
957 422
982 417
18 418
43 427
89 423
133 420
170 420
221 421
260 422
290 424
336 423
359 430
396 425
437 424
469 417
507 427
540 419
566 419
596 426
634 427
664 433
689 427
723 424
749 430
773 431
805 432
827 430
844 424
876 427
897 431
926 431
949 433
52 423
79 432
117 423
155 427
197 438
226 433
271 425
302 428
339 426
364 433
404 430
431 441
469 441
496 435
521 438
551 435
589 437
609 436
644 430
673 436
699 433
722 437
745 432
771 438
789 432
818 433
845 441
872 439
887 439
913 439
79 435
113 443
151 440
179 434
215 437
246 437
280 448
317 438
347 441
373 438
408 439
442 439
470 445
498 449
527 443
546 449
579 450
605 438
627 447
659 441
683 450
703 442
731 448
758 445
780 446
803 451
825 451
844 440
872 446
890 446
108 448
147 444
175 448
207 442
246 452
279 449
306 452
334 451
362 449
396 450
417 452
448 447
477 444
505 450
530 444
553 453
584 448
602 453
633 451
660 456
682 451
701 448
729 448
746 457
776 448
789 453
811 454
835 454
856 449
876 450
113 455
146 449
176 452
217 455
241 450
271 450
306 450
335 456
362 453
388 456
413 457
440 459
465 451
493 462
515 456
544 451
570 457
588 452
614 454
634 457
658 460
679 460
710 457
726 455
745 460
767 458
794 457
807 455
835 458
850 455
137 458
166 458
196 462
222 467
259 463
287 456
314 464
334 465
365 462
390 463
414 465
442 467
469 465
490 459
514 463
537 463
560 465
580 457
604 463
623 457
654 462
670 460
696 462
715 464
733 458
754 463
776 463
796 463
814 464
835 463
145 467
175 462
206 470
234 462
255 468
283 462
305 470
332 470
362 467
386 462
414 467
436 470
457 465
482 465
502 465
524 472
549 470
567 463
595 467
619 469
635 465
657 465
677 463
700 470
720 465
739 470
759 470
771 465
797 467
810 465
163 475
190 469
217 472
246 472
262 472
291 477
315 477
342 472
360 473
385 472
412 472
436 467
454 469
482 472
499 472
526 472
547 472
566 467
586 472
603 467
625 474
645 474
663 472
683 469
705 476
723 467
742 473
764 472
777 476
799 473
179 478
206 475
233 477
255 477
276 474
299 474
326 472
349 479
373 477
394 472
415 472
439 474
459 481
481 476
498 472
524 472
542 477
563 477
578 474
601 473
621 476
637 472
660 477
678 476
692 476
714 476
727 471
746 476
763 475
785 475
180 486
203 477
230 482
250 481
275 479
294 481
317 485
340 479
361 481
381 481
406 476
424 481
447 476
466 478
484 480
509 476
525 480
548 477
564 480
586 482
605 480
622 482
640 482
655 481
673 477
695 481
711 479
728 480
747 479
756 481
189 488
212 485
232 488
263 487
282 482
304 489
323 485
343 485
363 484
385 482
410 482
431 480
445 484
469 485
488 480
508 480
522 484
546 481
564 484
580 483
602 485
615 485
632 483
647 481
668 483
682 483
701 485
718 482
736 486
748 482
200 490
222 486
240 489
267 489
286 484
310 488
324 488
349 490
371 484
386 484
409 488
425 488
445 488
463 487
480 491
502 489
519 485
539 487
557 491
571 487
590 491
606 488
627 490
641 482
656 487
677 486
692 482
706 482
723 483
738 485
216 488
239 490
259 496
280 492
302 489
322 492
339 491
360 489
378 491
394 491
419 487
432 491
452 491
470 490
486 494
509 490
526 490
540 494
562 486
578 486
590 490
609 487
628 486
643 485
656 485
672 485
689 492
709 492
720 492
735 489
215 491
235 496
258 499
272 497
294 496
311 495
335 494
349 490
369 490
387 490
408 496
424 490
441 494
461 490
479 490
492 493
511 493
530 495
547 493
562 494
579 492
594 496
610 490
627 490
644 492
655 490
670 492
686 491
702 493
716 491
229 494
242 502
265 502
286 498
304 497
323 497
340 497
353 497
373 493
393 500
412 497
428 498
445 492
460 492
481 496
493 496
510 497
525 492
543 499
559 495
575 495
593 498
606 495
620 495
636 491
652 494
663 496
680 495
692 494
709 494
242 501
256 501
278 496
294 504
312 500
326 500
345 501
363 499
383 500
398 497
415 499
430 497
447 498
465 502
481 498
494 498
513 498
527 499
544 497
559 494
574 495
588 497
603 493
620 498
634 495
644 497
660 498
672 496
687 493
703 496
236 503
254 501
272 504
290 504
305 506
323 502
339 502
356 502
377 498
389 503
409 503
426 501
441 498
454 501
472 498
488 502
499 498
517 498
532 502
547 501
564 498
579 499
590 503
606 501
617 500
634 497
646 495
663 499
675 497
685 495
252 505
266 507
289 506
305 503
319 501
335 506
353 505
370 506
387 505
402 504
416 503
434 501
445 506
463 505
478 504
491 503
505 500
524 500
535 499
552 502
563 505
580 502
593 498
606 501
622 504
635 502
646 501
659 500
673 498
686 500
