226 118
219 119
213 118
207 118
203 118
195 120
191 119
184 118
179 118
173 119
167 119
162 119
157 119
151 120
146 120
140 119
134 119
128 119
122 119
117 120
110 119
105 119
100 118
94 120
88 119
82 120
77 118
71 118
66 118
61 119
231 119
224 118
219 118
213 118
207 118
201 120
194 119
190 119
184 119
178 119
171 119
167 118
159 119
153 119
148 119
141 119
136 118
130 118
124 118
119 119
113 119
106 119
100 119
95 119
89 119
84 119
77 119
70 118
64 120
59 119
233 118
226 118
221 119
214 118
208 117
201 120
195 119
191 120
184 120
177 117
172 119
166 120
159 119
154 119
147 117
140 117
134 119
128 119
121 118
117 119
110 119
105 119
97 118
91 117
86 119
78 118
74 119
66 118
62 117
54 119
231 118
225 118
220 119
213 118
207 117
201 118
195 117
189 119
182 120
174 119
168 117
161 120
156 117
149 118
142 117
136 119
130 117
123 119
117 119
110 117
104 117
98 118
90 118
84 118
79 118
72 117
66 119
58 117
53 120
45 119
235 117
228 119
221 119
215 118
208 118
201 118
195 118
187 117
180 118
175 118
167 118
161 117
155 117
146 119
140 119
134 118
127 118
121 117
113 118
107 117
100 119
94 118
86 118
80 118
72 117
67 118
60 118
53 119
47 117
41 117
241 118
234 116
227 118
218 118
213 117
206 119
197 116
192 118
185 116
177 119
170 118
163 116
157 118
149 118
143 117
136 118
128 119
121 118
115 118
107 118
100 117
92 118
86 118
80 116
72 118
64 118
59 118
50 118
44 118
38 118
244 117
236 117
229 117
220 118
214 116
206 117
200 117
192 118
184 116
177 118
171 118
164 117
154 117
149 118
141 117
134 117
125 119
118 118
112 117
103 118
98 119
89 118
83 119
74 117
67 118
59 117
53 118
44 118
37 117
31 117
249 118
240 115
234 116
226 118
216 115
210 118
202 115
193 117
186 118
178 115
171 117
163 117
155 117
145 115
138 118
130 117
124 115
117 118
108 115
101 117
92 117
84 115
76 116
69 117
63 117
52 117
47 117
39 118
30 116
23 116
253 117
244 117
236 115
229 117
220 117
211 117
203 116
196 117
188 116
180 117
170 118
162 117
156 115
147 115
139 117
130 117
122 117
113 117
107 116
97 117
90 117
80 118
74 115
66 116
55 117
48 118
41 117
31 115
25 117
15 117
260 116
251 117
244 116
233 117
224 117
215 116
206 115
199 114
190 115
182 118
172 117
163 115
154 118
147 116
136 116
127 116
119 117
112 117
104 116
93 117
86 118
78 117
66 116
57 116
51 117
41 116
31 116
24 116
16 115
7 117
263 117
255 114
246 116
237 116
227 116
217 116
210 117
201 117
189 114
180 115
171 117
163 116
154 116
144 116
135 116
126 116
117 116
108 114
97 115
88 114
80 116
71 114
60 117
53 116
44 116
32 114
23 114
13 116
6 117
267 113
256 115
247 116
237 115
226 113
218 115
207 114
200 115
188 115
179 114
168 116
160 116
151 114
141 115
131 113
119 113
111 115
101 115
92 116
82 113
69 113
62 113
50 114
42 113
31 115
24 116
11 113
0 117
278 115
269 114
260 113
250 114
236 114
227 116
217 113
206 115
194 117
186 115
173 114
162 114
153 112
143 112
130 115
123 114
110 115
100 115
88 114
78 115
68 114
58 114
44 114
35 115
26 112
14 115
3 113
279 113
269 114
256 111
247 114
236 115
222 114
213 114
201 111
188 116
177 111
168 114
155 111
145 114
130 114
121 115
108 114
99 114
86 114
76 114
67 114
54 114
40 112
32 111
17 111
8 114
298 114
289 113
275 110
261 111
249 114
240 113
226 113
212 110
201 114
189 111
177 114
163 113
151 113
141 111
129 113
115 113
102 111
89 111
80 113
67 113
54 113
38 110
29 113
16 110
7 113
306 114
294 112
280 109
265 112
253 112
238 112
225 113
211 112
199 110
185 110
172 109
160 114
145 112
133 112
117 109
103 109
91 113
80 114
68 112
51 109
37 113
28 109
9 112
314 107
301 108
284 112
266 109
252 108
241 112
224 109
211 111
195 111
181 111
167 109
152 110
137 111
125 111
109 114
92 108
81 110
64 112
52 109
36 112
22 113
7 111
324 110
307 106
290 111
276 106
260 109
241 106
229 109
212 109
195 110
180 109
164 109
144 106
130 111
114 111
99 109
85 107
68 106
48 112
33 109
15 109
3 112
335 103
313 104
295 107
277 107
261 105
244 108
225 107
208 105
188 108
170 107
154 108
135 108
117 109
101 105
79 108
61 107
47 108
24 107
11 107
337 105
314 101
299 103
276 107
258 101
236 105
212 105
194 103
172 103
153 107
131 103
112 107
90 105
72 103
52 105
36 107
12 102
325 99
307 106
278 104
251 96
226 99
208 99
183 106
154 104
133 97
106 102
84 99
63 102
38 104
13 96
315 94
282 98
254 92
222 104
201 98
173 99
145 95
108 92
87 95
57 92
28 99
6 98
334 90
283 84
257 90
221 92
177 90
143 90
111 91
73 85
41 83
328 76
298 68
234 73
199 85
151 81
96 78
56 69
5 79
282 47
200 51
140 56
74 55
310 3
176 18
