716 352
701 350
674 357
660 354
637 356
612 354
592 354
576 352
554 357
531 350
511 354
494 355
470 352
447 358
429 350
408 352
387 354
369 357
347 358
326 354
303 355
282 350
263 352
240 352
222 354
203 354
177 355
154 356
139 352
113 356
726 353
710 353
686 349
663 353
641 353
616 353
598 353
571 353
555 353
530 353
511 349
488 351
465 355
443 349
419 356
399 351
380 356
357 353
338 356
307 353
290 353
264 353
245 351
222 349
206 353
178 358
160 358
137 356
113 355
92 355
756 354
730 349
708 352
683 349
665 349
635 352
611 347
587 353
570 352
547 354
520 353
501 352
475 349
451 354
426 354
403 357
380 357
362 354
333 352
314 354
288 352
263 349
242 352
216 354
197 352
172 347
149 357
123 352
109 348
81 352
759 353
737 351
714 356
693 348
662 348
643 351
616 351
591 351
570 346
539 346
520 346
494 356
468 353
443 353
423 348
395 351
373 346
343 353
321 346
300 352
269 346
251 346
227 351
201 351
179 346
151 356
124 348
104 352
77 348
58 353
782 352
756 355
730 350
708 344
675 350
654 349
624 345
599 350
580 350
553 350
525 352
499 350
469 350
443 344
424 344
392 346
374 352
343 349
323 345
288 349
262 349
236 355
212 346
190 346
158 347
140 344
114 350
82 352
56 349
30 347
779 354
748 348
724 345
700 351
674 343
645 348
620 350
589 349
558 345
531 345
503 345
484 348
452 343
423 342
395 350
365 348
342 345
317 354
287 343
261 345
233 348
206 343
175 342
154 348
130 350
98 343
68 348
45 351
11 351
812 341
775 347
748 347
719 343
689 347
661 341
628 353
605 343
572 347
550 341
522 341
492 347
463 352
427 347
405 349
375 349
347 347
317 350
288 341
250 346
227 341
203 350
170 352
141 347
119 347
80 341
56 347
31 353
1 341
814 345
783 339
759 345
725 348
697 345
661 348
638 345
603 345
572 345
541 345
514 348
475 348
450 351
424 351
385 345
362 339
329 351
297 345
271 342
235 345
203 341
181 345
135 346
110 339
76 345
47 345
25 345
842 349
812 344
775 346
739 340
712 344
672 346
645 346
604 339
576 343
542 344
507 339
473 343
446 339
407 343
378 343
350 346
318 339
281 343
248 343
210 342
181 339
151 337
116 345
72 349
53 336
12 343
860 341
829 340
790 337
758 344
719 340
682 344
651 344
618 348
574 342
546 344
506 344
474 340
438 334
406 340
360 340
331 341
292 348
261 344
225 348
195 341
153 344
122 348
82 333
44 341
9 336
919 337
877 337
832 345
798 337
755 329
719 337
678 341
637 345
597 339
561 329
529 329
487 337
452 339
401 338
371 332
330 341
288 339
245 332
202 329
181 337
135 339
90 341
54 341
19 329
944 335
899 333
849 324
808 324
768 342
721 335
688 328
642 342
592 333
557 338
506 337
463 333
423 328
382 334
332 334
292 338
243 333
198 333
156 324
110 342
75 336
38 329
993 319
962 318
899 328
845 338
808 323
758 329
705 319
649 328
603 329
553 328
504 318
462 324
415 328
375 322
315 319
267 331
230 323
174 333
121 322
69 338
30 338
979 323
928 324
864 311
808 323
766 327
703 311
649 323
587 312
542 317
486 323
433 328
381 312
327 326
265 316
205 310
158 318
95 322
42 321
998 317
922 321
855 302
796 308
722 308
672 315
613 321
551 321
481 317
412 301
353 315
297 308
232 302
153 321
90 301
18 314
979 305
895 298
820 305
747 306
673 290
610 313
528 309
466 306
397 312
308 308
247 291
163 313
83 311
35 314
982 310
874 293
803 293
694 275
620 293
525 298
440 292
351 292
261 280
200 310
65 297
14 284
977 294
867 275
746 292
651 258
548 284
436 271
326 285
226 281
111 272
902 228
770 223
625 217
505 264
352 241
186 217
60 228
823 176
597 193
408 185
228 204
32 156
730 30
250 63
