317 134
312 131
303 133
297 132
290 134
282 133
275 133
267 133
260 133
255 131
247 133
241 132
233 131
225 132
219 133
212 133
206 133
199 132
191 132
184 133
178 134
171 131
164 133
157 131
148 134
141 131
134 133
127 133
121 133
114 131
322 133
315 132
307 131
300 131
292 132
285 133
278 132
271 133
262 132
254 132
248 132
240 133
232 131
226 132
218 133
212 132
203 132
196 132
190 132
180 131
174 133
167 134
161 132
152 132
146 133
137 132
131 131
124 133
116 134
108 132
333 132
322 130
316 132
309 133
300 132
290 132
283 134
276 130
270 133
260 133
252 130
246 132
237 131
230 131
221 132
213 131
205 131
198 132
191 134
183 134
174 133
166 132
160 132
151 134
144 130
137 132
130 134
121 131
113 131
105 133
332 130
326 132
316 132
306 132
300 131
292 132
283 132
275 132
268 132
258 131
252 132
243 131
234 132
227 132
219 132
208 132
201 132
193 132
185 132
179 132
170 131
160 130
152 130
144 132
136 132
129 132
119 132
110 132
102 132
334 131
329 129
319 133
310 130
300 131
292 132
286 132
277 131
266 131
258 133
250 130
241 133
231 132
225 131
215 133
205 130
196 131
189 132
181 130
172 133
164 131
153 133
145 129
137 132
128 131
120 133
109 133
103 131
337 131
325 131
316 130
307 129
299 131
288 131
281 132
271 129
261 132
252 131
244 131
233 131
223 131
214 132
205 132
197 129
188 131
179 129
168 131
160 131
149 129
141 131
132 130
121 131
114 129
103 132
96 131
332 128
325 129
312 130
305 131
295 131
285 130
275 131
267 130
255 130
247 132
235 130
226 128
214 130
207 132
196 131
186 130
176 130
167 128
156 132
147 130
136 131
126 130
119 130
108 132
97 128
85 130
331 129
323 127
307 130
297 129
286 128
278 128
266 129
256 129
247 128
236 129
225 130
215 128
202 130
192 132
184 127
172 127
160 130
152 129
142 129
129 130
118 128
107 130
97 131
86 129
332 127
318 126
305 126
295 126
285 129
274 128
263 126
250 129
237 127
228 129
214 129
206 126
192 130
180 130
172 130
159 130
149 129
136 129
123 131
113 128
104 129
90 129
80 126
328 128
319 130
307 127
291 128
283 126
268 126
256 127
245 127
232 127
219 125
208 128
196 128
183 125
171 125
159 126
146 127
134 129
119 128
109 127
94 130
81 129
68 125
336 127
322 129
310 128
297 125
279 124
273 126
254 129
240 127
227 128
214 129
203 124
187 124
176 126
161 128
150 125
133 128
121 126
106 127
92 124
79 128
70 124
53 124
325 123
314 125
299 125
285 125
268 126
256 127
242 128
222 125
208 125
193 128
178 127
163 125
152 125
132 125
121 125
105 125
91 125
73 125
59 125
44 125
326 120
309 127
295 120
276 121
259 124
241 125
225 123
208 123
196 127
176 120
158 123
144 124
128 120
110 122
95 123
73 123
59 127
47 125
24 120
331 123
315 121
299 121
276 117
256 120
238 119
223 122
202 125
181 125
163 123
144 122
123 121
110 125
87 125
67 117
53 119
27 122
12 119
317 120
293 120
274 113
254 118
226 118
204 113
181 118
157 116
136 116
112 118
90 118
68 118
45 122
21 113
3 118
325 112
297 109
279 116
251 119
220 113
197 108
172 110
146 108
117 116
88 115
67 119
38 115
17 115
311 112
285 111
253 109
213 101
186 109
150 104
121 110
86 108
64 102
33 109
337 104
297 100
261 101
215 93
173 94
132 93
89 96
56 92
13 95
295 76
233 83
171 70
101 86
36 92
248 36
142 40
38 49
