338 144
329 141
329 142
314 144
332 138
319 138
309 141
296 146
327 138
314 139
300 141
290 139
281 144
321 136
306 138
296 140
287 138
277 142
269 144
333 131
317 134
301 132
285 138
277 143
266 138
258 139
251 144
309 125
290 128
278 131
267 138
258 139
252 141
244 140
239 140
317 121
291 128
274 131
257 136
248 133
238 139
233 140
229 141
226 144
221 145
298 103
273 119
258 128
244 126
234 129
226 132
223 138
217 136
213 142
208 142
206 143
310 59
266 96
236 120
224 112
216 121
209 126
204 134
199 132
196 138
193 140
193 144
191 142
190 140
240 71
214 93
204 113
195 122
186 124
185 130
181 135
184 133
177 134
178 139
180 141
179 139
179 143
116 62
136 91
150 99
154 121
155 126
150 131
159 135
156 133
158 137
159 139
161 141
160 142
163 143
14 75
73 87
101 115
110 119
116 132
127 130
127 134
133 132
137 140
142 143
142 144
144 145
146 140
10 102
45 114
69 121
84 128
95 130
105 134
110 136
116 135
120 140
126 138
129 142
133 143
7 121
38 131
62 129
73 135
80 132
87 141
97 135
104 142
109 144
113 141
13 127
31 125
56 134
66 134
74 138
84 143
92 141
94 143
103 140
13 129
30 137
49 134
55 139
65 143
79 142
82 143
0 134
19 136
32 138
43 141
56 142
65 139
76 140
0 138
18 134
24 139
40 138
53 142
56 144
4 141
21 141
33 143
39 145
4 141
19 142
32 144
15 143
