1695 678
1540 699
1476 703
1371 705
1328 717
1919 677
1814 666
1725 671
1568 686
1500 701
1436 700
1390 701
1693 674
1615 689
1462 695
1386 693
1871 653
1359 699
1282 665
1242 707
1649 671
1410 670
1266 686
1215 696
1870 616
1724 591
1632 638
1368 665
1303 678
1247 672
1703 631
1379 670
1234 666
1168 668
1106 687
1799 612
1441 629
1342 654
1259 647
1143 672
1729 607
1573 624
1456 609
1354 633
1268 631
1124 655
1598 596
1424 616
1248 631
1143 628
1080 643
1498 550
1405 591
1272 612
1171 631
1080 641
1001 650
945 653
1919 451
1614 508
1280 581
1145 562
1080 605
905 645
1611 402
1400 504
1047 564
875 609
755 628
1414 344
1162 407
901 541
788 572
713 567
635 613
1042 285
851 368
717 353
623 511
538 578
499 601
626 230
515 400
284 567
189 277
152 393
71 473
