1804 423
1730 429
1636 430
1595 444
1773 413
1702 432
1643 429
1602 431
1806 406
1729 424
1588 431
1544 427
1856 390
1465 438
1417 405
1399 444
1885 370
1582 420
1442 416
1359 431
1336 439
1730 384
1601 376
1528 347
1495 394
1357 418
1330 430
1308 423
1397 406
1282 432
1243 425
1221 425
1202 439
1396 396
1346 401
1221 410
1218 425
1189 418
1168 434
1227 410
1185 420
1175 402
1156 417
1123 416
1110 428
1102 413
1065 423
1069 424
1051 418
1041 427
1017 374
995 384
982 398
998 417
982 426
987 433
982 435
975 438
980 436
848 392
858 407
883 426
884 409
898 428
906 442
673 360
750 383
771 417
789 428
824 436
845 437
628 396
657 400
716 429
736 434
752 424
754 443
353 388
421 382
545 399
566 411
603 383
626 433
690 438
708 442
184 383
353 405
468 414
525 430
631 441
93 385
185 400
276 352
464 416
511 423
526 439
38 396
150 391
320 409
408 435
524 435
170 405
391 440
443 438
206 409
336 434
389 444
