481 202
471 201
456 199
448 201
436 201
425 202
415 201
404 201
393 202
383 199
374 202
361 201
352 201
343 202
330 202
320 202
310 199
298 200
287 202
279 202
268 202
258 201
246 200
234 203
224 201
217 201
204 201
193 199
182 203
171 201
491 201
480 198
470 201
459 199
451 202
436 201
427 199
415 203
405 203
394 203
379 201
370 201
359 198
346 201
336 201
324 199
316 198
305 201
290 203
282 198
270 202
259 198
249 201
238 199
225 201
213 202
203 201
192 203
182 199
167 202
504 198
490 198
482 200
468 200
457 202
445 201
432 200
421 198
409 200
398 201
385 197
377 200
364 202
352 200
339 197
328 197
315 202
304 200
289 200
279 198
267 199
254 200
244 199
230 200
221 201
207 198
196 200
185 198
171 197
159 202
507 200
493 202
480 199
469 198
455 199
444 202
428 199
416 200
406 199
392 200
379 201
366 198
354 198
342 199
331 200
316 199
307 200
290 201
281 199
267 198
254 199
242 202
231 199
219 199
207 198
193 199
180 199
166 198
154 199
505 197
489 200
475 197
465 199
450 197
435 200
425 201
409 199
397 196
382 199
369 196
353 199
343 201
330 199
318 198
302 199
287 199
278 198
263 196
251 198
238 196
221 200
208 198
195 199
183 201
167 201
156 196
143 199
506 196
490 195
476 199
460 198
451 195
436 198
424 198
404 195
392 198
376 195
365 195
353 198
338 198
321 199
307 198
294 198
281 199
265 198
252 196
237 196
223 198
210 198
193 196
181 196
169 199
155 198
142 195
506 198
491 197
475 198
459 194
447 198
430 197
415 195
399 195
387 197
372 197
354 197
342 198
321 194
311 197
292 200
280 197
266 195
248 198
232 195
219 194
204 194
186 198
173 197
160 198
140 197
129 197
509 197
488 193
476 198
464 197
443 192
432 197
414 197
393 196
381 197
362 197
349 197
332 197
316 197
302 198
282 199
269 196
249 198
234 193
220 197
202 192
188 197
169 196
155 197
140 197
123 197
495 196
480 195
466 192
445 196
424 195
412 191
397 195
380 194
356 196
339 196
322 195
308 195
290 196
271 196
253 196
236 197
220 191
201 193
186 191
167 195
149 192
131 191
115 196
494 194
479 195
458 193
440 197
422 195
397 193
381 195
364 193
346 193
323 193
310 194
290 189
272 195
250 190
230 193
215 195
192 197
172 195
154 197
134 191
121 195
98 197
501 192
478 191
464 195
436 187
422 191
396 195
374 189
355 191
334 191
313 194
295 191
270 192
254 191
227 191
211 191
189 189
165 187
146 191
127 196
106 191
80 191
503 191
474 185
451 189
436 186
409 192
387 190
366 190
339 190
315 184
294 189
275 185
251 191
227 189
202 187
179 192
162 190
139 190
109 190
92 189
72 185
495 184
470 187
448 182
417 188
393 192
371 184
342 187
315 188
296 190
271 182
245 187
214 184
192 186
168 185
139 189
111 187
88 186
59 192
30 189
489 190
459 184
428 187
399 184
372 185
343 184
312 186
282 184
260 184
233 180
198 184
172 190
141 185
118 184
85 178
60 181
28 183
493 180
464 183
434 179
400 180
368 173
337 183
307 172
269 183
242 179
207 179
169 180
143 183
105 179
67 179
41 175
8 176
493 182
463 178
424 175
380 176
341 175
298 175
263 179
231 183
183 182
155 174
111 182
78 174
31 174
3 177
480 161
449 164
400 165
344 165
304 166
248 157
195 165
159 155
102 174
60 167
4 165
477 143
407 166
358 148
295 153
233 152
175 143
123 148
33 163
476 136
393 136
317 138
241 127
147 120
70 136
506 98
395 55
235 55
116 82
