973 27
373 31
510 31
622 60
733 111
835 127
931 145
999 151
4 92
167 66
283 109
399 88
506 107
609 123
704 161
788 179
852 191
930 202
1001 215
62 128
160 165
274 169
380 183
469 196
548 206
629 216
706 223
780 232
833 222
906 251
960 235
1018 273
90 193
185 216
287 220
362 205
442 211
520 229
588 273
659 257
719 276
783 280
833 270
894 275
948 290
1000 299
38 227
124 235
202 243
286 256
359 260
430 248
501 274
561 262
626 277
680 282
741 297
791 310
840 288
887 311
932 324
980 320
89 263
155 268
236 266
305 282
368 296
435 283
498 297
553 294
607 293
659 298
713 301
761 331
803 316
853 338
894 333
932 321
977 347
1014 343
30 284
97 287
165 301
237 298
305 313
359 325
423 296
474 325
533 329
583 333
631 331
678 334
720 352
766 339
801 330
848 347
886 350
925 339
960 355
993 345
66 304
131 313
192 330
260 303
315 314
371 317
423 338
471 334
521 324
567 346
612 344
657 348
699 337
739 340
775 357
822 372
854 362
889 370
924 354
957 370
987 372
24 320
82 340
145 344
199 323
258 344
311 326
359 328
408 346
452 348
499 338
545 368
583 364
626 348
669 369
706 378
740 371
778 372
812 372
843 363
879 381
910 385
945 381
974 383
1001 384
52 336
106 339
158 350
206 360
261 348
313 358
355 354
401 364
449 347
489 356
531 353
570 374
608 370
645 373
684 375
714 365
752 367
784 381
816 372
847 373
878 381
908 383
936 384
965 381
993 395
1018 385
9 353
65 357
120 344
169 349
224 346
266 361
311 368
355 359
399 369
438 364
476 361
516 381
557 383
593 379
625 387
660 377
692 385
726 387
761 394
792 396
820 392
846 399
878 395
903 397
929 404
954 390
982 411
1001 394
32 346
74 361
121 366
173 373
219 356
261 371
304 376
344 375
383 381
422 372
460 387
494 384
532 391
564 387
602 391
636 390
664 397
698 384
725 385
756 397
785 399
811 395
842 401
863 398
891 395
920 406
945 412
967 399
988 400
15 354
57 371
105 371
149 373
197 379
238 380
276 379
319 382
354 394
393 385
432 387
466 389
501 394
534 393
567 395
595 401
631 402
659 399
688 400
719 402
747 413
775 395
801 406
827 412
852 403
878 410
900 402
922 404
951 423
972 414
20 363
63 377
103 385
145 384
190 390
226 386
267 393
305 378
340 396
376 392
415 384
448 386
478 397
514 399
541 395
574 407
604 405
633 404
659 411
690 412
717 413
744 409
770 411
797 417
818 422
841 415
870 420
889 417
914 418
935 421
47 384
89 386
130 394
163 400
210 382
244 383
281 385
314 406
347 401
385 390
416 401
449 403
478 408
511 415
539 416
567 417
598 400
625 412
653 403
681 413
702 409
728 415
753 416
780 421
802 419
827 415
847 422
867 414
892 425
914 423
57 392
93 394
136 396
171 391
206 388
241 390
276 406
310 403
345 395
374 406
405 407
438 411
469 404
497 415
525 403
550 413
578 414
604 424
633 416
657 409
681 414
705 411
731 413
755 425
776 415
799 423
822 425
843 417
867 426
886 427
81 401
114 405
154 402
189 398
221 409
254 400
287 402
319 408
350 410
383 411
412 408
441 405
467 415
494 424
524 417
548 422
576 421
599 420
625 421
651 424
672 415
697 419
720 433
746 433
766 431
784 423
806 421
829 422
848 423
869 423
84 404
121 411
152 407
185 408
218 414
251 413
282 412
314 413
345 414
371 415
400 416
428 422
455 414
484 415
511 413
535 414
560 423
584 432
611 428
633 430
655 434
677 423
704 436
723 424
744 425
767 431
785 424
808 432
826 429
848 441
98 409
133 411
167 412
201 408
230 406
260 420
287 421
321 409
349 410
376 420
404 421
430 422
457 424
483 416
508 432
531 421
555 427
580 427
604 428
625 437
648 432
669 426
691 427
710 425
735 433
753 437
774 436
794 432
812 433
832 430
103 414
132 419
164 418
193 417
224 422
253 419
282 420
311 417
338 422
367 415
394 416
417 433
444 426
467 429
494 435
519 431
542 430
563 427
587 435
609 432
629 433
654 435
675 434
696 438
713 429
736 440
754 437
775 434
791 434
811 432
117 418
148 421
174 425
204 421
235 414
262 419
291 420
315 425
343 430
367 427
394 428
418 429
442 422
468 434
490 439
513 434
538 436
559 434
581 434
602 435
622 429
645 444
666 434
684 434
705 445
724 439
744 446
759 434
780 441
798 442
129 427
161 416
187 428
215 427
242 426
269 419
295 428
320 433
344 434
371 438
394 432
419 432
442 440
465 434
487 442
510 439
534 436
553 433
577 437
597 438
616 438
636 443
658 443
676 434
695 441
714 442
730 439
749 439
770 444
787 438
135 419
160 427
187 428
215 433
243 422
267 438
294 428
316 428
343 426
365 434
388 438
413 435
434 436
459 430
481 441
501 431
522 442
544 446
563 440
584 437
603 441
623 448
643 443
662 443
680 444
700 446
715 445
734 445
752 448
769 443
137 429
166 426
193 428
216 432
242 434
267 433
294 437
318 435
340 429
364 444
385 437
410 438
431 435
451 446
475 447
495 444
514 441
536 435
555 442
576 443
595 447
614 441
633 451
651 439
670 446
686 443
704 447
721 444
738 444
757 455
146 433
170 434
198 434
221 435
246 436
269 430
295 433
317 440
338 439
363 439
384 433
404 441
426 441
448 435
468 436
488 443
510 438
529 440
547 439
568 442
587 446
605 450
621 450
641 449
659 448
674 443
693 443
710 452
728 450
741 451
151 436
176 437
201 434
224 438
249 439
271 439
295 436
318 437
339 441
359 442
382 446
402 437
424 437
442 447
463 445
483 447
502 443
522 450
542 447
559 442
578 442
595 449
612 451
630 450
648 450
665 451
682 448
699 457
715 452
729 447
155 440
178 439
202 440
225 441
249 441
272 442
295 443
316 437
335 444
358 451
380 442
400 439
419 447
437 447
459 453
478 444
496 450
514 449
533 449
550 444
569 447
586 451
602 446
619 453
637 452
655 453
670 453
685 448
702 449
717 451
166 442
188 442
213 436
233 443
255 447
278 438
299 445
318 445
339 443
360 440
379 450
400 448
418 451
437 452
456 449
475 444
494 445
514 451
530 451
547 446
566 458
583 453
598 456
616 448
631 454
648 454
664 455
681 455
694 456
712 461
172 438
194 444
214 445
236 446
258 449
280 441
300 450
321 448
341 448
362 443
378 452
400 451
416 444
437 451
454 457
473 453
490 452
508 453
526 453
542 453
558 454
575 455
592 458
610 458
624 456
640 459
655 458
673 462
688 459
701 458
177 442
199 450
221 447
239 449
261 448
281 452
302 443
321 453
342 447
360 451
380 448
398 448
417 452
433 452
453 455
470 450
488 454
505 455
522 452
539 455
554 456
570 451
586 456
603 457
618 457
633 458
648 458
664 458
679 461
693 461
178 449
197 443
218 449
239 450
259 445
277 454
298 451
316 446
336 455
354 453
372 455
392 455
409 454
426 449
444 455
461 450
479 450
496 456
510 453
528 460
543 457
560 458
576 453
590 455
607 461
621 464
636 460
651 460
666 460
679 458
184 457
203 448
224 446
243 449
263 453
281 450
300 448
320 457
338 449
354 449
373 455
391 456
407 456
424 456
440 457
459 452
475 458
491 458
508 456
524 456
538 460
555 461
568 455
585 461
600 463
615 461
629 456
643 457
658 459
671 462
189 449
206 453
226 448
245 457
263 455
283 455
301 450
318 458
337 459
353 459
371 454
391 454
407 452
424 455
439 453
455 459
472 456
488 461
504 460
518 455
534 462
550 461
563 461
579 464
592 467
608 465
623 460
636 463
649 458
664 463
194 454
213 455
231 455
251 456
269 453
285 462
303 458
323 457
339 453
356 455
372 453
389 454
406 459
423 460
438 465
453 460
471 462
485 466
501 456
515 463
532 459
545 462
561 463
575 463
589 461
603 464
617 459
630 466
644 467
658 460
197 459
215 462
234 458
253 457
270 460
286 458
305 458
321 459
339 459
356 460
371 460
388 455
403 463
420 463
435 461
451 464
466 463
481 459
497 460
511 458
525 463
540 464
554 464
568 464
582 464
596 465
611 460
625 468
638 466
651 462
203 459
222 453
237 464
256 459
274 459
289 461
307 457
323 460
339 461
357 461
372 462
388 464
402 462
418 458
434 463
450 458
463 466
479 466
494 466
507 467
523 465
536 465
550 465
564 461
578 466
591 462
604 469
617 467
630 465
644 469
203 454
219 460
235 465
253 460
269 458
286 461
302 461
318 464
334 462
351 464
367 460
382 461
398 463
412 464
429 464
444 460
456 462
471 469
486 461
500 465
515 467
528 466
541 468
556 466
568 468
581 467
595 467
609 465
621 465
633 468
203 456
220 458
237 461
252 461
269 467
286 465
302 464
319 464
334 458
350 459
365 469
379 469
394 464
410 469
424 462
439 467
455 468
469 463
482 466
496 466
510 467
524 465
537 468
550 472
562 468
576 464
590 473
602 469
616 469
627 467
