1057 15
25 218
259 217
493 176
763 214
982 214
1234 215
158 293
371 343
546 343
765 293
974 369
1147 353
1366 360
94 400
242 448
400 449
584 496
732 400
918 403
1089 443
1241 449
5 515
164 538
300 539
461 524
600 515
738 516
886 480
1041 559
1196 538
1328 514
64 575
211 577
329 580
465 557
589 577
708 575
842 543
962 541
1094 552
1229 577
1362 575
25 631
150 623
260 623
378 623
494 623
605 600
721 634
836 629
947 590
1070 657
1183 628
1281 592
83 658
183 669
290 656
392 657
497 659
590 673
705 689
806 659
911 657
997 629
1109 660
1218 657
1326 688
73 690
163 671
257 690
356 661
445 688
547 705
634 688
730 698
828 690
918 660
1006 663
1110 689
1196 660
1290 671
23 714
114 688
197 721
280 714
369 716
448 716
535 700
629 688
705 714
786 701
878 688
956 689
1049 715
1124 689
1221 716
1310 743
54 758
147 747
226 760
310 720
396 710
472 747
552 735
628 759
712 735
781 734
867 747
944 733
1023 720
1110 759
1177 709
1261 734
1333 710
62 741
120 753
203 732
274 753
347 754
420 755
494 732
572 730
642 777
719 754
784 742
865 740
935 758
1007 761
1078 761
1151 754
1224 739
1293 730
1374 753
28 769
105 748
171 773
248 748
304 769
515 759
647 756
720 774
784 756
854 747
928 748
991 770
1065 770
1199 769
1268 769
5 770
73 763
130 770
390 773
513 763
712 771
1220 772
1284 773
1352 762
521 776
704 777
759 777
999 777
1121 776
1246 776
1366 776
