16 13
120 35
227 27
329 36
446 41
544 1
649 58
751 30
866 46
976 10
71 97
171 81
262 82
349 59
436 112
536 84
623 97
710 85
799 58
895 71
982 59
46 106
125 131
204 103
288 129
362 103
440 130
520 130
589 129
678 125
750 148
830 150
906 113
994 125
35 159
106 161
180 150
242 171
308 161
382 151
453 147
520 160
581 141
653 139
719 161
787 165
860 148
929 161
1004 160
17 165
82 185
145 165
207 184
267 175
324 167
389 187
451 174
507 173
576 167
630 167
699 165
754 184
823 184
881 173
942 184
1012 191
1 202
64 187
112 219
168 211
233 192
286 203
342 219
395 201
457 212
508 219
565 218
624 204
681 219
735 208
795 212
847 203
898 187
966 210
13 228
65 221
113 206
161 211
211 205
270 206
316 228
364 228
416 221
468 213
524 227
570 212
622 221
677 220
726 225
778 236
821 207
877 220
931 213
13 224
56 244
103 240
152 229
198 228
239 250
286 237
336 243
381 222
424 242
472 228
520 240
567 239
613 237
659 250
703 243
755 236
802 250
845 223
888 237
36 248
80 248
122 236
164 255
210 236
249 235
296 249
338 249
382 261
424 253
464 235
505 248
551 235
594 235
639 240
680 236
722 248
769 248
809 249
855 248
74 260
115 259
156 253
198 266
231 271
272 263
317 259
354 259
395 248
435 271
473 265
516 248
556 259
590 253
634 259
673 266
712 248
756 259
793 253
830 266
104 268
145 256
181 271
216 257
255 268
290 267
327 268
368 268
402 268
441 267
479 270
516 261
551 270
591 267
627 273
664 273
703 278
743 279
779 257
816 270
131 265
165 264
204 275
238 276
272 275
309 275
344 281
379 275
411 265
449 269
484 275
517 280
553 275
589 269
622 275
657 265
695 280
729 270
767 280
799 265
151 281
183 272
218 282
250 281
286 281
319 276
350 291
384 282
416 282
453 282
482 276
518 272
549 276
585 284
620 287
649 272
683 291
718 271
752 281
783 276
168 279
200 288
233 289
266 284
295 284
326 279
358 298
387 289
419 293
449 279
480 289
512 293
547 293
577 279
607 279
641 288
670 298
701 289
736 288
766 298
192 298
222 285
252 298
283 294
309 296
341 288
370 294
400 296
429 294
461 298
489 294
520 294
547 297
577 296
607 294
639 295
666 298
696 285
726 294
759 289
204 299
230 303
260 299
289 291
317 301
346 299
371 299
400 299
429 299
456 299
484 299
514 307
541 299
571 300
599 290
626 299
657 303
682 290
713 303
739 290
213 303
240 306
268 305
294 305
324 304
347 312
375 304
402 304
431 308
457 296
482 295
508 300
537 312
564 296
590 304
617 307
645 308
672 296
699 305
726 300
227 308
252 307
279 300
304 308
331 310
355 308
383 308
407 308
433 303
458 309
487 311
511 312
537 316
564 304
590 300
615 308
638 308
666 300
689 300
715 300
239 311
266 311
289 313
314 304
338 307
362 318
389 311
413 315
440 315
462 311
488 307
513 307
537 307
563 304
587 311
612 319
637 304
662 319
684 318
708 311
254 317
280 318
302 318
327 314
352 315
374 316
397 311
424 307
445 314
468 307
493 308
516 307
541 307
565 307
588 316
611 315
636 314
661 314
683 314
706 314
263 314
286 318
308 311
331 318
353 311
375 314
400 318
423 318
444 314
469 318
489 314
512 311
535 318
559 325
582 318
606 318
627 321
648 311
672 318
694 318
268 314
288 321
313 321
333 314
356 314
378 321
399 321
422 324
443 321
465 327
485 314
507 327
531 314
553 317
575 324
597 324
618 315
640 324
660 314
682 317
278 323
298 330
321 317
339 324
361 317
382 326
405 330
427 320
447 324
467 324
489 324
510 324
531 324
551 330
572 325
593 323
614 320
636 324
656 317
676 317
288 332
309 332
330 320
348 326
368 320
390 326
410 323
429 327
451 329
471 326
492 326
510 330
531 326
551 329
573 323
591 326
612 329
633 326
654 329
674 332
298 335
316 329
338 326
354 329
375 335
394 332
414 323
434 329
454 331
474 329
492 329
513 329
530 329
551 329
572 323
589 335
611 332
629 329
650 332
667 326
306 331
323 331
342 329
362 331
380 331
399 331
418 331
437 326
455 332
476 328
494 329
512 328
532 333
551 326
570 337
588 326
607 334
625 326
644 337
662 337
309 334
329 330
346 331
364 334
383 336
401 328
419 331
438 334
455 336
474 339
492 336
509 335
527 334
547 334
564 330
584 339
600 335
620 334
636 328
654 328
320 338
337 335
354 338
372 330
390 336
407 341
424 336
443 330
460 336
478 337
495 332
513 335
531 338
549 336
567 332
583 332
601 330
620 341
638 336
654 330
323 340
341 332
360 335
375 339
393 340
411 340
427 335
443 334
461 337
479 337
496 340
514 337
529 332
546 337
563 339
582 337
598 334
615 337
633 339
649 332
330 334
346 344
363 334
380 339
397 339
414 341
430 339
447 340
462 344
479 339
498 340
513 341
530 339
547 339
563 339
580 334
596 339
612 339
629 339
647 339
332 343
347 341
363 341
378 336
395 342
410 343
428 341
443 346
460 346
475 341
492 341
507 341
524 343
541 346
556 342
572 343
590 341
605 342
621 338
638 336
340 342
354 342
370 344
388 337
403 342
418 337
435 347
451 339
466 342
481 337
497 342
513 347
528 342
545 337
560 337
576 342
591 342
608 337
622 337
639 337
340 346
357 341
371 341
388 344
402 344
418 339
434 339
449 344
463 346
480 345
494 344
509 344
524 339
540 339
555 339
571 346
587 339
602 341
617 348
632 339
348 346
362 345
378 342
392 347
407 345
424 345
437 346
452 345
467 343
482 345
498 340
511 340
526 347
543 342
558 340
572 346
587 345
600 346
616 340
632 342
351 348
365 348
379 347
395 344
408 346
424 347
438 348
452 344
467 342
482 346
495 342
511 342
525 348
539 346
553 342
568 346
584 347
597 342
612 348
627 342
354 345
369 347
383 347
397 347
411 343
424 347
439 343
454 345
467 350
483 343
496 343
509 347
524 343
538 343
552 350
567 349
581 347
596 343
610 350
624 343
