240 118
231 118
225 118
219 118
210 118
205 116
197 119
192 119
184 118
177 118
170 118
163 118
156 118
149 116
142 116
136 118
128 118
122 117
116 116
107 118
101 118
94 119
86 119
79 116
74 116
66 116
60 118
53 118
45 118
40 116
244 116
236 117
227 117
222 116
214 118
208 117
200 117
192 117
184 117
176 116
169 118
162 117
155 116
149 117
142 119
135 117
126 118
120 117
113 118
104 118
98 119
91 119
83 117
77 118
68 116
60 119
54 117
46 117
40 117
32 116
246 118
236 116
231 116
222 119
215 119
207 116
199 118
192 115
185 116
178 116
170 117
161 118
155 117
145 116
138 116
130 118
123 117
115 116
109 117
101 118
92 119
86 117
77 116
69 116
62 117
54 118
47 118
38 116
30 118
22 118
252 117
245 117
236 115
229 115
220 115
211 118
205 117
195 117
188 116
181 117
171 117
163 117
156 117
148 116
140 117
131 117
122 117
114 117
107 117
101 115
91 115
84 116
75 117
67 116
58 117
51 118
43 118
35 117
26 117
17 116
256 114
250 118
240 116
230 117
221 115
214 118
204 115
197 115
188 115
181 115
172 117
164 117
154 116
146 117
138 115
130 115
122 117
113 116
104 117
94 115
87 116
79 116
68 118
59 114
52 117
45 117
35 116
28 116
19 116
7 117
261 117
251 116
241 117
231 116
224 118
215 116
205 116
195 118
185 116
178 118
168 118
158 115
151 115
141 117
132 117
122 116
114 117
104 114
95 116
86 116
79 116
71 116
58 116
52 116
43 116
33 116
24 115
15 114
6 115
266 115
256 115
247 115
236 115
227 113
216 115
206 115
196 113
189 115
179 115
170 115
159 115
148 115
138 116
131 116
120 115
110 114
102 115
91 113
83 116
70 116
60 115
52 116
42 113
31 116
23 115
14 115
3 115
272 113
261 115
254 114
243 114
233 113
219 115
210 115
201 114
189 114
181 115
168 115
159 115
150 112
137 115
130 113
118 113
106 112
94 115
84 115
78 115
65 112
56 116
44 117
35 115
22 114
11 114
2 115
280 114
269 112
257 116
247 111
236 114
225 111
214 114
204 111
192 112
178 116
169 114
159 114
147 112
135 114
123 112
111 112
100 115
90 114
80 112
69 111
56 112
45 112
32 114
23 114
13 111
298 114
281 114
270 110
259 110
245 110
235 110
223 110
211 113
196 113
184 113
173 113
161 114
146 113
138 110
123 113
111 114
101 110
87 111
74 112
63 113
49 113
39 113
24 110
12 110
1 110
301 112
291 114
276 112
262 112
250 112
235 113
220 111
207 109
196 110
180 112
168 110
155 114
139 112
126 112
112 109
98 113
84 109
72 111
60 112
46 111
33 112
18 112
5 112
321 112
303 107
291 110
276 113
259 113
248 108
229 109
216 111
198 112
185 112
168 112
155 107
142 113
127 107
107 108
93 111
80 108
67 110
48 111
34 107
20 110
3 111
326 108
307 110
294 108
274 109
254 105
243 110
220 112
206 104
188 108
171 108
155 112
140 105
122 110
100 108
88 106
66 104
50 106
33 108
14 111
1 104
326 106
304 106
286 103
270 107
248 108
229 106
212 103
194 107
177 106
157 104
134 103
117 102
97 108
76 106
58 106
41 110
22 106
5 108
330 106
306 104
286 106
262 99
241 105
218 103
199 103
176 103
150 100
130 104
109 99
86 101
65 104
43 99
18 103
1 104
324 97
297 95
277 102
249 100
228 102
197 99
168 102
144 95
115 101
92 100
64 100
37 96
12 104
329 94
297 97
265 94
235 100
201 96
169 86
132 95
105 93
64 87
37 94
9 91
319 85
278 89
238 89
194 85
156 85
111 79
55 92
19 84
283 58
226 68
162 70
108 68
43 69
333 49
116 20
28 19
