21 71
131 59
260 66
384 40
542 22
34 131
112 166
218 119
309 159
420 140
534 126
657 151
792 75
76 226
155 222
233 205
319 215
411 199
501 223
598 172
698 171
4 244
70 242
132 231
200 272
270 226
348 251
425 228
497 241
593 264
676 244
772 216
7 287
63 267
119 294
175 264
234 282
303 281
370 290
432 289
508 276
579 275
664 280
736 258
25 294
64 293
118 309
173 308
222 326
277 289
334 316
401 295
460 286
527 314
586 303
662 303
726 289
16 329
62 314
102 344
148 344
206 328
257 312
301 328
359 332
412 317
463 327
523 335
587 315
651 344
709 307
776 306
11 352
48 359
92 345
132 352
172 348
225 330
264 345
312 336
361 345
410 329
458 352
512 361
564 344
622 353
678 328
737 327
13 371
50 345
84 365
127 351
162 361
203 345
248 352
286 359
326 359
372 373
422 362
466 374
516 367
561 345
612 367
667 360
718 351
777 360
14 357
43 381
80 358
116 370
148 376
184 370
222 383
266 371
302 375
343 358
383 378
428 358
467 364
516 379
558 366
604 380
653 377
701 373
757 381
12 379
41 384
75 382
105 391
145 380
175 382
212 374
248 369
283 374
322 369
356 384
397 389
432 382
473 375
516 383
561 384
601 376
646 371
694 372
739 386
784 372
11 392
39 387
71 390
103 393
135 383
161 378
194 389
231 389
262 390
295 390
330 379
364 385
403 394
438 403
477 398
516 393
553 405
591 386
635 394
676 407
719 387
761 388
6 394
34 399
62 399
90 395
119 395
145 401
177 399
208 391
237 397
271 397
302 393
333 404
370 392
403 405
434 405
471 389
506 401
543 390
584 402
620 403
660 391
700 415
742 404
780 393
7 400
33 401
61 392
85 392
114 392
138 393
168 412
196 403
224 408
254 398
285 400
317 395
346 396
379 408
409 396
441 397
473 413
509 419
545 409
578 410
618 421
652 416
690 411
728 405
771 424
7 406
31 411
53 407
81 407
106 416
132 410
157 400
187 414
211 404
240 413
267 412
297 411
322 417
353 407
384 418
413 423
447 408
476 409
511 420
545 406
577 406
613 419
645 413
680 418
719 422
755 414
2 413
25 415
52 412
74 412
97 413
119 422
146 422
172 414
197 406
221 420
251 407
276 425
302 417
329 419
361 409
389 423
417 424
448 414
476 425
506 430
538 422
570 413
600 423
635 428
667 429
704 435
736 426
14 415
36 411
57 424
81 417
101 419
126 418
150 418
171 411
195 423
221 415
244 420
271 425
297 421
322 418
347 423
376 423
404 428
429 425
459 425
487 426
519 431
547 430
578 432
607 419
641 429
670 420
703 421
733 431
12 421
31 428
54 413
78 413
96 421
121 414
140 425
164 415
189 419
211 424
234 426
257 420
283 425
307 421
332 435
357 427
382 428
409 425
433 429
461 438
490 422
515 431
544 432
574 437
605 438
633 434
663 435
695 430
723 427
3 423
23 420
44 424
64 418
84 429
107 428
129 426
148 427
171 420
192 429
215 432
239 431
262 426
283 430
308 431
332 431
357 436
381 432
407 425
428 426
457 434
482 439
508 435
537 436
563 437
591 437
619 440
645 430
675 439
704 432
26 428
43 428
64 428
85 425
105 433
123 430
144 431
165 424
186 432
209 432
231 433
253 426
274 427
295 434
317 435
341 428
364 440
390 437
413 437
439 438
464 438
489 441
513 432
537 436
590 434
646 443
704 437
38 435
59 432
74 433
97 429
116 433
134 434
155 431
176 431
196 429
216 436
235 438
257 444
279 438
322 435
343 432
367 444
390 437
415 434
437 442
460 438
487 443
510 436
559 445
55 428
71 437
90 435
110 436
129 437
147 440
167 439
185 440
207 439
224 443
246 440
265 436
287 434
309 437
348 443
372 443
394 445
439 438
461 442
483 442
578 445
606 442
628 443
75 434
93 432
110 439
128 443
146 433
165 441
185 438
204 435
220 442
242 443
259 445
301 438
321 445
341 439
362 443
406 440
472 442
82 444
102 441
134 443
151 444
170 440
189 444
207 444
225 441
243 439
301 444
321 444
360 442
103 444
119 444
224 441
261 442
113 441
124 443
