631 266
621 266
604 268
589 266
574 263
568 269
550 266
535 267
523 263
511 269
492 268
482 263
466 263
451 266
439 267
424 268
410 269
398 266
381 266
369 266
354 266
341 266
326 267
314 264
300 266
286 268
273 266
257 266
245 267
230 267
642 264
626 265
614 265
598 265
584 262
568 262
557 262
540 267
524 262
510 267
495 264
483 265
466 265
454 264
436 267
420 262
408 266
395 267
379 267
364 262
349 265
335 265
321 266
306 268
289 267
277 265
260 265
245 262
231 267
216 265
647 265
635 265
624 265
606 268
591 265
578 262
557 262
548 265
526 265
518 266
499 265
481 268
466 265
451 266
438 265
421 265
406 262
391 265
377 263
362 265
344 266
329 265
314 262
297 268
287 262
270 263
255 266
238 265
224 265
210 263
667 262
657 266
638 261
622 261
607 265
590 262
576 261
555 264
540 261
525 261
509 267
494 265
477 264
460 264
447 264
429 265
412 261
397 264
381 264
367 264
347 266
333 265
319 264
302 267
283 261
267 262
252 264
235 265
220 264
207 261
666 263
645 263
627 262
616 263
597 263
583 267
564 260
548 263
528 260
511 263
494 263
476 263
462 263
444 261
430 260
410 260
395 264
378 260
360 261
344 265
328 263
307 263
290 263
274 260
262 267
242 261
225 261
211 261
658 259
647 262
628 264
609 258
594 262
572 266
550 262
537 258
521 262
499 262
483 262
464 260
444 262
430 262
413 262
393 262
374 262
356 264
337 266
318 264
305 264
282 266
266 259
251 262
232 260
216 259
197 262
678 261
658 257
644 259
619 261
605 263
584 257
562 261
540 261
527 259
507 261
489 261
467 261
448 263
431 263
410 263
392 259
373 261
351 261
333 259
313 261
296 263
280 257
260 259
240 261
220 262
202 261
184 259
673 260
660 256
640 260
616 256
599 260
577 261
552 256
538 255
512 262
491 258
470 262
450 260
431 260
412 256
392 255
373 257
353 256
329 260
311 256
292 264
271 260
246 260
226 256
204 260
188 262
170 256
657 259
626 254
611 263
591 261
566 254
544 259
525 261
504 259
480 263
460 258
435 258
417 254
393 263
370 261
354 256
332 257
306 259
288 258
265 263
241 258
217 261
196 259
176 260
159 261
672 257
647 257
623 258
596 252
576 252
556 261
527 258
505 257
480 257
456 262
433 257
412 254
387 257
367 257
336 257
312 257
295 252
269 252
242 252
217 261
201 257
173 259
152 257
666 252
644 255
620 255
594 257
564 258
539 255
519 255
490 255
463 250
442 255
418 257
387 255
365 255
339 252
309 255
290 255
261 255
235 255
209 256
180 256
164 255
138 257
673 252
645 252
614 252
587 258
551 253
525 252
495 247
467 255
439 255
411 252
381 255
355 246
329 255
299 247
270 252
243 252
209 254
180 255
158 247
128 254
101 255
672 246
643 242
614 256
583 243
546 250
518 245
479 256
455 249
421 249
385 249
355 249
331 249
292 256
265 251
235 250
204 243
173 253
142 256
99 252
79 253
655 242
624 248
594 250
563 238
521 246
485 239
456 249
420 246
381 247
349 245
316 246
276 246
248 239
213 239
175 242
134 238
98 247
71 246
648 241
607 234
573 233
530 242
492 245
458 237
419 244
370 234
332 233
298 244
257 246
220 242
171 241
140 234
100 250
65 242
11 236
662 226
614 239
573 235
534 238
487 231
441 239
390 236
349 231
300 237
260 236
214 232
179 237
119 236
84 236
29 241
678 227
610 229
567 228
508 223
457 240
410 222
358 219
299 229
244 240
200 230
150 230
89 229
30 221
668 231
600 226
554 210
493 220
431 219
351 204
288 218
236 209
167 217
103 209
27 210
671 201
566 204
510 204
414 199
344 190
267 191
183 188
102 202
4 199
589 149
469 167
362 170
206 145
133 170
637 126
467 109
277 93
102 96
