12 195
148 119
272 52
6 340
79 286
180 278
291 215
430 147
585 96
819 58
5 390
66 389
139 346
211 328
299 323
393 262
514 259
651 218
814 141
11 439
54 452
103 444
167 422
235 405
299 391
377 370
469 348
573 324
709 297
832 261
1 486
37 474
66 493
129 467
170 462
231 444
284 452
359 418
441 417
525 399
613 370
719 350
850 338
981 298
20 512
61 505
104 490
145 499
189 482
241 483
293 475
353 438
419 425
492 449
568 425
647 400
755 390
868 364
1005 352
38 526
63 515
96 536
138 503
177 497
222 508
266 483
312 489
363 482
425 473
484 464
553 454
632 422
718 429
804 414
917 419
85 542
119 538
153 534
191 517
232 516
267 517
314 505
360 506
413 490
462 477
521 500
587 475
654 466
729 436
808 443
902 421
1003 438
138 555
168 545
211 541
239 524
282 533
322 515
367 521
409 515
460 503
507 518
566 495
635 489
692 464
769 472
851 451
930 458
180 557
211 548
244 538
280 534
316 542
358 543
393 535
440 520
487 515
542 508
594 511
652 504
707 488
777 474
851 487
934 472
222 553
255 550
284 558
318 547
353 557
390 558
429 548
470 540
519 532
567 529
612 509
671 525
727 497
791 520
859 497
924 474
1014 486
251 569
318 553
346 563
381 550
417 553
458 550
502 538
540 554
592 537
631 519
688 528
742 508
806 530
863 517
929 489
1012 496
288 565
318 562
342 569
379 562
413 566
484 546
527 542
568 552
611 545
660 547
709 530
761 539
815 534
872 507
939 507
1011 512
323 569
352 570
383 568
416 562
447 558
484 560
523 562
562 559
600 556
645 551
686 548
736 544
785 546
838 522
898 535
962 527
600 563
639 549
684 567
734 547
777 549
826 538
879 533
937 523
1001 545
624 569
705 568
747 549
792 545
840 541
890 537
951 557
998 528
