121 77
361 65
562 3
772 54
1004 31
1232 79
1424 91
117 154
285 186
466 168
645 240
841 182
1019 187
1209 185
1379 192
36 301
196 285
370 240
505 259
669 243
821 292
977 281
1123 279
1278 297
1440 240
78 358
213 389
366 354
494 373
638 351
763 354
903 331
1044 367
1175 329
1304 352
1437 311
61 424
186 410
302 387
415 409
540 410
670 411
785 410
905 410
1022 412
1140 424
1250 392
1388 408
1486 377
16 424
125 422
229 439
329 421
438 425
541 464
652 451
764 453
872 467
978 437
1085 485
1193 452
1306 463
1405 455
85 483
178 498
274 514
380 484
471 456
573 486
677 469
768 468
870 487
969 487
1069 456
1168 469
1251 458
1368 501
1475 513
65 518
157 503
243 500
333 517
415 523
509 521
601 492
687 492
775 515
862 503
953 491
1045 515
1126 492
1230 544
1308 517
1398 517
1492 524
48 529
117 541
216 518
296 543
367 565
453 517
540 550
627 527
708 543
781 543
864 517
950 556
1032 527
1117 551
1199 553
1289 541
1359 531
1443 519
3 547
79 563
158 561
237 573
316 560
386 562
466 539
549 561
624 573
700 561
779 561
856 560
932 538
1011 585
1084 561
1164 547
1243 583
1311 550
1394 569
1468 561
54 559
115 601
187 578
262 580
333 589
407 586
481 558
549 580
621 580
699 557
772 578
836 559
917 567
981 578
1054 586
1124 557
1203 600
1270 590
1347 567
1419 579
1493 589
19 583
82 596
153 586
224 596
289 599
360 596
420 594
489 575
564 596
623 615
695 605
759 596
830 615
903 601
969 595
1039 605
1096 575
1170 596
1230 576
1306 602
1378 606
1443 605
1505 595
6 599
72 589
129 612
205 589
261 609
330 608
389 609
456 609
522 590
581 589
644 608
710 618
775 600
841 609
903 628
967 628
1035 609
1096 628
1167 627
1228 598
1290 609
1357 608
1415 609
1482 589
30 620
85 639
151 630
210 620
278 612
328 626
392 611
458 621
512 609
577 620
639 629
697 609
758 624
821 629
879 629
939 610
1008 620
1067 639
1123 639
1185 602
1246 619
1309 611
1371 609
1430 621
1489 610
11 623
77 622
135 633
197 616
249 615
307 632
366 616
418 615
475 633
530 642
594 633
650 633
705 650
762 632
825 637
879 641
941 649
992 638
1049 641
1108 636
1166 636
1224 615
1282 633
1332 616
1405 641
1453 615
1516 632
2 633
50 649
108 649
158 651
213 643
264 659
327 643
384 643
433 643
487 660
545 643
602 643
653 643
705 643
762 660
816 644
872 659
927 643
979 627
1035 626
1094 647
1150 651
1197 628
1249 626
1309 627
1362 634
1419 644
1471 643
37 656
94 652
144 652
189 660
242 668
298 653
355 653
401 652
455 661
508 653
560 637
614 645
667 652
714 642
769 652
823 653
871 652
926 652
975 652
1024 637
1082 657
1132 643
1182 637
1237 661
1289 655
1345 668
1392 656
1444 652
25 668
77 660
124 668
179 661
227 660
274 660
328 651
376 660
426 663
471 660
522 665
575 675
624 663
676 660
721 661
772 668
824 660
872 665
923 660
971 660
1020 660
1074 661
1120 660
1171 665
1216 646
1278 667
1325 664
1372 668
1421 661
13 675
61 671
113 654
156 653
201 672
250 671
294 659
349 668
395 668
441 672
486 668
536 660
586 653
633 668
676 675
727 668
777 660
822 675
868 654
916 668
962 668
1014 683
1063 668
1110 668
1157 672
1201 653
1252 654
1298 668
1347 661
1389 654
42 669
88 683
133 680
178 669
221 690
271 683
317 667
358 676
411 676
451 676
499 678
543 683
591 690
632 676
680 690
724 676
770 662
815 678
865 676
905 669
956 676
997 676
1041 662
1090 662
1135 662
1178 667
1226 676
1271 669
1314 669
1366 676
62 687
110 683
152 683
199 675
240 683
288 683
326 683
374 674
413 674
460 674
499 685
547 669
587 682
630 682
675 674
722 670
764 670
805 676
854 669
896 689
939 676
980 669
1027 676
1070 675
1117 689
1158 675
1197 675
1243 676
1289 676
1329 683
101 682
147 676
186 689
223 695
275 676
312 689
356 689
400 676
435 689
480 681
521 689
561 676
602 689
646 688
685 689
728 689
773 676
812 676
858 682
895 689
937 692
979 689
1022 702
1069 695
1105 676
1150 683
1194 682
1236 696
1273 689
1314 696
122 682
162 682
205 682
242 682
280 700
322 694
364 701
404 694
445 688
484 694
524 694
567 688
601 706
644 682
687 694
725 682
764 695
807 687
848 682
891 706
927 701
971 694
1009 688
1050 682
1088 682
1131 687
1174 707
1209 688
1254 694
1291 688
134 706
174 700
216 688
259 688
295 687
329 700
373 700
408 700
450 688
487 694
523 693
563 700
607 688
644 692
683 700
720 705
758 699
798 688
840 687
879 692
916 693
955 692
992 699
1032 688
1074 700
1107 700
1151 702
1187 694
1229 699
1266 700
164 704
202 716
246 693
280 704
317 704
353 707
392 692
432 692
472 692
505 716
543 716
583 716
617 704
656 716
693 704
732 704
772 693
810 697
844 710
885 697
923 704
959 710
998 693
1037 708
1074 710
1112 716
1150 704
1184 710
1221 707
1259 697
181 710
222 714
258 697
297 709
331 697
365 702
405 708
438 720
478 702
513 697
548 714
584 701
620 697
659 703
693 708
732 714
767 708
803 719
844 708
876 712
913 697
950 708
988 708
1027 708
1059 708
1097 720
1136 714
1171 711
1207 708
1245 714
205 715
244 719
277 713
314 713
345 715
384 713
420 702
452 713
488 724
525 702
558 715
592 713
630 713
663 713
698 713
736 724
768 718
806 715
838 715
874 707
911 713
947 716
982 724
1018 724
1052 708
1086 702
1121 713
1160 713
1191 706
1231 724
223 717
257 717
291 711
325 717
359 717
393 719
429 723
463 707
498 717
530 717
565 720
599 720
631 722
664 712
700 717
734 719
771 711
803 717
836 719
870 711
906 717
940 717
972 717
1006 728
1039 707
1076 717
1109 717
1144 717
1179 728
1211 711
232 721
268 726
299 724
333 724
368 726
396 723
431 724
463 731
498 721
532 721
564 721
599 715
629 726
665 711
695 726
727 714
764 726
797 731
828 731
863 721
892 721
928 721
963 726
994 711
1026 721
1059 731
1093 731
1124 721
1156 711
1192 716
250 724
282 724
313 729
348 727
380 718
410 729
441 724
477 729
510 724
539 724
574 714
605 714
635 714
670 718
701 719
734 729
763 718
796 714
831 714
862 719
892 718
923 714
956 724
992 734
1023 734
1056 724
1086 714
1121 729
1150 718
1185 729
262 732
294 718
324 727
353 732
386 727
419 727
448 730
481 718
510 717
545 717
573 727
606 717
635 721
668 732
698 721
729 721
762 718
791 718
824 732
854 732
886 737
921 737
952 722
981 727
1013 717
1042 732
1076 727
1104 717
1137 732
1166 721
278 730
307 735
340 740
370 733
401 721
431 740
462 730
492 730
520 726
552 730
585 725
614 731
645 725
672 721
703 721
736 725
764 733
797 731
824 731
857 730
887 735
917 730
947 740
979 732
1008 735
1040 730
1067 730
1101 730
1132 730
1159 735
291 734
320 738
352 733
381 743
411 743
440 734
468 724
498 733
526 733
559 743
587 738
619 733
647 735
676 738
706 728
734 724
765 728
795 724
824 734
852 724
882 733
914 738
940 738
973 734
1001 743
1028 734
1061 733
1088 734
1120 734
1148 735
311 732
339 732
369 737
396 728
425 737
453 746
482 731
511 731
540 728
568 737
600 728
625 737
654 739
685 736
714 741
741 737
768 746
797 741
825 728
854 731
883 737
913 728
941 731
970 728
999 741
1028 728
1058 737
1084 741
1113 737
1143 728
317 740
346 734
374 739
402 739
430 744
457 744
484 739
514 731
538 744
566 739
598 739
625 734
651 739
678 739
709 744
736 744
763 735
791 740
820 734
848 744
875 739
905 748
932 739
957 739
985 744
1012 731
1044 741
1068 731
1099 735
1125 734
330 742
356 733
381 742
414 733
439 734
463 742
494 733
518 742
547 737
574 742
599 742
628 733
656 737
683 738
710 742
739 746
764 742
791 733
820 750
846 744
873 742
902 742
926 744
955 750
982 733
1011 742
1036 733
1065 738
1089 738
1118 746
342 736
369 744
396 744
422 747
450 753
475 746
502 744
529 739
555 747
583 736
606 748
636 739
662 749
687 753
714 747
740 753
768 736
794 745
819 748
846 744
875 744
900 740
926 739
954 739
980 749
1006 740
1033 753
1059 745
1084 745
1110 744
