1 21
166 35
340 41
464 76
664 33
767 32
941 13
88 182
211 175
347 204
456 201
551 169
654 198
774 188
893 191
1005 188
42 259
180 263
250 281
347 244
432 247
530 272
603 258
700 260
797 276
874 249
973 256
21 295
81 293
163 294
252 309
322 307
396 295
466 309
530 318
602 310
690 296
762 309
835 309
924 306
971 310
21 334
73 329
138 329
197 354
256 342
318 340
380 342
453 347
513 330
581 336
633 327
696 327
770 335
825 355
895 342
960 335
1011 329
1 366
75 354
130 371
174 366
236 379
303 360
352 367
395 354
454 368
508 360
571 357
623 372
680 368
738 366
794 361
835 368
900 371
958 359
1014 360
45 384
79 384
130 384
184 383
248 385
286 390
346 375
401 385
440 394
499 375
541 383
591 374
648 387
704 383
743 374
797 389
835 388
897 390
949 385
999 378
0 397
47 401
88 401
135 395
173 406
218 403
275 396
314 400
346 405
406 391
450 401
485 401
537 402
583 391
630 401
672 400
712 401
760 406
802 404
843 403
890 395
930 401
989 403
3 413
59 409
84 409
123 413
181 422
224 418
261 414
296 415
336 422
383 422
421 413
463 405
505 416
545 405
587 404
623 422
671 413
704 413
750 417
794 413
828 418
869 405
917 416
965 408
995 409
26 419
66 416
98 416
132 424
174 428
212 428
250 424
286 424
326 424
353 424
394 416
435 416
474 427
515 428
549 432
589 424
634 432
669 424
701 428
737 424
775 424
810 416
847 424
896 424
925 432
967 424
1011 428
12 433
55 429
81 441
124 433
162 433
189 426
229 426
269 433
302 435
337 433
369 426
403 433
441 426
479 437
515 426
547 435
578 433
613 433
653 426
688 437
718 426
764 426
800 433
830 433
870 433
894 433
940 433
967 426
23 445
51 448
87 448
128 434
148 448
184 441
222 441
250 434
280 438
313 441
347 441
378 443
416 443
450 434
483 434
506 441
539 441
580 441
605 441
641 437
673 434
702 441
735 448
769 445
807 441
836 445
871 445
896 441
935 441
23 450
50 451
83 454
117 445
141 449
170 448
211 448
236 442
267 442
295 445
334 445
355 448
390 450
417 451
446 448
480 451
512 444
546 451
571 454
607 448
637 448
665 448
698 450
725 444
755 442
784 442
812 448
852 451
875 454
909 451
56 450
75 454
102 457
144 448
167 454
195 454
224 457
256 460
281 448
313 451
335 454
368 450
399 448
429 460
458 454
484 454
506 454
540 457
570 454
598 457
621 454
655 454
686 460
715 450
736 454
767 454
793 448
829 457
853 454
883 457
90 454
123 459
139 459
171 456
202 456
230 454
252 459
278 456
304 460
331 456
361 459
389 459
414 462
437 454
465 459
498 454
524 459
548 456
571 462
603 459
625 454
659 454
685 459
705 454
731 462
755 456
791 454
813 459
841 459
870 459
119 458
137 464
160 464
188 467
214 467
234 461
267 461
289 459
314 465
338 467
364 459
394 459
416 459
444 464
466 464
494 469
514 466
540 464
570 464
595 464
619 459
647 464
669 464
698 461
717 464
749 461
769 459
790 464
823 464
848 464
118 470
147 468
170 468
197 474
218 468
245 466
271 473
291 468
317 468
340 463
369 468
395 468
411 463
439 468
460 468
488 468
510 468
539 463
559 463
586 463
604 468
630 463
658 463
681 465
710 474
723 468
755 470
783 474
796 471
826 468
148 472
171 472
190 475
213 477
240 472
263 467
285 475
306 477
334 467
350 472
373 469
400 472
427 472
447 472
471 472
494 472
514 472
535 472
562 472
584 472
607 477
633 474
649 470
678 474
700 477
721 467
747 472
768 472
794 477
813 474
174 476
194 476
217 476
242 476
268 478
289 476
311 476
328 478
353 478
371 471
395 478
419 477
442 477
460 476
486 471
508 476
527 471
548 471
574 471
593 476
614 476
640 473
659 473
680 478
705 471
725 471
750 476
771 476
788 473
818 473
171 480
200 479
217 481
243 481
262 479
283 479
304 476
325 479
343 483
367 475
387 474
411 481
432 479
454 479
469 479
496 477
516 483
532 481
555 483
580 479
601 484
623 480
642 479
664 475
684 474
702 480
729 480
746 479
770 475
787 475
195 477
210 482
230 487
255 482
274 484
292 484
317 479
331 480
355 478
372 482
391 484
418 478
438 478
455 486
478 484
498 484
514 478
537 486
559 484
574 478
598 482
614 478
641 483
660 478
675 477
696 482
719 478
741 487
760 482
784 484
208 480
226 485
251 480
269 487
287 484
302 487
325 484
343 482
363 487
382 482
405 484
424 486
444 480
463 486
480 484
496 484
520 482
535 482
555 488
574 482
597 485
616 486
636 484
650 480
672 485
689 484
713 485
731 482
751 480
771 485
220 489
240 483
253 489
269 487
289 488
308 489
328 487
347 483
368 488
389 483
400 487
419 487
440 483
458 484
476 491
496 488
514 489
533 485
555 487
573 488
586 484
606 483
625 489
642 487
666 487
684 483
701 487
718 491
739 491
758 487
235 489
253 487
273 485
288 490
308 489
321 485
339 489
358 491
376 490
396 487
412 485
433 485
446 489
462 489
481 491
501 491
521 491
536 493
557 489
570 490
591 490
610 493
624 489
644 485
662 490
680 489
698 490
713 485
734 491
747 491
239 491
261 493
274 491
288 491
311 489
324 491
341 491
360 491
376 493
393 491
412 491
430 495
447 491
463 491
483 491
497 489
516 489
531 487
546 491
563 489
582 491
601 491
619 493
633 489
653 491
671 491
682 494
703 491
717 493
737 487
247 491
262 491
280 497
295 493
316 493
330 494
343 495
361 494
381 495
393 490
415 495
426 493
447 493
460 493
479 495
492 495
509 495
528 491
547 493
563 493
576 489
592 495
609 495
628 494
643 494
662 497
675 491
692 490
708 493
727 491
269 498
287 498
300 495
316 491
332 495
351 491
364 496
381 495
398 493
410 491
427 496
444 494
459 498
473 493
490 496
506 496
523 497
537 491
555 491
571 491
587 493
601 495
616 495
634 491
653 495
666 493
684 495
696 496
714 498
731 495
277 496
289 494
305 497
323 497
338 493
350 497
367 493
382 497
395 495
413 495
430 497
446 493
459 495
476 497
491 495
507 496
519 498
538 497
554 498
569 496
582 498
598 493
611 496
627 495
643 495
658 494
673 493
692 497
708 498
723 496
285 501
298 499
317 498
329 498
345 498
360 498
375 498
390 498
404 496
420 495
433 498
446 498
461 500
477 498
491 501
508 500
525 496
537 496
550 498
567 495
583 496
596 495
614 501
626 498
641 496
658 499
669 499
688 498
704 498
716 498
283 499
295 503
310 500
329 499
344 499
357 500
371 501
382 497
397 498
414 498
429 496
440 499
457 500
470 496
487 500
499 498
513 500
528 499
542 498
555 501
572 499
586 501
602 500
615 499
627 500
641 499
657 496
671 499
687 500
704 503
288 501
304 498
316 499
329 499
344 499
355 504
369 501
385 501
397 501
412 498
426 502
440 502
454 501
469 501
481 502
498 502
511 501
525 501
539 498
553 501
568 501
581 498
593 499
607 499
625 501
639 501
649 501
662 502
676 501
694 501
302 501
314 503
327 502
342 500
356 502
368 503
383 502
395 499
408 501
425 502
436 504
451 504
463 502
479 504
492 504
504 500
518 503
532 506
548 499
559 502
575 502
588 504
601 502
614 504
630 503
641 505
657 502
667 504
680 499
695 501
301 506
317 504
331 503
343 503
353 504
366 507
382 504
396 502
408 502
421 503
435 506
449 504
460 502
472 505
486 503
498 501
512 505
528 500
542 501
553 501
566 504
580 502
594 505
606 505
618 503
633 502
648 505
661 504
670 500
686 504
308 505
321 507
334 506
346 502
361 505
372 502
387 507
397 505
412 506
424 503
437 505
448 504
461 506
476 502
489 502
500 505
513 505
524 503
539 505
553 505
563 503
577 505
591 505
604 505
615 505
630 503
641 502
656 505
668 503
681 505
