479 236
462 236
449 239
437 233
421 237
410 237
393 239
380 233
365 236
353 233
336 236
326 236
310 237
296 233
283 237
268 236
254 237
242 237
226 233
215 237
198 236
185 236
169 236
157 233
144 234
128 237
116 236
103 234
90 234
76 235
492 235
478 234
463 237
449 238
431 234
418 235
405 234
392 235
374 236
362 235
347 235
332 236
317 235
303 232
287 235
272 232
259 232
248 233
229 236
215 235
201 236
186 236
173 235
158 236
144 237
133 234
115 238
99 238
87 238
74 238
492 235
477 238
464 236
446 235
429 238
418 235
403 233
388 235
374 235
357 236
340 238
328 235
309 232
296 236
281 235
262 235
249 236
234 235
217 235
201 233
188 232
175 235
158 232
142 238
127 232
110 236
99 232
82 232
64 235
51 236
506 236
492 234
473 234
459 232
443 234
425 232
414 231
393 234
380 237
361 234
348 234
329 237
316 234
300 234
285 236
266 231
250 236
237 231
218 234
200 234
189 231
175 234
155 234
138 235
121 236
105 232
89 234
77 237
61 235
46 237
509 230
491 234
479 233
457 233
439 233
423 233
408 233
390 236
372 230
356 237
341 233
326 230
304 231
291 230
269 230
253 234
235 231
218 230
204 235
187 231
167 231
152 233
137 233
119 230
101 233
86 233
66 233
51 231
39 233
20 233
523 232
507 236
482 236
464 229
446 230
430 232
415 228
392 233
376 228
360 230
339 229
320 234
306 228
283 233
269 232
248 232
232 232
216 228
195 228
178 232
160 233
140 232
123 233
103 230
83 228
68 236
49 232
35 232
11 230
530 233
515 227
495 232
478 231
455 227
437 231
417 232
400 231
380 229
360 233
338 229
319 235
302 227
283 235
261 231
248 231
228 231
206 231
187 232
165 232
147 231
128 233
110 231
93 227
72 227
51 231
32 233
14 231
553 230
526 225
512 232
486 230
467 226
445 227
427 231
405 232
385 230
361 232
343 226
322 232
301 230
277 230
257 231
237 232
215 230
199 234
178 230
158 234
140 227
110 232
97 230
73 230
52 230
39 231
14 232
577 230
556 230
533 230
512 228
485 230
467 228
441 224
416 224
395 228
374 224
354 228
330 229
306 228
289 228
260 228
236 230
220 225
199 225
178 228
151 229
133 228
103 232
83 228
61 223
39 228
14 228
594 226
570 229
545 226
521 224
501 226
475 226
450 229
424 222
398 229
372 222
352 226
323 221
302 231
281 231
256 231
230 228
207 229
181 221
159 228
133 222
114 231
87 221
61 226
38 223
17 226
613 219
582 219
563 224
530 219
512 221
481 219
455 224
431 230
400 227
378 224
351 221
326 226
299 219
274 224
243 224
212 227
189 230
169 224
131 226
116 224
83 219
57 230
32 224
1 218
649 221
608 222
588 222
553 223
520 222
492 222
469 218
443 228
412 219
379 224
356 219
325 222
297 223
263 218
240 222
207 216
181 225
151 223
121 216
92 224
62 216
28 222
653 225
627 221
584 219
560 213
526 219
497 223
459 216
426 212
393 219
364 220
328 222
297 212
275 220
232 219
212 221
178 216
144 219
110 213
79 215
48 212
14 212
660 217
620 218
579 217
550 211
508 216
476 208
438 222
401 208
366 218
329 215
300 219
256 207
227 218
187 215
155 222
117 215
85 215
35 215
4 218
653 214
603 213
569 210
534 214
489 203
443 201
400 206
363 215
321 210
273 210
235 201
200 211
156 212
114 202
77 215
39 203
658 196
629 203
584 203
524 203
475 198
436 198
378 205
331 203
288 197
240 205
199 205
145 214
101 209
49 193
4 204
621 197
577 201
525 202
474 197
411 191
352 200
301 208
232 196
180 195
123 196
66 196
23 198
670 183
582 185
533 200
454 186
400 186
315 185
250 187
177 171
112 185
50 169
649 170
551 168
455 149
391 163
283 169
212 150
103 163
20 176
591 132
459 153
344 103
199 93
61 151
325 23
