241 116
234 116
227 119
221 118
212 116
207 118
199 118
193 118
185 119
178 117
172 119
165 118
157 118
151 117
144 118
136 118
129 118
124 117
117 116
110 119
103 118
94 118
89 118
83 119
77 116
68 118
63 116
55 118
47 118
39 118
241 118
232 119
225 118
219 118
212 117
205 117
197 118
190 117
183 116
176 117
168 116
162 117
154 118
146 116
139 117
132 117
123 118
118 116
111 117
104 116
95 118
88 118
80 117
72 117
68 118
58 117
52 117
44 117
37 116
28 117
248 117
241 117
234 117
227 117
219 118
212 117
204 116
197 116
189 119
182 117
173 117
167 118
157 116
149 117
143 116
136 118
126 116
118 117
113 117
105 118
97 116
90 117
82 117
74 117
65 118
58 115
50 116
43 117
35 116
28 117
248 117
239 117
233 117
225 117
216 115
208 118
200 117
193 116
184 117
176 117
168 118
160 118
152 115
143 115
134 117
126 117
118 117
112 117
103 118
95 117
87 115
78 115
72 117
63 116
54 117
47 117
37 117
30 117
22 116
15 117
257 116
249 116
240 116
232 115
223 116
214 117
206 115
197 116
190 115
180 116
174 116
166 115
156 115
146 117
139 116
132 116
122 115
114 115
105 115
96 115
87 116
81 116
71 118
63 117
56 115
47 117
38 116
28 115
20 117
12 115
266 118
256 116
248 116
239 116
229 117
221 114
210 117
200 115
193 117
183 118
176 116
165 115
157 117
146 118
139 115
128 114
119 117
110 116
101 114
94 116
84 117
76 114
66 115
55 116
48 116
38 117
28 116
19 116
10 117
4 114
266 116
255 114
247 115
237 117
228 116
218 117
208 117
197 114
187 116
180 113
169 115
160 113
149 113
141 116
131 113
121 113
113 115
104 116
91 115
83 113
73 113
64 115
53 113
46 115
35 115
26 117
17 114
5 115
276 117
265 113
256 115
244 116
237 116
226 113
216 117
205 117
196 115
183 115
173 113
165 115
155 116
145 115
132 117
124 116
111 115
104 115
94 113
84 115
70 115
63 113
53 115
41 116
32 116
20 113
9 115
2 115
286 115
272 114
260 115
252 114
241 114
229 113
218 113
207 113
196 114
183 113
175 114
164 116
151 116
140 112
132 113
120 114
107 114
98 112
88 114
77 116
65 114
54 116
41 114
32 115
19 114
10 115
296 113
283 112
272 114
260 114
247 114
236 111
223 112
213 114
201 113
189 113
177 111
165 114
153 114
140 111
127 114
115 114
105 116
94 111
82 114
71 113
59 113
46 114
34 112
20 111
8 113
0 111
298 113
284 111
270 112
258 112
248 113
234 113
219 112
205 111
193 109
180 115
168 109
155 112
140 112
128 113
119 114
101 109
90 113
78 112
66 115
50 112
40 112
24 110
14 110
2 112
312 111
302 111
287 108
269 111
258 111
241 113
228 109
214 109
199 111
187 108
169 111
154 108
141 112
127 111
114 108
96 111
82 111
69 109
55 112
39 111
26 108
10 108
0 111
333 106
313 109
297 109
283 111
265 106
255 109
239 106
221 112
204 107
188 106
168 111
155 107
137 106
119 109
104 110
88 111
71 107
55 109
39 111
26 111
7 111
324 103
305 111
281 107
267 104
249 107
229 107
215 107
192 104
176 107
160 107
136 103
118 109
105 108
87 107
64 107
50 105
28 105
15 107
323 105
308 102
286 100
266 104
244 107
221 106
202 105
185 102
162 109
144 103
116 102
100 104
73 108
56 106
34 107
13 104
327 102
301 104
272 102
255 98
231 106
206 101
174 103
153 95
129 103
99 106
75 106
55 98
28 100
9 96
318 96
288 99
254 99
221 94
188 96
161 98
133 101
102 96
67 98
45 95
15 97
289 80
262 87
212 84
185 80
137 86
93 81
55 87
19 90
298 83
247 74
184 77
142 74
77 73
22 78
323 29
241 48
121 21
20 37
