61 1
134 21
376 21
460 42
545 18
621 22
694 10
35 75
99 106
178 88
248 86
316 71
386 75
455 75
528 94
588 77
664 67
736 88
15 152
88 135
154 136
210 134
274 133
342 124
397 125
466 118
529 126
586 144
660 151
715 135
50 176
107 180
163 192
221 177
277 178
337 185
388 177
448 185
504 176
559 185
615 193
665 161
731 177
29 218
78 224
133 197
176 225
229 201
280 211
331 195
386 212
435 195
481 195
537 203
589 201
636 196
690 213
734 202
17 243
61 236
110 229
157 222
203 229
255 223
301 222
347 250
389 236
438 237
488 228
528 229
579 236
630 227
677 236
717 222
46 247
79 265
126 251
172 260
215 253
258 265
302 259
347 251
389 260
432 272
476 259
520 262
558 251
604 246
649 265
693 252
737 259
24 279
65 291
110 273
147 279
190 274
225 280
266 279
310 280
348 279
386 279
427 285
471 272
510 272
544 268
591 279
629 286
672 273
712 291
744 268
12 303
53 291
86 297
126 291
165 297
197 297
239 297
274 297
313 290
352 297
385 302
423 303
459 303
500 297
534 302
572 290
612 300
649 297
682 303
720 285
28 312
62 301
96 311
130 312
169 301
203 311
238 305
271 317
305 322
344 301
376 312
414 306
448 312
484 317
515 317
555 311
587 322
620 312
659 317
693 317
726 301
24 315
59 335
95 315
121 330
155 325
186 327
222 325
254 325
287 319
322 325
352 325
388 325
420 315
452 330
486 325
521 335
550 325
584 325
616 319
648 325
686 325
716 325
750 320
5 341
42 327
70 342
103 327
134 337
165 327
195 332
224 342
258 342
288 337
317 331
348 337
378 337
411 337
444 337
472 327
503 337
536 337
568 327
599 346
627 337
660 337
687 327
720 331
749 327
31 342
57 342
87 347
115 352
146 338
175 347
203 338
232 342
261 347
290 347
319 347
351 350
381 338
409 347
436 356
468 347
495 352
526 347
556 347
583 347
615 347
642 338
670 343
700 356
730 356
23 348
48 357
75 359
106 348
128 365
161 348
190 348
214 357
241 357
272 361
300 352
328 359
354 348
382 361
411 352
436 358
464 348
493 357
522 352
550 365
577 348
606 357
632 352
661 357
689 357
717 357
744 357
12 360
40 357
65 365
92 357
116 373
144 373
169 365
198 365
221 365
249 369
276 365
303 373
329 357
356 360
380 368
409 365
436 357
460 369
488 365
513 369
541 357
567 357
593 357
619 365
649 369
675 373
699 360
726 361
9 377
30 381
60 365
81 377
108 373
133 375
160 373
182 365
207 368
235 377
259 373
286 374
310 373
334 381
360 368
387 373
412 369
434 377
461 375
485 368
513 374
538 373
562 365
589 368
613 365
639 373
663 365
688 373
715 377
18 384
44 380
66 387
92 376
114 380
138 387
164 376
189 380
212 372
236 382
260 376
284 376
310 380
333 375
355 380
379 382
406 372
431 380
455 387
476 380
501 387
523 380
551 387
572 372
597 380
620 372
644 380
667 372
692 372
13 386
34 388
58 386
79 388
104 379
125 394
151 379
172 393
193 393
219 382
241 382
264 388
289 383
309 386
334 393
355 386
380 386
402 388
424 393
449 390
471 379
493 388
519 388
538 379
564 386
585 388
610 386
630 386
657 386
678 383
28 392
50 389
71 388
95 392
117 385
139 392
162 392
184 385
202 396
226 392
250 385
271 389
294 392
317 396
336 392
360 392
382 385
405 392
425 396
449 385
471 396
494 392
513 385
538 392
557 392
579 385
601 392
627 396
648 392
670 388
35 398
57 398
78 391
98 398
120 394
142 398
165 394
186 398
207 400
227 398
247 398
271 398
291 398
312 398
336 401
354 398
379 391
400 398
421 398
440 391
462 401
485 394
504 398
528 398
550 401
572 401
590 404
611 391
634 398
654 401
50 404
72 396
89 410
112 404
133 403
154 403
173 403
194 404
216 403
235 400
256 406
278 405
299 403
320 403
339 396
361 406
379 403
401 403
421 405
442 396
464 396
483 396
503 396
523 396
545 406
568 409
587 404
607 403
626 396
646 396
65 414
85 411
105 407
126 407
145 409
164 409
185 401
205 401
226 404
245 407
264 401
284 401
305 408
324 407
343 407
363 407
383 407
402 411
424 407
442 407
464 401
483 408
502 414
523 414
544 408
561 401
583 411
602 414
621 407
641 414
73 409
93 408
109 412
130 418
150 406
167 412
186 413
207 408
226 412
246 412
262 412
284 412
301 414
320 412
339 409
359 406
379 412
398 406
416 412
436 412
454 406
473 406
494 414
513 408
532 412
551 409
569 415
587 413
608 415
626 412
86 416
104 419
120 416
138 419
160 410
178 412
194 419
215 410
232 416
250 416
268 410
288 416
306 412
326 410
343 412
361 413
380 410
398 410
417 410
435 410
452 410
471 416
490 410
508 419
527 410
545 416
564 416
581 416
600 410
620 422
112 417
130 416
147 420
166 420
182 421
202 420
220 416
236 421
273 419
290 414
309 414
327 417
343 422
362 419
381 414
398 420
414 416
432 414
450 420
470 417
486 414
504 420
524 422
541 420
559 420
576 420
594 419
612 416
243 420
331 418
347 418
399 418
433 420
521 420
555 418
573 418
605 420
214 421
229 421
248 421
264 421
280 421
415 421
497 421
516 421
