238 116
230 118
223 117
216 117
210 116
201 118
196 118
187 116
181 116
173 118
167 118
161 118
154 118
146 118
141 119
133 118
126 118
119 118
111 118
105 118
97 118
91 118
84 117
78 119
70 118
62 119
57 116
49 116
44 116
37 118
246 117
237 117
231 116
223 117
215 117
208 119
200 117
194 117
187 117
180 118
171 118
166 117
156 118
149 117
143 117
135 117
129 116
121 116
114 117
108 118
101 118
92 117
84 117
78 117
71 117
64 117
56 117
47 116
40 119
33 117
249 116
239 117
234 118
225 116
217 116
209 119
201 117
196 119
188 119
179 116
172 117
165 119
157 118
150 118
142 116
133 116
125 118
118 117
110 116
104 118
95 117
89 118
80 117
73 116
66 117
56 117
51 117
41 117
35 116
26 118
247 117
240 117
233 117
224 116
217 115
209 117
201 115
194 118
185 118
176 118
167 115
159 118
152 115
144 117
135 115
127 118
120 115
111 117
104 117
95 116
88 116
79 117
70 117
62 117
57 117
47 115
40 118
30 116
23 118
14 118
253 115
244 117
236 117
228 117
218 116
209 116
202 116
191 115
183 116
176 116
167 116
159 115
151 115
140 118
132 117
125 116
116 116
108 115
98 116
91 115
82 117
74 117
63 116
55 116
46 115
40 116
30 116
22 118
14 115
6 115
262 116
253 114
244 117
233 116
225 115
217 118
205 114
199 116
190 114
179 118
170 117
162 114
154 116
144 116
135 115
126 116
116 118
107 116
100 116
89 117
80 115
70 117
62 116
55 114
43 116
35 116
27 116
15 116
8 116
0 116
267 115
257 115
247 115
236 116
228 113
217 115
209 115
199 116
189 113
180 116
172 116
162 115
150 115
143 116
132 114
124 114
112 117
103 116
95 115
83 116
76 117
65 116
57 117
45 115
36 116
26 115
17 116
6 116
276 116
263 113
255 113
244 116
231 113
224 116
212 113
201 115
192 116
182 112
172 115
161 115
150 115
138 112
127 116
118 115
110 112
100 116
89 113
79 115
67 115
57 113
46 113
35 115
28 115
14 115
7 115
283 114
270 115
260 112
250 115
237 114
226 115
215 113
206 115
195 113
184 114
171 116
160 114
152 112
139 112
129 114
116 115
105 114
93 114
85 113
72 114
62 114
48 116
41 112
30 113
15 115
6 116
296 113
283 114
272 113
258 114
246 114
233 113
220 112
211 110
198 111
187 115
174 114
161 112
149 115
139 113
124 113
111 113
100 114
90 114
78 113
64 114
55 115
43 114
26 113
13 113
5 114
302 113
291 110
278 112
266 112
251 112
237 112
228 115
214 113
197 109
184 111
172 113
160 112
148 112
134 112
121 112
108 113
96 112
83 109
67 111
54 110
43 112
30 109
15 113
5 112
311 108
296 111
282 112
267 111
252 108
240 111
225 109
214 111
197 111
184 109
168 112
156 112
143 110
129 111
114 108
97 108
85 111
69 111
58 112
43 108
24 108
14 108
333 111
321 109
307 107
293 109
269 109
257 112
241 108
224 111
207 113
195 111
175 109
158 109
145 106
130 106
111 111
99 109
79 111
66 110
47 109
31 110
17 109
1 109
326 107
304 104
291 107
274 109
252 107
237 108
219 104
199 111
181 104
167 108
147 104
131 108
108 107
93 109
74 108
60 108
40 109
23 107
9 108
319 103
302 107
285 105
264 105
241 101
222 107
202 103
182 107
159 105
140 105
123 103
102 105
81 105
59 103
37 103
24 105
2 105
338 102
314 103
288 103
268 104
242 102
221 100
197 99
174 98
153 107
128 104
106 102
78 97
55 98
35 105
14 107
321 94
301 102
273 95
246 99
217 99
191 100
166 95
137 98
111 99
88 99
57 104
26 93
3 98
317 87
294 92
260 92
223 94
192 94
159 92
118 85
89 96
57 96
24 93
302 83
261 79
213 87
172 84
135 86
92 88
47 88
9 79
292 70
239 63
177 63
122 74
61 62
2 74
331 19
235 41
101 32
25 15
