36 17
624 0
93 60
244 109
384 66
523 66
660 41
35 125
161 101
282 122
379 127
503 127
612 87
731 89
28 175
118 138
213 160
309 161
388 135
484 175
575 162
677 173
64 163
151 162
231 188
312 188
390 209
471 186
550 187
619 188
706 199
29 226
100 195
179 211
238 206
311 227
388 211
450 206
520 205
594 195
660 207
726 211
14 222
79 221
141 221
199 211
259 222
324 221
385 221
443 221
511 222
563 205
626 204
690 204
1 235
55 236
110 236
166 219
219 244
275 236
326 219
381 236
438 251
493 244
541 219
600 244
654 236
710 236
38 246
89 247
133 246
185 251
230 237
281 231
330 246
379 250
433 249
478 251
526 253
573 232
627 246
674 251
726 245
28 241
70 247
112 254
157 255
201 255
249 255
294 241
337 254
380 242
422 241
472 261
514 261
559 241
602 257
650 248
695 247
741 255
14 261
61 261
99 261
141 264
181 261
222 249
267 262
303 261
347 263
390 265
427 267
471 261
512 254
555 268
595 249
634 262
677 261
718 254
40 256
78 279
112 267
152 267
188 268
228 267
268 267
302 273
340 273
379 256
416 273
458 267
496 256
536 267
570 268
610 256
650 279
683 267
30 278
66 276
103 284
136 284
177 262
210 266
245 262
278 273
312 266
352 273
388 273
419 278
457 273
488 263
528 273
562 273
599 273
631 273
671 278
28 288
58 278
91 277
122 277
157 271
190 277
225 278
258 279
289 278
320 281
357 288
390 278
421 287
454 278
484 278
522 279
551 267
584 277
615 278
647 278
41 272
70 286
104 286
133 286
167 272
193 281
227 277
256 291
287 286
318 272
350 272
380 284
411 272
440 282
473 272
502 277
532 272
564 276
592 282
626 291
61 290
86 285
117 294
147 281
174 277
204 277
232 294
261 280
288 285
319 285
350 287
376 285
404 285
435 285
464 290
493 277
520 287
550 294
578 285
607 276
79 292
104 296
134 292
162 288
187 288
215 297
244 288
271 280
299 280
324 283
351 288
382 283
408 288
436 290
464 288
489 296
516 280
544 280
570 288
599 288
93 287
116 290
144 286
172 291
197 287
222 298
248 290
276 299
300 290
329 292
355 283
380 291
406 295
433 291
458 291
483 292
511 283
537 291
561 283
589 293
107 295
134 288
161 286
185 293
207 293
234 293
258 293
284 297
308 297
334 286
358 297
383 286
409 295
431 285
456 289
483 297
508 293
533 297
558 293
581 289
121 295
144 297
166 295
191 302
213 295
237 288
262 291
283 291
309 299
332 295
355 295
379 299
403 288
427 288
450 295
473 299
499 302
521 291
545 298
568 302
131 291
151 297
174 293
199 294
220 301
240 304
264 304
286 301
310 297
334 290
356 299
378 304
399 304
424 290
447 297
469 304
490 297
514 290
537 297
558 293
143 293
162 299
186 299
206 299
227 295
249 299
270 299
293 299
315 293
337 301
358 299
379 295
403 299
425 299
445 302
467 295
489 293
511 299
531 299
552 293
