708 4
156 1
289 8
390 43
507 74
590 48
682 76
10 74
148 71
252 85
359 105
448 129
528 129
605 150
679 156
746 162
80 104
162 123
249 161
342 145
411 170
485 180
555 177
611 201
683 203
737 220
14 163
100 176
183 189
260 186
339 178
403 203
470 210
527 238
583 208
640 237
688 219
741 232
39 180
113 187
186 194
248 222
314 227
377 223
440 237
489 247
540 258
596 253
639 248
687 248
732 267
37 224
112 230
175 226
237 231
298 249
356 260
409 273
462 247
511 266
554 272
601 281
635 265
683 269
722 279
7 252
79 233
134 259
196 250
253 271
306 271
355 257
405 275
451 278
498 291
538 272
581 277
619 300
655 284
694 286
733 302
11 260
64 268
128 268
183 274
231 277
283 267
328 285
379 281
417 292
465 308
503 305
546 301
581 292
616 307
657 310
691 312
721 302
46 282
99 291
148 278
201 289
247 281
290 296
337 292
377 306
415 306
455 314
494 313
530 301
567 310
598 307
634 326
667 323
700 324
12 283
57 294
110 285
151 307
199 291
244 294
288 315
329 299
368 313
404 320
441 324
477 321
509 317
543 326
575 333
608 335
641 331
667 328
9 302
57 312
109 301
151 305
190 319
237 304
273 318
314 315
349 311
383 325
418 333
455 318
487 336
521 333
549 324
580 342
608 339
637 345
32 313
74 318
120 318
160 309
203 323
236 325
278 337
311 334
347 331
380 328
413 334
448 337
476 328
511 340
539 341
566 343
597 349
622 349
11 310
45 322
87 314
129 328
165 319
203 336
238 344
276 335
308 339
341 344
374 350
405 346
435 346
465 340
493 351
523 348
548 352
579 356
602 354
12 335
52 337
90 334
129 340
162 337
198 344
233 343
263 345
298 347
328 339
357 347
392 351
420 350
448 355
476 352
501 345
526 355
552 348
577 349
26 337
62 344
100 345
137 333
170 338
202 346
232 347
266 348
293 354
323 342
356 353
382 354
410 355
436 365
464 358
488 351
518 360
539 363
563 358
28 334
60 339
93 349
126 353
160 354
193 353
222 352
254 354
284 355
311 351
340 366
367 360
395 368
421 361
447 366
469 368
495 368
520 369
541 371
12 348
46 354
77 351
112 344
141 354
174 355
203 357
232 349
258 367
289 360
316 361
340 362
369 355
392 357
416 368
441 367
464 360
491 364
512 377
536 372
16 354
46 360
77 352
109 358
139 368
168 363
196 357
225 364
252 366
279 360
305 366
328 359
355 360
377 369
404 370
427 371
449 372
473 369
495 369
513 367
31 360
63 361
92 358
123 365
150 360
177 366
205 371
229 368
259 361
280 374
306 363
331 371
353 372
376 366
400 370
422 371
446 376
464 370
487 385
507 379
31 369
63 370
92 362
115 376
147 365
170 370
199 363
224 372
248 373
273 374
296 378
319 375
342 376
363 384
386 378
407 379
431 372
451 387
472 381
491 385
40 372
67 374
95 371
122 372
148 377
171 374
198 379
221 379
245 372
269 381
291 374
315 386
337 373
359 384
380 377
400 375
420 386
441 390
461 387
482 385
49 377
75 374
99 376
124 379
151 380
176 377
200 378
223 380
243 380
268 381
291 385
312 379
333 384
354 384
374 378
393 385
415 392
433 386
451 390
470 391
60 379
88 371
109 386
135 380
155 380
182 378
204 382
226 389
246 390
267 387
290 385
310 385
330 379
352 383
371 381
389 382
410 389
427 392
445 384
465 390
70 380
93 374
114 382
139 383
163 377
183 384
203 391
225 385
248 388
269 384
289 387
309 388
329 382
348 392
366 390
387 390
404 394
423 394
442 395
458 393
67 390
91 384
115 387
137 381
158 392
182 383
202 381
223 382
242 392
263 386
282 390
304 393
322 385
342 393
359 395
379 387
394 399
414 395
431 397
446 395
76 393
99 387
120 387
143 385
160 395
183 386
202 396
222 391
244 391
262 395
282 386
300 396
320 388
338 397
357 392
373 389
391 395
407 393
423 396
441 397
82 389
104 389
127 387
144 394
168 388
186 392
206 398
223 393
244 396
262 396
280 396
299 395
317 396
334 399
352 393
370 394
385 394
403 393
420 393
436 402
81 392
103 392
121 393
143 393
162 395
182 397
200 397
218 395
236 390
254 398
274 397
290 397
308 398
324 398
343 398
358 399
376 402
392 403
408 400
423 401
90 394
111 397
128 395
147 395
167 396
187 396
205 391
223 392
242 398
258 404
275 400
294 401
310 405
326 400
344 395
360 396
375 398
390 402
406 403
422 405
93 399
112 391
130 402
148 397
168 392
187 398
205 393
223 394
239 400
257 400
271 406
291 401
305 404
323 397
339 397
354 400
369 403
386 406
399 404
416 404
91 398
112 393
130 395
145 402
164 400
184 395
200 398
217 406
234 403
251 396
268 402
283 399
299 408
314 403
331 404
347 406
362 407
377 410
391 402
405 408
95 396
115 397
130 402
149 398
166 402
182 407
200 397
216 405
232 408
249 408
267 399
281 404
297 409
312 400
329 400
343 405
358 408
373 409
387 408
402 402
104 401
121 402
138 402
155 405
172 405
188 403
205 401
220 401
236 404
252 405
269 405
284 408
299 406
314 409
329 407
343 405
358 403
373 408
386 403
401 404
103 400
122 398
138 404
154 404
172 401
187 405
201 410
219 406
234 411
249 406
264 402
281 407
295 408
310 405
325 408
339 408
352 404
367 406
379 411
394 409
111 405
127 400
144 405
159 403
176 411
192 402
206 407
222 407
237 408
253 409
267 404
282 409
297 410
310 405
325 412
338 410
353 411
365 410
378 406
392 409
112 401
128 404
143 407
159 412
175 408
191 408
205 410
219 411
235 406
250 411
264 405
279 410
293 410
306 413
319 411
333 415
346 411
361 412
374 410
387 416
110 410
128 410
143 408
157 411
174 410
189 409
204 409
217 411
232 415
247 410
261 408
274 411
288 411
303 412
315 414
329 414
343 414
355 411
367 413
381 413
116 411
131 410
148 405
163 412
177 410
192 413
206 411
221 411
234 414
249 407
262 409
275 412
289 413
302 413
315 413
328 415
341 409
354 412
367 412
379 414
