39 312
110 305
214 276
349 232
523 145
700 116
959 9
23 416
94 401
162 379
256 372
356 344
491 269
617 264
806 212
18 460
60 454
116 463
183 449
249 410
326 391
426 372
530 376
632 336
769 287
941 243
8 494
35 509
86 495
139 472
186 471
250 470
317 453
397 415
482 399
577 382
691 366
803 359
951 329
4 541
39 514
74 530
113 507
160 508
211 500
263 492
322 490
385 472
465 443
540 450
628 440
723 398
840 407
950 359
37 549
75 545
108 552
150 535
191 521
237 529
286 516
335 509
396 509
456 493
515 485
598 476
676 461
768 451
860 435
977 420
98 559
139 541
170 541
205 535
244 537
295 538
342 526
395 519
447 500
508 506
569 488
648 479
724 479
812 468
901 437
1007 443
142 552
174 553
212 550
249 545
291 547
331 536
378 543
431 531
477 526
537 519
596 512
664 511
729 499
817 492
902 466
989 457
189 570
221 562
261 557
292 570
335 550
377 557
418 535
465 542
519 536
567 538
631 525
696 524
764 517
832 520
906 497
1004 503
292 570
366 558
407 560
448 546
489 558
537 536
593 536
643 525
702 536
768 540
829 513
900 514
984 497
