1213 674
1128 685
1035 677
948 675
893 686
797 680
1241 674
1197 669
1047 675
946 678
854 675
1277 656
1212 673
1167 672
1120 672
1062 661
1001 661
911 657
859 658
806 671
1261 662
1094 658
1041 658
994 662
924 656
861 658
822 661
749 645
1269 646
1206 642
1131 647
1022 656
950 642
904 641
840 652
785 650
1248 634
1109 625
1040 643
847 646
783 645
1321 612
1242 630
1180 626
1103 626
1032 618
967 619
891 623
728 615
1189 603
1092 609
944 608
787 612
1187 593
1112 592
859 578
766 580
1397 555
1294 537
1217 566
817 559
701 556
1598 526
1481 534
1357 515
1263 520
1118 529
907 522
786 501
1568 478
1277 440
1001 454
893 416
755 452
482 462
1634 407
1484 385
1331 409
998 395
834 393
642 405
485 410
274 397
1906 247
1670 265
1427 174
1257 164
1001 287
584 287
341 256
132 295
1526 67
787 43
473 42
