5 129
250 118
438 122
597 101
826 139
979 137
29 258
118 228
278 277
398 251
522 232
660 279
820 267
982 247
58 299
174 312
274 320
371 329
477 311
565 309
684 294
788 305
913 317
28 346
150 331
214 366
309 349
405 349
476 346
581 357
673 347
753 335
852 346
929 349
1006 335
55 358
126 365
208 378
260 357
335 373
430 373
498 374
565 377
650 381
720 373
811 388
866 376
950 374
55 406
139 393
201 386
259 406
328 387
393 400
450 393
512 386
582 407
650 397
714 380
773 381
833 394
916 406
964 406
5 397
61 414
128 397
176 408
239 411
296 414
354 410
398 408
453 397
514 408
586 420
634 414
681 397
738 397
798 408
852 396
910 414
976 414
35 420
105 425
138 420
180 413
243 420
298 420
345 420
397 420
439 409
489 420
553 425
590 420
650 420
692 420
752 420
800 420
856 425
903 420
939 430
1000 425
46 439
108 434
152 429
197 420
237 439
290 434
343 429
389 439
429 420
480 420
515 429
564 429
618 424
656 439
706 424
755 429
794 420
836 429
892 420
939 439
976 429
75 445
125 437
158 437
199 446
247 440
288 433
331 441
371 432
408 437
442 446
485 437
538 437
574 437
620 441
651 437
694 445
736 437
775 439
822 428
855 441
908 446
950 428
981 432
131 451
174 443
210 444
244 440
294 447
327 443
363 448
407 443
444 444
474 448
515 439
556 452
595 439
638 436
672 443
704 445
747 435
788 436
826 444
853 446
899 446
934 439
977 439
1017 446
134 445
171 449
210 449
244 449
281 449
317 453
344 453
380 453
419 453
456 457
491 457
522 442
558 451
592 457
639 449
670 457
699 449
743 449
774 449
818 453
849 449
882 449
924 453
962 457
989 456
182 456
221 454
258 455
279 447
316 454
350 454
385 454
411 450
452 454
479 447
517 454
542 447
576 457
609 447
646 456
677 457
711 457
746 453
774 453
809 453
845 461
873 453
909 454
939 449
980 454
1003 454
211 465
237 458
265 454
304 452
333 458
366 458
396 461
427 464
450 464
489 458
513 461
547 458
582 451
605 452
642 452
666 458
700 458
729 452
765 451
796 451
824 454
847 458
889 461
919 465
953 458
980 458
1008 458
204 462
228 456
257 462
285 463
320 465
348 456
380 462
404 462
433 456
459 463
497 458
526 461
549 462
582 462
605 468
637 462
670 465
702 456
720 458
760 462
782 462
807 463
843 462
875 468
901 465
929 456
958 462
984 458
1012 456
233 471
262 465
288 459
312 466
339 465
372 461
395 459
417 465
450 467
473 461
506 465
527 465
561 468
588 465
609 468
643 459
665 459
689 459
722 462
753 459
773 459
801 459
826 465
862 470
884 465
907 470
939 459
965 461
995 465
259 467
286 467
308 467
340 469
362 468
389 467
415 464
434 469
468 467
489 467
511 462
543 467
569 464
592 462
614 470
640 470
672 467
695 462
719 469
747 472
766 470
795 468
824 467
845 462
874 472
900 467
926 473
950 467
976 468
998 467
262 467
288 465
319 470
337 465
366 464
388 470
409 470
436 471
456 472
482 469
510 470
529 467
560 470
585 470
605 465
629 469
658 467
676 466
702 467
726 470
745 475
777 470
795 470
821 469
841 469
869 472
894 466
917 467
937 469
963 465
274 471
294 471
313 474
342 472
364 467
382 467
406 467
432 467
456 472
474 471
502 467
525 469
543 474
564 467
588 467
609 472
637 474
656 471
679 467
701 469
725 472
751 467
767 469
798 469
821 472
841 471
862 467
887 471
909 472
935 472
294 473
312 473
334 473
356 468
377 469
397 473
423 473
444 471
464 476
481 469
503 468
525 478
549 469
569 469
594 470
612 478
638 473
659 476
681 473
699 474
725 475
746 476
769 478
787 478
808 473
826 474
853 478
872 473
894 468
917 470
298 477
320 472
339 475
354 471
380 477
399 475
417 475
438 477
462 475
478 473
504 477
523 472
541 479
563 470
580 471
599 470
627 471
646 475
666 475
688 475
707 472
726 475
748 473
770 475
789 475
807 476
824 470
848 477
870 477
890 474
307 474
330 478
349 472
369 474
385 477
405 477
429 476
446 474
467 477
482 472
506 472
524 476
540 474
560 474
581 476
600 476
619 480
637 473
658 476
678 476
703 476
718 476
734 478
758 476
780 474
797 473
816 480
838 472
854 472
872 472
324 480
343 476
358 476
380 478
396 475
418 478
434 478
451 474
470 474
494 474
513 479
527 478
547 479
564 482
583 482
602 478
627 482
642 476
662 478
677 474
696 475
713 480
734 476
754 478
774 478
791 478
811 480
830 482
849 478
866 475
337 481
349 480
366 480
387 479
405 475
421 479
441 479
461 480
476 475
498 480
512 477
529 476
547 483
567 476
585 479
602 480
620 480
639 479
659 475
675 479
694 479
709 477
728 479
746 476
765 479
784 475
801 476
817 481
834 477
853 477
335 482
355 481
373 482
387 479
405 483
424 479
440 483
458 481
472 481
491 479
512 478
524 484
544 477
562 481
579 477
597 481
615 479
630 477
647 481
666 484
682 484
698 481
718 478
738 481
750 477
771 477
790 481
803 481
823 481
839 482
345 482
361 483
378 483
397 482
411 484
427 484
449 482
464 482
478 483
496 480
511 480
532 480
549 478
562 482
579 484
596 484
617 482
629 480
644 480
662 486
684 482
698 482
714 484
732 478
748 479
765 479
783 483
796 480
815 482
831 479
340 485
355 485
370 482
389 484
405 480
419 484
436 484
452 483
470 485
484 485
499 483
516 485
531 484
548 480
565 480
583 485
597 481
617 482
631 484
645 487
663 480
680 483
699 484
713 483
726 483
740 483
761 482
772 480
791 484
808 480
354 485
373 482
389 485
400 485
417 485
432 483
451 483
465 489
480 483
495 483
512 485
530 487
546 485
559 483
573 483
594 486
606 482
622 481
639 485
654 488
669 483
686 483
701 488
715 485
734 488
747 482
764 487
780 483
795 488
814 485
352 489
365 486
384 488
397 486
411 486
428 482
441 489
458 487
472 482
490 486
502 483
521 486
535 486
548 484
564 486
580 484
593 482
608 484
623 486
639 483
657 488
669 487
688 486
701 486
718 487
734 486
747 487
763 489
775 482
793 483
363 487
375 488
392 487
408 487
420 488
434 488
453 488
464 487
483 485
495 485
509 485
524 485
541 487
552 487
571 488
581 484
598 487
613 488
628 488
643 486
660 489
670 487
687 488
700 490
716 488
734 487
745 484
761 488
773 487
790 488
369 489
383 488
400 487
412 489
424 485
438 488
455 491
469 485
481 486
498 488
511 488
525 486
538 489
555 489
570 487
581 484
599 488
612 488
624 487
638 489
656 488
666 489
681 487
698 484
714 488
728 488
742 489
753 489
769 488
782 484
361 486
377 489
392 489
402 486
416 488
433 486
447 490
458 489
475 490
485 488
499 489
515 489
528 490
543 489
555 487
571 491
584 492
598 488
613 490
628 486
638 486
655 487
667 490
680 488
697 491
708 487
724 489
736 492
749 490
764 489
376 489
389 489
403 490
418 491
432 491
447 489
459 489
472 486
486 486
499 490
512 488
526 490
540 489
553 489
565 489
578 489
590 487
608 491
618 487
634 489
648 489
658 489
672 486
686 489
697 486
713 490
729 486
741 491
755 489
768 491
379 490
393 490
407 490
420 490
430 492
445 490
460 493
470 490
484 489
496 488
511 490
524 487
538 487
551 490
565 490
576 490
589 487
604 491
616 488
630 487
640 490
656 490
667 490
681 490
695 490
708 490
722 490
733 491
744 493
758 487
383 490
396 491
408 488
421 490
433 491
443 490
458 489
469 488
482 488
498 491
510 491
522 492
535 488
546 490
559 489
574 491
584 490
597 493
609 488
622 488
634 491
650 489
662 489
676 491
685 489
701 492
711 489
728 491
736 491
748 489
386 489
401 494
410 491
426 488
437 494
449 494
459 491
473 492
487 494
498 493
511 489
523 492
534 488
547 494
558 489
574 489
584 492
596 491
608 489
620 491
634 491
644 492
656 494
670 491
682 491
698 491
705 491
721 492
734 491
744 490
390 493
400 490
415 492
427 492
440 492
451 492
463 492
472 492
487 489
498 492
508 491
522 491
535 492
544 492
556 489
572 491
584 492
596 494
606 490
617 492
630 493
642 492
654 492
664 489
678 489
689 492
703 491
715 492
724 492
740 490
388 492
399 491
410 492
423 492
435 489
445 492
458 493
468 493
479 492
493 492
503 489
517 495
526 489
538 495
550 490
565 491
575 492
587 494
599 492
608 494
623 491
632 492
646 490
656 494
667 493
678 491
691 493
702 492
714 492
724 494
392 492
403 490
411 495
424 492
436 492
446 493
457 494
469 493
481 491
494 492
504 492
514 491
525 491
536 494
550 493
560 493
570 493
582 492
594 494
605 490
617 492
629 490
639 491
651 490
662 490
674 491
686 490
697 493
707 492
719 493
