964 955
1022 948
981 942
945 949
912 954
868 939
841 940
799 951
765 938
725 949
686 937
1040 933
997 924
965 921
923 923
884 928
852 934
814 927
772 923
725 933
697 941
1054 908
1019 916
980 914
938 914
901 916
856 905
815 915
785 918
743 907
693 915
1060 885
1011 899
968 890
929 893
899 905
857 901
809 884
765 896
731 893
691 888
1071 869
1023 873
981 877
938 881
901 869
851 863
818 880
771 873
725 869
683 882
1056 839
1027 848
977 847
937 850
881 855
849 837
805 849
754 853
712 846
669 848
1065 813
1009 819
972 810
925 821
874 813
835 821
786 829
747 824
691 830
643 822
1096 788
1041 796
998 795
959 799
908 785
861 793
812 795
750 779
707 794
655 787
1099 769
1044 747
988 753
943 751
887 750
834 755
775 758
733 762
680 753
635 760
1110 729
1050 735
992 725
948 713
900 726
839 717
779 719
731 714
673 738
619 711
1122 683
1075 671
1019 700
973 697
908 673
844 693
787 690
747 687
693 688
620 673
1146 638
1097 642
1042 649
968 631
902 649
848 657
792 641
726 634
679 640
614 636
1187 587
1119 597
1046 577
989 588
934 601
865 598
807 581
734 580
672 599
601 591
1165 549
1086 543
1011 534
962 547
883 551
832 545
758 542
693 542
625 539
571 551
1191 498
1116 503
1057 484
998 480
922 490
840 478
770 494
696 489
646 485
564 494
1239 417
1162 433
1104 417
1020 435
950 440
874 437
790 442
729 423
641 433
579 429
1279 361
1211 353
1132 353
1046 356
951 359
885 351
796 356
716 359
631 332
539 336
1261 234
1156 256
1066 270
997 247
889 247
829 259
739 260
644 242
559 253
467 244
1290 151
1195 155
1095 149
1007 167
920 170
808 180
722 171
638 148
528 156
432 150
1382 19
1271 19
1191 23
1057 21
988 0
872 10
769 16
654 3
554 35
438 24
