326 144
336 141
323 140
312 143
329 136
315 141
308 143
295 140
331 140
309 136
298 144
290 140
279 140
325 131
308 138
293 137
283 137
277 139
268 145
330 126
304 130
296 137
279 139
270 137
264 144
258 144
249 143
335 118
319 128
296 128
287 134
271 137
259 136
250 140
244 141
240 141
330 123
306 119
277 130
266 136
256 131
249 138
239 136
232 138
230 139
226 143
311 117
286 128
264 127
250 128
238 130
234 138
229 136
220 140
219 141
215 139
212 146
332 100
279 104
253 117
246 129
234 125
220 127
218 130
210 137
205 139
202 140
202 138
200 145
288 63
230 97
223 109
211 121
203 119
198 130
196 129
194 140
188 140
189 140
187 141
185 140
182 140
191 56
167 82
177 99
170 113
176 131
174 134
172 135
169 138
171 136
173 139
169 144
172 142
173 144
20 16
75 97
110 108
125 117
133 123
136 131
141 137
147 130
150 135
150 136
149 141
155 139
156 145
31 96
76 111
91 121
102 126
118 136
122 129
127 136
129 138
137 138
137 139
140 140
140 146
38 125
59 117
79 124
86 135
98 135
105 135
112 139
114 142
123 139
125 140
28 122
46 131
59 128
76 131
84 135
91 141
99 141
103 139
110 141
12 123
36 137
48 136
61 137
73 137
79 142
89 139
91 143
10 134
30 136
41 138
54 140
68 143
75 143
80 143
10 138
25 136
38 143
50 141
61 142
67 143
4 138
22 137
29 141
39 143
51 146
15 138
28 142
35 144
0 138
6 141
16 143
5 141
