282 2
189 114
392 96
557 112
748 87
946 160
76 226
235 251
383 256
517 212
680 244
814 226
969 248
43 336
167 317
291 317
423 294
535 336
672 280
789 319
921 317
100 349
205 349
313 396
413 365
526 397
624 334
740 396
841 383
939 365
79 404
166 415
272 402
354 398
450 402
544 408
641 428
730 373
819 373
903 383
999 372
28 426
115 427
192 428
269 451
361 425
434 433
515 427
605 427
689 425
778 451
850 413
923 414
1003 416
71 448
153 425
222 453
300 437
368 435
444 438
525 447
600 447
666 448
745 449
820 425
886 425
975 471
51 466
117 455
180 466
250 454
320 467
384 467
458 467
520 446
583 468
657 476
719 446
785 466
853 466
928 487
997 477
27 482
87 463
152 482
208 483
272 491
335 483
393 493
454 472
513 463
579 482
639 482
696 482
762 473
819 483
888 482
940 471
1008 501
19 494
76 485
122 493
191 476
246 476
296 494
356 476
411 493
470 483
530 475
586 477
642 493
698 493
756 511
817 502
873 493
922 483
981 476
38 488
91 504
143 508
196 504
250 504
304 513
355 488
410 505
459 512
516 504
568 505
618 505
671 488
727 509
778 494
827 489
882 494
935 505
987 494
34 514
82 513
131 518
178 514
231 513
281 506
332 513
377 514
425 513
479 513
528 499
577 504
624 513
677 518
729 529
772 521
822 514
872 514
916 499
970 513
1019 514
3 535
60 514
105 506
147 521
192 521
242 521
285 521
338 514
379 506
427 535
478 521
520 521
566 507
617 512
661 521
710 513
751 512
796 507
852 535
897 513
943 528
985 521
36 535
81 515
125 529
168 522
216 515
253 529
299 535
345 520
388 528
429 528
472 529
516 529
560 520
605 543
649 529
696 529
736 528
783 528
822 520
864 515
911 529
954 515
1000 535
22 535
64 542
103 548
146 542
190 535
228 542
275 527
312 535
353 535
397 535
435 535
477 535
519 535
563 535
602 527
646 548
685 535
727 538
768 541
803 522
848 529
886 522
929 529
968 522
1017 548
1 540
37 552
79 540
123 541
158 543
198 547
243 540
278 540
317 540
356 544
394 541
437 533
475 540
515 546
556 541
592 528
632 546
670 542
713 528
750 528
789 533
829 541
870 540
905 528
945 546
983 528
4 534
37 545
75 534
114 538
149 538
185 545
223 545
258 551
300 545
337 545
371 551
413 545
446 551
485 538
521 539
562 557
595 533
633 545
673 545
713 545
746 533
789 557
826 557
863 557
895 545
937 545
972 545
1011 551
15 550
57 545
84 555
122 550
160 550
194 555
235 539
266 543
305 545
337 539
371 550
406 556
442 561
481 550
514 550
553 550
587 544
622 544
657 539
692 544
731 550
763 539
798 539
836 553
873 556
905 539
946 553
982 550
11 560
48 544
78 554
112 544
147 554
181 554
214 558
246 554
280 565
315 548
351 554
384 554
417 555
454 544
486 544
521 554
556 555
585 560
624 560
654 565
688 560
725 560
757 560
794 565
824 555
858 544
894 554
925 554
962 565
31 548
63 558
94 548
127 558
160 558
192 563
221 563
258 558
291 558
322 548
355 563
385 569
420 560
451 558
481 561
513 548
547 569
580 548
613 558
643 548
677 560
713 558
745 569
777 558
810 558
842 553
871 558
908 558
939 558
14 556
49 556
74 571
112 555
143 555
171 571
204 556
234 561
269 551
296 564
327 566
359 571
390 552
421 567
455 571
484 562
517 566
546 566
581 561
611 565
640 562
670 551
702 556
736 551
768 561
801 564
827 551
863 567
891 563
925 556
65 555
90 565
120 568
151 565
180 565
212 569
241 555
273 565
302 565
334 565
361 555
392 570
421 555
454 555
481 569
513 555
543 559
573 568
604 565
633 565
661 565
692 565
724 569
782 565
814 570
842 565
874 559
904 559
53 568
83 571
139 568
167 570
197 559
224 568
256 568
284 568
314 559
342 568
370 571
401 571
429 568
487 559
512 573
543 568
574 568
599 568
629 568
659 568
687 568
717 559
745 573
773 572
804 568
828 559
858 562
887 568
69 573
98 571
152 562
238 562
261 571
291 571
319 566
346 571
371 571
402 567
427 571
484 566
512 566
538 562
567 562
595 566
623 571
650 571
678 571
705 562
729 562
759 562
788 571
816 566
842 571
867 562
175 565
228 569
307 565
360 569
519 569
573 565
625 565
730 565
757 565
865 565
210 571
236 571
262 568
415 572
441 568
518 571
542 572
571 568
594 568
622 568
647 568
174 571
248 570
395 571
420 571
470 570
741 571
840 571
160 573
182 573
327 573
351 573
374 573
611 573
683 573
