416 18
700 58
823 59
939 75
97 27
258 59
397 81
525 74
646 97
746 97
845 118
945 134
129 98
262 136
372 150
491 170
585 178
689 163
787 230
867 227
940 233
27 180
157 151
265 204
365 209
465 199
559 210
648 232
722 244
798 254
881 261
947 281
1015 283
27 213
145 229
241 243
335 269
424 239
500 266
583 260
656 283
731 291
804 297
863 309
930 303
981 290
85 255
170 266
264 271
345 268
422 288
492 272
564 281
633 294
699 310
759 306
822 304
876 318
931 313
986 346
4 294
91 288
172 306
251 283
325 295
396 325
462 338
533 323
592 328
646 323
710 340
771 348
811 331
873 351
914 346
964 359
41 311
123 298
189 331
263 318
327 331
395 338
455 323
519 345
573 359
628 354
682 358
737 351
781 374
835 352
877 373
926 375
970 378
1010 381
57 326
119 348
189 343
258 365
317 361
374 356
430 376
489 368
541 357
593 360
651 389
694 376
744 395
786 367
834 400
873 396
913 390
951 379
992 389
29 339
92 342
152 357
209 360
272 363
330 384
383 371
438 359
491 380
535 389
589 384
634 386
678 390
724 396
769 409
808 383
847 386
882 393
922 391
956 399
996 409
37 349
87 368
150 362
206 391
263 377
313 372
363 398
419 386
469 389
512 392
559 408
607 397
645 403
685 402
730 404
771 406
812 422
845 404
876 406
910 409
952 430
984 422
1012 408
47 377
107 366
159 384
214 387
263 389
314 406
362 409
408 397
457 386
499 405
543 398
582 399
624 403
670 411
708 413
741 415
779 418
817 407
848 409
887 435
916 424
947 427
982 434
1010 430
14 373
65 392
121 380
170 396
219 399
268 388
312 390
361 405
400 400
445 410
488 404
529 415
567 416
610 418
645 408
678 422
720 429
751 414
785 427
819 429
854 442
887 438
913 434
944 446
971 426
1000 427
23 407
73 409
127 405
173 398
224 402
263 411
311 413
352 402
397 417
433 419
477 427
515 423
550 431
588 420
622 416
659 430
694 431
724 433
759 429
788 436
824 437
850 432
883 450
912 442
942 453
966 445
992 446
1017 437
6 401
49 402
99 403
143 417
187 419
231 423
278 420
320 415
355 422
400 413
437 415
471 428
510 418
546 431
582 426
618 423
650 425
683 437
714 439
746 451
779 447
808 443
833 438
864 435
890 437
918 443
944 449
973 453
1000 454
2 428
51 417
100 419
143 422
187 423
227 413
266 415
308 428
345 432
384 431
421 433
458 440
492 425
527 438
559 444
595 440
626 442
655 443
687 434
719 448
748 441
774 438
805 443
831 451
859 445
887 443
912 459
937 455
963 461
33 424
78 419
122 421
162 422
199 430
241 432
279 434
317 438
350 437
390 438
425 434
461 441
491 442
523 443
559 445
588 436
620 441
649 448
679 453
710 461
735 457
763 453
791 455
815 446
843 456
869 457
896 461
919 455
946 460
39 436
82 438
124 427
162 428
200 447
242 433
277 428
312 440
345 442
382 443
413 444
450 441
479 437
513 458
546 449
572 451
602 442
635 447
662 454
691 450
716 451
741 448
773 467
798 455
823 465
846 461
870 458
897 458
920 464
11 446
53 426
93 438
127 445
170 442
203 448
239 433
275 445
308 441
345 438
373 449
408 455
441 445
472 452
500 453
528 455
558 456
588 451
616 467
644 459
673 460
698 460
726 462
749 457
773 455
799 464
824 457
848 470
869 459
893 463
30 442
66 433
103 450
135 450
172 447
208 453
242 459
275 455
309 452
340 457
375 448
404 455
434 456
465 457
492 458
521 459
550 460
580 461
606 457
634 472
659 464
684 467
710 470
731 458
757 463
779 460
804 465
826 462
851 479
872 472
36 447
68 458
106 449
139 450
172 461
206 452
242 454
272 456
303 460
339 457
367 458
397 459
425 463
453 461
483 457
511 463
539 468
566 465
591 457
618 470
642 468
669 460
693 461
717 465
740 471
764 471
786 464
808 477
830 466
851 467
51 451
86 457
123 445
155 455
187 447
222 451
251 453
282 459
312 460
340 465
373 462
400 463
427 468
457 465
482 470
509 461
535 463
563 476
586 461
610 470
637 470
663 471
684 464
711 481
733 482
755 482
774 475
799 476
820 477
841 481
58 447
89 457
120 458
157 455
182 464
215 461
248 462
277 467
308 455
334 460
364 462
390 458
417 467
443 472
470 477
498 470
521 471
549 472
572 468
596 469
620 466
643 470
669 475
689 468
711 469
734 479
756 482
777 471
800 481
821 480
66 470
100 466
134 454
163 463
193 456
224 465
253 466
281 469
307 468
336 477
363 464
391 470
416 471
441 472
469 465
493 465
518 474
543 475
563 480
591 480
611 484
634 481
658 482
679 483
702 487
721 480
743 474
765 482
784 482
805 490
72 464
107 457
136 466
164 459
194 468
224 469
252 474
277 474
306 471
334 472
359 465
386 477
409 482
436 476
460 476
483 478
506 469
530 485
555 471
577 479
598 472
621 482
646 481
666 489
687 482
709 483
729 480
747 484
770 484
788 485
80 463
113 464
137 477
172 465
200 466
225 480
252 468
278 473
307 466
331 477
356 479
382 484
406 469
430 481
457 486
477 479
503 483
524 484
550 481
570 484
590 482
612 475
633 479
657 477
678 484
699 487
716 479
737 490
755 488
777 484
85 479
115 464
141 473
169 476
197 474
222 475
250 479
275 468
303 477
327 477
353 478
375 471
400 483
423 473
449 474
469 485
494 475
515 479
538 485
559 484
581 484
600 485
622 485
643 490
662 493
682 487
703 491
721 488
742 485
760 485
94 474
124 477
149 483
175 477
201 479
227 470
252 479
279 479
303 480
329 473
352 481
375 484
400 485
422 483
444 491
468 477
487 488
510 485
533 486
551 486
572 487
594 488
613 488
634 482
653 492
672 493
692 490
709 484
728 487
746 492
99 479
127 478
150 481
177 472
203 482
228 483
255 474
275 482
301 483
326 479
348 484
369 484
394 482
414 485
437 493
458 483
481 483
500 481
522 482
542 485
562 489
582 490
602 490
621 485
638 485
658 485
678 492
697 489
714 493
730 488
111 484
139 481
163 482
190 475
213 484
238 480
260 484
284 488
307 479
331 489
353 483
375 487
396 488
416 495
438 490
461 489
480 486
500 497
522 484
542 498
560 485
581 494
599 493
617 495
635 487
653 488
673 494
691 498
708 497
726 490
116 485
143 484
168 484
190 485
216 481
238 482
262 480
283 494
306 494
329 488
348 492
371 489
393 486
413 484
435 491
454 498
474 488
493 489
515 487
533 487
553 487
571 488
589 501
609 495
626 495
645 499
663 496
680 503
697 498
713 499
123 486
150 482
173 480
197 484
217 488
243 482
264 489
287 490
305 493
328 490
350 488
370 485
391 486
411 493
432 487
451 493
470 494
489 497
510 495
529 492
546 496
565 498
583 497
601 497
619 497
635 492
653 499
671 500
687 500
703 494
128 495
152 482
174 483
196 490
219 492
241 491
262 491
283 498
306 486
327 486
347 487
366 500
386 494
407 498
426 497
445 497
466 496
484 496
503 497
521 498
537 492
556 504
573 498
591 493
609 502
625 500
644 501
660 500
678 502
694 501
128 494
152 494
174 498
197 488
217 492
237 499
260 493
282 490
302 494
320 495
341 495
361 499
379 499
399 496
418 497
437 503
456 498
473 492
493 501
510 496
529 499
548 502
564 503
582 503
598 495
615 498
631 502
647 503
665 504
680 497
131 494
154 490
178 490
197 494
220 495
239 492
260 495
281 502
302 490
321 500
339 503
360 499
377 494
395 495
414 499
433 499
451 502
470 494
488 501
504 503
523 501
538 496
556 504
573 508
590 502
606 499
621 506
639 506
654 505
670 507
143 501
164 492
183 497
206 496
225 498
247 491
267 494
284 498
305 498
324 495
343 500
361 494
381 502
398 495
417 500
434 501
452 498
470 501
486 504
505 502
521 497
538 498
553 503
571 498
585 499
602 504
619 506
635 500
650 511
665 506
145 496
165 500
186 492
205 492
224 501
244 498
262 495
282 502
302 503
320 500
339 502
357 501
376 496
392 502
411 499
429 503
444 508
464 498
480 509
496 506
513 507
528 504
546 505
560 505
578 505
593 501
608 501
623 506
640 507
654 502
144 501
165 493
185 495
205 502
223 500
243 501
262 500
279 501
298 504
316 501
334 507
354 497
371 502
389 506
406 503
422 506
442 498
458 499
473 505
489 502
507 505
522 503
539 503
554 509
570 512
586 509
601 504
616 507
631 505
644 508
