89 138
261 92
425 40
594 104
767 90
50 162
191 123
313 125
436 157
566 164
699 121
17 150
114 178
210 163
328 146
424 178
530 195
635 209
735 149
46 210
142 212
224 189
313 217
397 190
496 229
581 208
669 188
752 229
48 210
117 244
190 221
272 222
343 229
414 228
493 221
565 221
645 222
719 199
20 222
92 254
151 244
221 223
288 224
354 216
419 254
484 235
552 234
619 222
680 216
754 234
4 244
59 252
122 253
182 244
242 253
301 253
358 233
423 261
483 261
543 252
596 244
653 235
715 243
778 249
23 251
80 268
130 260
185 254
240 260
292 243
349 252
402 255
458 255
509 260
563 241
613 235
666 243
723 251
778 235
9 258
60 261
104 261
155 258
208 243
251 243
300 250
355 258
401 266
449 250
504 265
545 244
597 249
650 258
700 249
749 258
42 250
84 271
133 264
172 271
218 264
266 257
313 251
353 271
398 255
447 264
487 255
536 250
579 257
626 264
673 278
717 271
765 277
32 275
72 274
115 281
154 268
200 256
240 281
284 256
321 281
364 268
407 256
449 268
492 269
535 256
574 268
617 268
663 268
703 268
740 269
789 268
13 261
50 284
94 273
127 272
170 273
209 284
248 266
284 261
327 266
364 279
400 272
441 265
479 261
518 278
559 273
600 273
633 273
679 284
717 284
755 284
789 261
1 276
40 270
74 270
111 270
147 265
181 282
222 265
254 276
294 269
329 265
366 281
404 276
439 282
475 265
510 281
550 276
586 276
620 276
661 269
693 265
730 276
771 276
0 269
35 274
64 273
100 282
133 280
170 280
203 280
235 269
270 280
304 274
339 269
373 273
408 280
443 279
477 273
506 270
544 285
576 280
613 273
643 285
682 283
709 280
745 280
783 282
19 282
52 282
82 277
118 282
146 284
181 287
211 282
247 282
275 272
308 287
341 276
372 287
406 277
438 287
472 273
502 292
536 282
568 272
599 276
630 282
664 282
694 282
725 273
763 292
789 282
4 279
32 289
61 289
92 285
125 285
154 285
187 276
213 285
246 294
278 294
305 276
336 289
368 276
396 287
430 276
458 276
488 285
521 285
550 279
579 285
608 276
641 285
671 285
701 287
733 275
766 294
1 287
27 282
54 283
86 282
115 279
142 287
170 296
199 289
229 287
258 283
285 287
313 287
340 296
370 283
399 289
430 287
459 287
486 283
514 290
544 287
570 287
599 287
630 291
656 282
683 283
716 282
745 279
771 287
17 285
45 294
74 281
102 289
127 294
153 294
181 289
207 289
236 298
261 289
289 289
318 291
344 285
370 289
397 298
424 289
454 289
479 289
507 289
533 294
561 289
586 289
616 289
641 290
668 290
695 281
723 298
751 284
20 291
43 294
73 291
95 299
122 295
148 284
171 291
200 299
224 291
252 284
274 291
300 291
327 295
354 294
380 284
404 284
429 291
455 287
480 295
508 284
531 295
559 288
585 291
608 291
635 288
660 295
688 291
714 291
740 291
6 295
32 293
57 293
80 293
105 297
130 293
155 289
179 288
201 293
228 293
252 286
277 295
303 293
325 289
351 297
376 300
398 293
426 293
448 295
472 286
499 301
523 286
545 286
570 286
594 293
622 293
646 293
669 293
694 297
720 297
29 291
53 290
76 296
97 297
122 290
146 290
169 298
194 291
217 295
240 287
262 296
285 288
310 295
332 298
355 295
381 295
402 296
426 295
449 295
474 298
498 295
521 287
542 298
567 288
591 298
614 295
636 295
662 295
683 288
707 296
44 296
68 296
90 299
114 289
137 296
158 289
180 299
204 303
224 297
247 297
270 303
294 299
315 296
338 296
360 296
384 296
405 296
428 289
451 289
471 289
494 292
518 296
538 296
563 296
583 289
608 299
630 299
652 296
673 303
694 292
53 304
76 304
99 294
118 297
139 294
162 297
181 301
204 301
224 297
249 297
269 291
290 301
311 297
334 291
356 301
376 299
396 297
419 291
439 299
463 299
482 301
506 294
525 291
548 297
570 297
590 297
611 291
635 304
655 304
676 301
69 299
91 305
111 305
132 299
153 299
172 305
192 299
213 292
234 295
255 292
276 295
297 300
317 292
338 299
357 295
380 292
398 292
420 299
440 299
461 292
483 299
502 300
523 305
544 295
564 299
585 302
606 305
626 305
647 292
666 299
86 296
105 300
125 300
144 303
166 296
183 303
202 300
223 306
243 301
262 300
284 303
302 294
322 300
341 300
362 300
382 294
403 294
421 294
442 306
462 303
482 300
500 294
520 301
542 300
559 296
579 300
600 300
621 300
638 294
659 306
96 304
113 301
134 295
152 295
171 297
189 304
209 295
227 298
246 295
265 301
287 297
305 301
325 297
343 295
361 298
380 301
400 301
420 307
438 301
458 304
475 295
496 298
514 304
534 301
553 304
571 301
591 301
608 295
628 304
647 295
108 296
126 305
145 299
163 298
181 303
198 302
217 302
236 305
253 303
272 298
290 296
310 302
327 305
347 302
365 299
383 299
402 296
419 302
437 296
456 302
473 298
494 302
512 305
530 302
549 305
566 307
586 302
603 302
621 298
639 305
118 305
135 305
152 305
169 308
188 308
206 303
225 303
242 303
261 305
279 303
295 304
313 303
332 304
348 305
368 303
384 308
403 308
420 303
437 303
455 305
474 299
492 304
510 305
526 303
544 299
562 303
580 303
598 300
617 303
634 303
122 303
138 303
156 306
175 306
191 300
209 300
226 303
241 306
259 303
277 298
294 303
312 298
328 303
347 300
362 303
381 303
399 301
414 298
433 298
449 303
467 309
485 303
500 300
519 306
535 306
554 309
569 300
587 303
606 303
621 303
131 304
146 307
164 304
181 304
197 299
214 307
229 304
248 304
263 304
280 304
297 299
314 304
331 302
347 299
363 306
380 301
398 299
414 307
430 304
447 301
464 309
481 299
498 309
514 304
532 307
549 305
566 305
583 307
598 304
616 307
138 302
154 305
170 302
187 305
204 302
218 302
235 305
251 305
267 305
285 307
299 305
315 307
332 306
348 302
365 305
380 300
397 310
414 305
430 300
445 307
461 300
478 305
495 307
512 307
528 306
543 300
560 305
576 305
592 306
609 305
