288 133
281 134
275 133
270 133
264 133
258 134
253 134
245 133
241 133
235 134
229 134
224 134
218 134
212 135
207 135
201 134
195 134
188 134
183 134
177 135
171 134
165 134
160 133
155 135
148 134
142 135
137 133
131 133
126 133
120 134
296 134
289 133
284 132
277 133
271 133
266 135
259 134
254 134
248 134
243 134
234 134
231 133
223 134
217 134
212 134
204 134
199 133
194 132
187 133
182 134
176 134
169 134
163 134
158 134
152 134
146 134
140 134
133 132
127 135
121 134
300 133
293 133
289 134
281 133
275 132
268 135
262 134
258 135
251 135
243 132
238 133
232 135
225 134
220 134
213 132
206 132
200 134
193 133
187 133
183 134
175 134
170 134
163 133
157 132
151 133
143 133
138 133
131 133
126 132
119 134
301 133
296 133
290 134
283 133
278 132
272 133
264 132
258 134
251 135
244 134
237 132
231 135
225 132
218 133
211 132
205 134
199 132
192 134
186 134
179 132
173 132
166 133
159 133
153 133
147 133
139 132
134 134
127 132
120 135
113 134
309 132
301 134
295 134
289 133
281 133
274 133
267 133
259 132
252 133
247 133
240 133
233 132
227 132
219 134
213 134
206 133
198 133
192 132
184 133
179 132
172 134
165 133
158 133
151 133
144 132
138 133
131 133
124 134
117 132
111 132
318 133
311 131
305 133
295 133
289 132
283 134
273 131
269 133
262 131
253 134
247 133
239 131
233 133
225 133
218 132
212 133
203 134
196 133
190 133
182 133
175 132
167 133
160 133
154 131
147 133
138 133
133 133
124 133
118 133
111 133
325 132
317 132
309 132
300 133
294 131
286 132
279 132
272 133
264 131
258 133
250 133
243 132
233 132
229 133
220 132
213 131
204 134
197 133
191 132
181 133
176 134
168 133
161 134
153 132
146 133
138 132
131 133
122 133
114 132
108 132
335 133
324 130
320 131
311 133
300 130
296 133
286 130
278 132
271 133
263 130
255 132
247 132
238 132
229 130
222 133
214 132
208 130
200 133
191 130
184 132
175 132
166 130
159 131
152 132
145 132
135 132
129 132
121 133
112 131
105 131
334 132
326 130
318 132
309 132
301 132
292 130
285 132
277 130
268 132
260 133
250 132
244 130
234 130
227 131
218 132
210 131
201 132
194 131
184 132
178 131
167 133
161 130
153 131
142 132
135 133
128 132
118 130
111 132
101 132
329 132
320 132
310 131
301 130
294 129
284 130
277 133
266 132
258 130
248 133
241 131
231 131
221 131
212 132
207 132
197 131
187 132
179 133
170 132
160 131
151 131
143 132
133 131
124 131
116 131
109 130
99 131
338 130
328 130
318 130
312 132
301 131
289 128
279 129
270 132
262 131
253 131
244 130
234 131
226 131
216 131
208 128
195 130
186 129
180 131
169 129
158 131
150 131
142 131
131 128
121 128
111 130
103 131
94 129
332 128
324 130
314 129
307 130
295 130
285 129
274 131
266 131
256 129
247 130
237 128
224 128
216 130
206 130
197 131
185 128
174 128
166 128
154 129
147 128
135 130
127 131
116 128
105 132
97 129
86 128
331 128
320 130
309 131
302 130
287 129
277 129
267 127
256 127
244 130
237 129
224 130
213 130
202 129
192 130
181 129
172 129
158 129
148 130
138 127
127 129
116 128
105 127
96 127
83 131
335 128
323 126
313 131
300 126
290 128
278 126
266 128
253 128
244 129
229 128
221 128
206 129
198 128
187 128
174 129
160 127
153 126
138 126
127 129
115 128
104 126
94 131
82 130
70 128
334 129
323 126
312 129
295 128
285 127
274 126
261 127
247 128
235 126
222 126
212 128
198 128
186 128
171 125
161 127
146 125
136 128
124 127
108 125
96 127
84 127
74 126
330 125
314 124
304 129
288 127
279 126
262 123
246 124
233 128
225 129
210 127
194 124
180 128
169 124
153 126
139 128
129 124
114 127
101 124
86 124
73 124
61 127
337 126
326 124
310 125
294 125
280 125
265 128
249 122
238 125
219 127
208 124
193 127
179 128
163 125
147 123
133 122
120 127
104 124
89 125
77 125
60 123
44 128
320 120
304 125
288 125
273 124
257 122
239 121
220 127
207 124
188 124
175 127
158 122
143 120
125 121
109 124
88 124
73 124
62 121
41 127
326 123
312 124
296 120
275 123
253 122
237 122
219 122
204 122
180 122
167 118
147 122
127 119
112 126
90 124
74 123
58 122
40 120
21 118
334 122
309 120
287 118
267 120
250 121
232 117
209 116
191 117
170 124
151 124
128 122
106 122
83 117
67 120
42 124
25 120
6 122
315 117
297 119
272 111
249 121
226 119
197 116
176 116
147 117
121 121
105 112
77 114
50 111
30 117
5 112
323 114
303 113
273 118
248 112
218 113
187 112
163 112
128 118
104 107
71 112
42 112
22 110
309 109
283 105
246 108
207 113
176 98
130 98
94 108
65 105
26 100
316 99
270 105
221 94
168 90
125 97
79 83
42 87
320 61
261 58
197 63
111 58
38 88
