561 297
544 297
531 300
518 294
501 298
491 298
473 300
459 294
442 297
430 294
413 297
403 297
386 299
371 294
358 298
342 297
327 298
315 299
298 294
287 299
270 297
255 297
240 297
226 294
213 295
197 298
184 297
170 295
156 295
142 296
579 296
564 294
549 298
534 300
515 295
502 296
489 295
474 296
456 296
444 296
428 296
412 296
398 296
382 293
366 296
350 293
336 293
325 293
305 297
291 296
275 296
260 297
247 296
231 296
217 298
205 295
186 300
169 300
157 300
143 300
582 296
568 299
553 297
534 296
517 299
506 296
491 294
474 296
460 295
443 297
424 299
412 296
393 292
379 296
363 296
344 296
329 297
315 296
296 296
280 294
267 292
253 296
236 292
219 299
203 292
185 297
174 292
157 292
138 296
124 297
602 297
586 295
567 295
552 293
535 295
516 293
505 291
484 295
470 298
450 295
437 295
417 298
403 295
388 295
372 297
351 291
336 297
321 292
303 295
284 295
271 291
256 295
237 295
218 296
202 297
184 293
169 295
155 298
138 296
122 298
610 290
591 295
579 294
555 294
536 294
521 294
505 294
487 297
467 290
451 298
435 294
419 290
397 292
383 290
360 290
345 295
325 292
308 290
293 296
275 292
255 292
238 294
224 294
205 290
185 294
171 294
150 294
134 292
120 294
102 294
631 293
615 297
588 297
568 289
549 291
533 293
519 289
494 294
478 289
462 290
438 289
420 295
405 289
382 294
367 293
346 293
328 293
311 289
290 289
271 293
254 294
233 293
215 294
194 290
175 289
158 297
139 293
123 293
99 291
80 295
643 294
628 287
607 293
590 292
565 287
548 291
525 293
509 292
487 289
468 294
445 289
426 296
408 287
388 296
365 291
351 292
329 292
307 292
288 293
266 292
245 292
227 294
207 292
190 287
169 287
147 291
126 294
107 292
88 292
69 294
676 290
646 286
633 292
606 290
585 286
561 288
545 291
523 292
500 290
476 292
456 286
434 293
413 290
389 290
369 291
348 292
324 290
308 295
285 290
266 295
247 288
217 292
201 290
178 290
157 290
141 292
115 293
95 286
70 286
51 286
665 291
642 288
614 291
597 288
567 284
542 284
520 288
498 284
478 288
454 289
428 289
410 288
383 288
358 291
340 285
319 285
295 288
268 290
248 288
219 293
197 288
176 283
154 288
127 288
106 288
86 288
50 293
34 293
660 284
641 286
614 286
587 289
559 281
533 289
506 281
485 287
456 281
437 292
413 292
387 292
361 288
336 289
309 281
289 289
258 282
239 292
213 281
184 287
163 283
139 287
114 283
90 292
64 289
30 286
9 284
665 280
630 279
606 284
581 290
550 287
525 284
498 281
474 286
444 278
419 284
386 284
356 287
330 290
308 284
272 287
255 284
220 279
192 290
167 284
138 278
115 284
79 284
55 284
34 287
7 284
657 282
632 278
608 288
572 278
543 284
513 278
484 282
456 283
421 278
394 282
360 276
336 285
305 284
273 276
244 284
214 275
177 282
148 285
128 282
85 281
54 281
24 283
9 282
676 282
635 275
604 272
568 279
542 280
507 282
472 272
446 279
407 278
382 281
347 276
311 279
278 272
248 275
216 272
182 272
147 272
115 272
75 279
47 279
21 279
673 268
640 282
597 267
569 278
525 275
497 279
455 266
425 278
381 275
350 282
308 275
274 275
228 274
191 277
156 269
115 274
85 275
51 267
14 275
672 260
625 265
587 274
546 270
501 269
461 260
419 270
380 272
333 261
295 274
254 261
199 269
164 264
126 274
78 269
38 279
634 264
596 262
551 256
504 264
454 264
400 273
356 268
307 252
259 263
200 266
158 265
102 263
52 262
14 262
654 259
606 267
533 255
489 254
424 255
365 255
314 256
246 265
201 260
145 243
84 245
41 256
631 245
542 229
478 243
422 227
351 248
281 242
206 228
126 234
53 255
12 245
669 208
590 221
488 234
401 210
306 220
229 210
123 222
40 203
612 171
527 164
381 185
242 182
114 177
376 15
212 29
