210 126
520 147
793 195
986 254
181 220
427 288
605 277
812 358
946 329
54 299
260 339
413 386
569 355
706 349
840 340
962 379
32 338
190 350
344 342
488 413
613 359
724 409
826 407
913 406
1010 384
131 406
270 398
381 429
503 419
606 424
695 414
789 419
876 422
953 412
30 416
152 413
251 416
364 420
457 409
546 438
634 408
714 433
796 446
870 444
943 421
1000 447
32 411
139 414
239 431
330 422
425 457
505 443
582 441
653 426
729 446
786 449
852 442
912 452
985 470
69 447
161 421
241 451
327 426
399 456
478 448
555 440
624 452
683 454
742 456
803 473
865 467
924 475
963 462
8 427
89 446
179 439
251 456
326 458
398 455
465 447
529 457
590 459
652 469
707 462
760 478
818 465
866 480
917 468
961 461
30 461
119 445
185 464
262 458
323 475
395 464
453 454
517 464
576 451
625 466
684 474
731 455
780 457
832 458
876 472
920 486
0 443
70 460
135 469
209 463
267 464
330 452
390 453
446 468
502 462
561 474
609 472
657 472
705 480
748 462
798 476
842 469
880 466
11 479
78 480
146 467
203 481
260 476
325 474
379 464
429 479
481 480
533 462
581 481
629 465
674 470
720 478
760 484
804 469
841 475
38 456
100 483
160 464
218 472
275 473
327 475
381 476
429 464
477 489
524 478
567 468
619 485
662 480
703 481
741 482
783 488
822 489
56 466
121 462
172 476
225 477
275 466
325 484
370 485
423 480
467 470
510 481
557 487
593 483
637 486
678 484
713 485
750 475
790 486
6 469
55 477
114 489
163 473
212 480
265 483
311 481
355 482
406 485
445 473
491 494
528 485
569 475
612 486
647 491
681 487
721 478
758 479
37 479
84 486
137 484
187 476
235 483
277 483
325 484
365 485
414 480
450 476
494 486
530 487
567 488
604 488
642 489
677 494
712 494
743 490
2 472
48 476
94 473
145 489
187 479
235 489
275 491
319 490
358 487
397 492
437 488
479 480
513 499
548 481
586 485
620 491
652 492
689 501
719 493
