516 413
499 413
480 408
461 408
446 410
427 411
409 411
389 413
375 411
357 412
518 405
503 400
483 400
467 401
447 402
427 399
410 404
393 399
373 405
356 402
532 393
514 389
491 392
473 392
458 394
436 388
415 392
400 390
376 393
360 390
525 383
503 371
482 384
466 379
446 381
420 379
402 381
384 384
366 384
345 385
526 371
505 373
483 373
467 371
447 367
421 369
406 368
380 360
358 372
337 375
533 359
507 357
490 360
468 359
441 359
426 358
402 360
382 357
356 354
334 357
547 347
521 343
503 344
479 345
454 342
431 346
408 347
388 345
363 344
341 344
541 334
525 331
494 335
470 332
452 328
428 335
405 329
381 333
353 332
327 331
556 311
524 315
504 314
474 313
455 312
425 317
405 318
380 316
351 315
330 315
551 292
518 298
494 296
466 294
442 293
417 295
393 296
366 298
341 298
315 293
573 275
553 279
519 278
494 274
465 278
443 275
414 281
387 268
358 278
329 275
565 249
536 252
506 256
473 257
444 250
424 257
387 258
357 254
329 253
311 244
591 231
555 225
522 229
491 229
469 224
437 225
403 229
375 227
344 222
313 230
597 187
574 197
538 199
503 199
472 204
432 200
399 204
365 201
338 204
302 199
614 156
576 163
547 156
505 165
472 163
440 166
406 158
367 159
324 160
286 157
610 127
575 129
530 122
495 123
449 127
409 123
382 130
340 116
302 125
261 124
645 90
602 80
560 87
520 88
485 88
448 81
404 84
359 79
311 85
277 88
638 39
588 38
546 31
505 24
460 35
404 30
362 36
309 24
270 28
225 38
