280 148
272 147
264 147
256 150
248 147
243 148
235 148
228 147
220 147
212 149
206 148
198 148
191 148
184 149
177 149
171 150
163 150
155 149
149 150
141 147
133 149
128 149
119 148
113 148
105 149
98 147
91 147
84 150
75 150
70 150
286 146
278 146
272 146
264 147
256 148
248 147
239 148
232 149
226 146
218 148
209 146
202 148
195 146
188 148
180 146
172 148
165 148
158 148
150 148
142 149
135 148
127 149
120 147
114 146
104 148
96 148
90 147
83 148
76 148
67 147
291 148
283 146
274 148
266 146
259 148
248 146
242 148
233 147
226 147
219 146
210 147
202 148
195 147
184 147
178 147
169 148
161 147
155 146
145 146
138 147
130 146
120 147
115 149
107 149
98 146
89 147
83 146
72 147
64 147
58 148
302 147
293 147
285 147
276 148
265 147
259 148
250 147
240 148
233 147
223 147
216 147
208 148
198 149
190 148
180 147
174 149
165 149
156 147
147 147
139 145
131 146
123 148
114 145
106 146
97 149
87 147
80 149
70 147
62 147
53 146
306 147
298 145
290 147
277 146
270 145
260 147
252 146
243 144
233 144
224 145
215 146
208 146
197 145
187 148
179 147
171 144
161 146
151 146
144 145
133 145
126 146
118 147
107 144
99 145
90 146
79 147
71 146
61 147
53 146
43 147
317 146
305 146
297 144
284 146
277 148
269 147
257 146
246 146
237 146
227 146
218 145
210 146
197 144
188 146
179 144
170 148
159 147
149 148
141 145
131 146
122 146
110 146
104 146
93 147
82 146
71 145
61 147
54 145
41 146
34 146
335 145
325 145
312 146
302 144
293 145
280 143
274 143
263 147
253 143
242 143
229 146
219 146
210 145
197 143
189 145
179 145
169 143
158 145
146 146
135 145
126 145
116 144
103 145
96 145
84 143
74 146
65 143
54 144
42 145
31 146
332 144
318 144
308 145
296 144
283 144
273 147
264 145
249 144
240 144
228 142
216 142
205 144
193 147
183 145
171 144
160 145
146 144
137 144
125 142
112 144
103 143
90 145
81 144
69 142
57 144
44 144
35 145
23 144
13 147
331 146
319 143
307 145
293 143
284 141
270 146
258 141
247 143
233 143
220 142
210 143
198 146
187 141
175 142
160 145
150 143
138 143
127 143
114 143
103 145
88 145
75 143
67 142
52 144
40 142
30 141
15 143
2 145
326 142
312 140
298 141
288 144
273 139
258 142
247 139
233 142
217 140
207 143
191 142
179 143
169 142
152 142
138 142
125 142
114 142
101 140
86 141
74 142
62 143
44 142
34 141
18 142
9 143
329 138
314 139
300 141
283 141
270 139
253 139
239 142
223 144
210 142
193 141
180 139
164 139
148 141
136 141
118 141
106 142
94 142
75 144
62 138
44 141
31 141
17 142
2 144
333 141
316 139
300 136
280 141
265 139
248 143
235 139
216 139
201 137
182 141
169 139
152 139
131 139
120 139
103 140
83 139
67 139
50 139
35 138
16 137
331 134
314 133
304 139
276 138
260 136
245 138
228 140
208 138
190 137
170 141
152 137
137 134
115 134
98 134
82 134
60 141
43 139
29 135
8 141
333 133
316 136
293 131
276 132
251 137
236 135
212 131
192 137
168 131
151 133
129 131
110 135
91 130
63 135
45 135
27 131
10 131
331 132
311 129
287 131
261 126
234 133
210 127
185 126
160 129
136 128
112 134
91 133
61 131
43 127
13 136
328 127
294 121
269 127
240 121
211 127
189 130
156 133
129 122
99 130
72 130
40 123
17 133
330 121
299 114
263 115
222 129
191 121
155 122
122 116
83 122
60 124
23 123
306 111
258 105
208 105
161 104
116 112
75 103
39 121
331 96
271 99
207 103
142 93
92 85
19 94
323 32
240 54
120 63
30 62
