521 413
506 409
489 413
468 412
452 413
434 408
416 410
400 413
379 413
360 413
515 404
497 400
482 399
461 403
440 399
421 398
406 403
388 400
368 400
349 402
530 388
514 387
491 388
471 390
453 391
435 389
417 392
395 391
376 391
359 393
520 380
501 374
483 378
462 367
439 380
424 375
398 375
380 376
361 379
339 377
534 368
518 366
490 363
473 360
449 369
432 368
404 367
386 364
368 364
346 364
533 347
507 356
488 355
464 354
442 352
421 355
394 355
375 351
355 355
328 354
554 339
528 336
506 326
484 341
460 336
438 325
412 340
388 340
364 337
342 339
559 325
531 326
508 320
479 323
455 310
429 321
412 323
381 323
362 326
339 320
564 307
538 307
514 309
487 306
464 304
437 306
416 307
388 308
364 304
333 303
564 284
540 282
515 285
481 284
453 289
433 286
400 279
371 289
351 284
317 285
561 264
534 265
511 263
480 264
453 264
419 260
396 266
363 269
338 266
300 265
585 236
551 240
519 241
492 241
461 241
429 235
398 235
365 244
335 240
304 239
575 216
547 213
510 208
484 206
453 215
413 208
384 209
349 214
322 209
292 217
606 185
573 182
531 178
499 181
467 184
431 177
397 180
360 183
324 185
292 179
607 136
566 139
532 136
489 146
447 141
407 143
374 139
334 133
307 142
263 149
626 101
589 105
552 103
507 104
470 104
423 97
378 106
342 102
309 100
262 92
649 51
602 45
548 54
511 51
469 57
414 52
381 38
337 50
277 46
259 49
