468 4
549 8
621 21
690 26
75 27
150 41
232 40
309 58
373 60
451 67
510 74
576 67
640 84
694 96
749 102
3 87
75 72
149 95
215 100
290 87
354 109
415 102
472 125
526 139
587 108
637 129
691 126
741 136
53 154
124 124
175 151
238 147
296 152
357 153
409 155
463 149
518 161
563 164
616 167
663 154
706 179
751 174
6 154
63 181
124 161
182 178
238 164
289 175
336 193
392 195
439 189
483 182
527 194
573 195
618 198
663 199
697 188
742 202
26 193
82 203
133 212
186 193
237 209
282 197
329 205
377 213
419 216
462 218
508 223
551 207
588 222
625 236
668 224
702 232
739 227
1 225
51 230
105 214
146 242
201 217
247 219
287 233
329 234
377 241
418 230
459 241
495 227
534 246
571 236
607 244
641 232
677 245
713 240
748 257
24 247
72 235
114 262
160 263
201 251
247 252
284 253
327 260
367 255
407 267
441 245
481 250
512 262
550 259
585 249
615 266
651 261
680 268
714 252
743 253
7 253
46 272
91 266
133 271
176 268
211 257
250 262
292 276
328 271
367 274
400 272
434 284
470 267
506 274
537 269
566 280
599 279
628 270
661 279
692 277
720 268
751 272
14 293
57 276
95 282
133 294
174 278
212 284
246 274
283 288
317 280
351 281
387 286
419 281
449 287
481 290
515 278
547 288
576 299
601 289
633 299
657 290
690 300
714 281
740 291
30 297
70 285
105 306
145 286
177 307
209 307
249 291
279 292
312 300
348 293
375 299
410 309
436 299
469 300
498 302
525 309
556 305
582 292
608 304
639 303
659 293
690 302
712 305
740 302
12 301
51 308
86 298
121 308
155 308
189 299
217 313
252 309
284 300
315 305
346 309
376 314
403 310
434 310
461 301
491 310
515 315
545 302
571 315
598 311
620 303
649 311
669 312
693 304
717 312
746 316
19 309
51 318
85 314
120 319
155 314
186 319
217 322
246 319
275 319
307 319
334 319
363 319
394 324
418 320
449 311
476 320
501 320
523 312
551 324
578 315
600 320
626 320
652 324
676 324
695 329
717 313
742 321
5 319
33 337
69 330
101 328
133 328
161 328
192 330
224 328
250 324
279 333
310 331
338 328
365 328
390 320
418 333
441 328
468 328
492 331
517 321
543 321
566 321
589 321
611 321
636 332
661 336
682 330
702 329
723 321
743 321
22 341
54 337
86 337
114 339
143 339
173 328
202 328
232 332
258 337
283 328
311 328
339 336
362 336
387 336
413 336
438 336
461 340
487 336
508 336
534 329
557 336
578 343
602 343
624 336
642 329
666 340
686 343
706 336
728 343
0 341
32 340
56 345
87 353
117 337
142 345
170 347
199 340
225 344
252 344
275 344
304 344
327 346
351 344
376 340
401 336
425 344
448 336
470 343
494 343
515 336
536 336
560 345
581 339
603 343
623 339
642 346
662 344
683 346
702 342
17 352
44 356
69 352
96 356
128 344
154 347
177 355
205 344
229 351
254 351
278 343
303 351
327 346
352 343
374 346
396 347
420 343
441 343
465 343
485 343
505 343
527 349
548 342
568 353
589 342
608 349
629 349
648 349
667 342
688 355
26 367
53 355
81 354
104 358
132 358
155 360
183 358
208 353
230 360
254 364
278 357
301 350
326 350
348 353
368 360
391 356
414 349
435 356
454 352
476 349
496 355
519 352
537 348
556 355
579 358
597 355
616 355
634 354
653 354
671 350
40 365
65 365
91 365
116 368
140 371
163 364
189 366
212 371
235 360
257 363
282 366
303 365
325 362
348 355
368 355
391 362
412 362
431 355
451 361
471 357
491 364
511 361
532 362
551 367
569 357
587 360
606 354
625 353
642 363
658 356
50 371
74 370
97 377
120 366
145 370
168 369
191 362
212 362
238 362
259 362
280 362
301 371
323 369
344 367
363 370
384 370
403 373
425 370
445 360
462 366
481 363
501 369
520 367
537 359
558 359
575 362
594 365
612 361
629 361
645 364
56 376
79 379
105 369
127 375
150 368
171 376
192 374
216 367
235 367
257 374
278 373
299 373
319 366
341 374
360 372
379 372
399 375
418 371
438 371
456 374
476 371
492 367
511 364
530 367
549 370
565 370
583 364
601 366
616 363
635 372
65 384
87 387
109 382
131 381
152 379
174 379
196 379
218 372
238 372
257 381
280 371
299 379
318 377
337 377
358 379
376 376
395 379
413 379
432 376
452 370
469 378
485 372
503 375
521 374
539 374
557 380
571 379
588 376
606 379
622 378
69 385
90 385
112 386
134 378
154 384
174 384
194 387
215 383
234 383
256 379
276 378
292 385
313 378
333 383
351 384
370 377
386 380
404 380
425 380
441 380
459 376
476 382
494 379
511 373
525 373
544 372
560 381
577 372
591 374
608 380
73 389
94 391
114 390
136 388
156 388
177 382
196 387
215 393
236 383
255 392
272 386
293 386
309 380
328 391
346 391
364 385
383 379
401 387
418 387
434 384
452 378
470 386
484 383
502 383
520 388
533 377
550 382
567 376
582 381
597 376
80 390
100 390
121 393
140 394
161 389
179 388
198 388
217 392
237 392
256 393
273 393
291 384
311 389
327 384
345 389
363 385
379 390
398 385
413 387
431 387
448 392
463 392
479 386
495 386
511 386
528 386
543 380
558 380
573 385
588 384
