30 180
150 110
278 42
27 307
89 314
177 255
303 203
405 185
562 150
770 41
16 408
81 394
140 375
218 358
303 322
389 334
507 276
646 212
792 194
1012 182
17 457
66 428
124 436
177 430
252 407
311 367
407 349
496 349
595 323
722 298
855 267
1 496
53 469
94 467
137 448
184 476
239 456
305 443
369 400
450 403
541 395
631 368
737 373
864 325
1004 280
4 527
39 521
84 493
116 501
163 478
214 486
257 482
314 475
375 477
437 449
515 424
595 443
679 430
780 410
871 361
43 528
75 522
111 528
147 506
187 500
225 508
268 508
311 501
373 474
431 485
490 450
558 439
634 427
706 433
797 420
899 404
1013 401
101 544
128 538
162 547
202 516
237 524
279 518
321 512
370 507
424 498
475 493
535 467
595 476
676 484
743 439
832 442
916 432
136 552
172 537
204 537
239 546
272 535
312 530
353 532
403 511
451 500
500 516
552 500
617 501
683 494
747 478
826 467
903 463
1001 465
179 559
213 555
242 554
279 554
314 550
355 540
391 522
438 543
486 518
532 505
583 520
637 508
697 486
762 494
839 485
918 476
999 467
223 566
256 555
286 563
320 560
354 555
396 547
434 536
472 539
518 534
569 529
617 510
667 521
731 513
793 511
859 490
934 492
1004 485
267 560
327 564
359 561
393 558
434 554
469 553
514 552
554 531
601 532
649 521
700 542
760 527
813 504
877 516
944 513
388 568
419 568
458 564
492 548
534 566
574 545
618 553
667 543
711 552
764 534
817 516
879 524
939 526
1006 505
422 568
455 570
490 557
521 564
602 548
644 544
690 551
737 540
784 544
835 531
898 534
951 530
1014 529
447 570
478 570
585 557
624 559
664 562
704 559
752 558
796 540
849 547
903 546
963 544
1012 527
532 569
678 568
715 554
761 556
807 563
857 548
907 557
958 536
1010 536
