80 8
176 55
296 40
402 1
507 1
618 10
730 46
836 61
944 10
80 89
174 89
259 102
353 66
440 89
529 65
609 92
711 114
784 67
881 94
964 92
67 133
149 138
222 108
296 132
371 152
449 142
528 134
603 142
686 134
761 140
836 133
909 155
996 139
57 142
126 149
188 159
256 159
325 150
393 171
462 169
530 181
593 150
664 140
738 160
797 143
877 161
942 162
1009 153
37 176
94 185
157 187
217 187
282 190
335 196
404 196
458 187
525 187
581 192
645 168
704 177
766 178
828 187
891 196
946 192
1012 196
35 208
89 207
142 208
197 197
252 215
304 216
357 206
420 216
472 212
526 207
582 206
636 208
688 206
740 208
803 206
851 198
907 208
962 207
24 210
68 238
124 210
164 231
219 231
273 224
314 223
372 224
417 227
472 229
519 210
567 226
620 210
670 224
715 210
766 224
823 231
869 224
920 224
19 246
66 242
109 230
157 226
200 246
246 239
293 226
337 226
385 225
427 226
470 233
522 238
566 245
614 225
655 252
702 239
749 226
796 232
842 245
889 252
52 256
96 262
136 255
180 253
225 250
265 237
308 237
355 237
392 242
439 250
478 249
521 255
567 236
609 255
651 237
692 253
736 242
780 249
819 254
866 256
73 260
114 248
152 260
188 271
231 261
269 259
313 266
348 266
393 266
428 252
471 265
507 261
546 263
584 249
625 266
669 249
705 260
743 264
782 248
827 260
108 263
145 275
183 270
215 263
257 259
293 259
330 270
363 270
400 270
440 270
473 270
512 269
547 270
587 275
624 258
658 275
696 259
734 270
770 270
806 258
130 288
169 278
205 267
239 278
271 278
303 272
341 278
376 283
409 283
443 278
476 278
514 281
546 268
582 278
614 288
651 267
682 283
719 277
755 278
786 278
154 295
186 285
216 285
249 287
284 285
314 285
348 288
378 275
409 276
442 276
478 276
509 285
543 275
574 295
603 285
635 280
670 285
702 280
736 285
770 290
181 295
216 282
243 285
274 291
307 291
338 282
368 282
400 291
428 296
457 300
489 291
521 282
550 291
582 287
610 287
641 286
674 291
701 291
735 293
765 300
193 291
221 305
250 291
280 301
309 291
336 305
368 300
394 296
424 298
456 296
485 300
514 305
541 288
569 291
601 300
628 305
658 296
689 288
716 305
747 296
203 293
232 309
263 293
287 305
315 305
342 301
368 309
396 305
426 301
454 301
482 293
508 297
536 301
564 296
593 305
620 305
648 301
673 301
701 293
730 303
227 300
253 301
279 313
307 307
331 305
361 301
384 297
410 297
439 307
465 297
489 305
517 301
542 309
572 305
598 297
624 305
649 297
677 305
702 305
730 297
231 309
258 310
282 311
307 302
333 309
360 302
383 309
411 302
433 311
461 302
486 312
511 317
534 312
561 302
585 306
611 305
637 317
661 313
688 306
713 305
250 313
273 313
297 310
322 313
347 313
371 313
395 306
419 306
442 313
468 313
492 309
514 309
539 315
563 309
587 306
613 313
636 313
660 313
686 315
707 313
252 324
277 317
301 310
324 317
344 310
369 320
391 310
416 317
437 323
460 310
484 317
507 310
532 317
556 320
578 324
599 324
624 312
646 310
669 310
694 318
271 321
294 320
315 320
336 320
359 316
381 323
405 313
427 313
448 313
471 320
493 320
516 313
537 316
559 320
582 323
604 321
627 316
651 320
673 313
696 320
273 323
296 323
318 316
338 316
359 316
379 326
403 317
422 326
444 323
466 323
487 326
510 323
532 323
551 316
573 319
595 323
616 316
636 326
659 316
681 323
284 331
307 319
327 319
348 331
369 319
391 319
409 325
432 325
450 319
471 325
491 332
513 325
534 322
554 322
574 325
596 325
617 327
637 325
657 325
677 326
