105 1
20 119
99 105
171 79
264 62
360 79
446 69
544 63
654 53
754 73
871 17
1001 37
20 199
92 170
170 166
236 170
321 159
400 150
489 167
573 137
667 131
759 96
855 93
963 84
11 225
80 212
140 220
205 226
277 210
348 229
417 192
490 210
574 195
654 199
736 187
828 170
921 151
11 247
64 273
121 261
185 268
243 245
309 258
374 250
441 227
511 231
577 240
655 240
729 222
807 229
890 226
974 221
25 301
69 299
124 280
177 302
234 291
291 296
344 287
404 304
473 283
531 290
602 289
668 281
730 274
806 291
873 259
953 287
10 344
61 336
104 329
158 328
203 306
262 314
315 320
365 309
425 317
483 324
541 295
594 311
655 298
726 312
787 295
852 292
927 311
994 300
15 353
58 337
99 358
146 350
195 364
240 340
285 347
337 330
383 344
441 327
488 350
545 357
599 339
654 337
716 328
780 352
834 317
904 337
969 330
20 360
57 373
96 372
137 385
184 362
225 355
269 354
318 353
362 352
406 366
454 369
505 372
557 348
612 370
662 345
718 360
768 343
829 358
884 357
944 356
1011 372
3 378
34 377
72 403
112 376
153 389
189 388
232 388
273 394
317 378
358 386
405 371
449 385
497 398
548 368
590 382
644 373
691 366
744 380
796 387
857 394
906 370
961 377
12 407
44 418
82 408
118 405
152 418
190 405
229 404
273 407
313 404
349 390
391 396
431 402
477 408
518 401
567 401
614 392
661 386
705 385
756 392
806 398
852 398
908 397
961 388
5 426
36 432
67 420
101 432
136 426
175 414
209 425
246 407
282 407
318 406
361 411
395 418
436 418
476 424
518 417
560 417
606 417
646 403
694 416
737 416
781 415
832 419
879 401
928 414
979 421
15 422
39 433
73 444
107 438
138 421
171 432
203 432
239 421
270 432
305 434
342 432
376 432
414 435
456 419
494 431
529 437
572 431
610 431
654 431
695 418
735 418
781 430
826 436
868 417
916 416
959 429
10 434
37 438
67 444
98 454
123 444
154 444
186 446
221 449
253 444
286 444
320 433
355 449
387 455
425 455
459 455
497 436
533 436
571 443
610 432
647 431
687 436
728 449
772 455
811 447
857 437
899 446
944 443
4 463
33 444
65 444
90 454
121 459
151 454
178 464
210 449
240 454
272 448
304 459
337 444
367 460
401 444
438 448
471 454
507 455
542 455
577 466
615 443
650 466
688 466
731 455
768 455
809 448
847 455
887 448
928 455
10 472
41 465
64 458
93 453
120 457
147 468
177 463
206 463
233 468
263 464
295 467
325 467
356 464
387 469
418 464
452 464
488 464
516 470
550 465
586 475
620 459
659 465
694 471
730 477
767 477
807 466
846 466
883 455
922 478
5 473
34 471
58 471
84 467
112 476
138 462
164 472
191 481
221 477
249 475
278 472
305 474
333 467
363 483
393 473
425 473
455 464
489 468
518 469
550 469
585 479
618 474
651 475
689 480
722 475
758 475
793 481
828 469
866 476
904 476
29 474
51 481
79 479
102 470
128 474
154 471
179 474
204 480
234 480
261 476
289 471
314 481
344 483
374 491
400 476
433 472
463 482
490 477
524 482
552 477
584 488
617 477
649 473
683 478
714 484
750 479
784 478
821 485
857 490
892 487
48 490
72 486
94 490
120 491
148 495
173 478
197 487
224 490
250 479
276 488
301 493
328 488
357 493
386 480
411 480
439 499
470 484
497 481
529 485
558 481
591 496
622 494
654 496
684 492
717 492
746 483
783 493
814 493
850 483
885 484
62 493
89 484
112 485
135 485
158 498
182 490
207 490
234 489
258 503
283 497
311 495
335 487
362 500
389 505
416 505
445 497
474 497
502 506
531 498
557 498
588 503
617 493
647 493
677 501
708 500
740 494
773 510
803 501
836 501
872 502
88 491
109 500
133 503
156 499
178 495
203 508
225 500
251 496
274 503
299 501
325 493
352 502
375 497
401 494
429 503
453 503
482 504
510 508
534 496
563 496
590 505
621 497
647 497
681 506
710 507
738 507
770 512
801 517
832 513
864 509
106 497
127 497
149 508
171 513
195 498
217 510
240 501
265 498
288 499
309 499
336 507
359 500
385 512
411 508
434 509
460 509
485 501
512 510
539 502
566 506
594 503
620 506
650 514
675 512
706 513
732 508
763 514
792 509
822 514
853 515
127 502
147 517
169 517
190 514
212 503
235 511
258 512
280 512
302 512
327 517
352 505
373 506
399 514
424 509
446 522
471 515
496 507
520 516
547 508
573 508
598 509
625 512
654 520
679 518
705 510
736 514
764 519
792 520
819 524
851 512
144 507
165 522
184 515
208 518
229 520
250 518
272 510
294 525
317 519
338 510
362 511
385 522
409 527
430 519
456 520
480 520
505 525
528 521
551 514
579 522
604 515
627 523
655 515
681 528
707 519
736 527
761 533
787 520
819 530
845 528
159 521
178 513
199 520
219 516
240 523
262 525
283 528
304 522
325 522
346 526
368 523
391 531
413 526
436 524
460 521
481 529
506 529
531 526
554 534
578 522
603 529
628 527
653 528
678 531
702 531
727 521
757 534
780 534
806 535
837 531
