85 6
186 26
414 40
544 2
773 32
897 23
1002 50
14 87
121 92
221 77
317 44
423 45
528 78
616 78
726 77
820 75
918 47
87 120
172 121
262 121
346 132
428 120
511 121
608 121
696 144
782 94
865 95
950 118
1 141
85 157
155 157
228 135
304 141
381 142
462 154
535 168
612 157
692 156
771 179
842 159
921 167
997 132
47 182
124 182
190 160
254 167
327 179
397 191
462 182
530 159
605 192
671 184
738 200
804 170
883 181
955 180
9 207
74 221
141 212
202 212
266 191
329 209
395 203
459 192
520 211
578 191
646 202
706 207
768 184
828 212
896 202
956 203
54 204
111 226
173 231
229 221
285 204
340 212
399 211
454 212
513 221
570 225
632 230
681 226
744 204
798 204
862 204
914 205
970 221
50 231
107 238
156 223
207 237
261 239
315 242
362 228
418 238
475 254
525 222
577 224
626 223
685 254
733 230
787 246
839 238
891 224
943 231
21 252
68 265
116 244
165 251
218 254
265 237
313 256
367 256
409 251
460 259
509 251
556 244
606 251
658 251
705 258
753 258
798 238
853 237
903 259
30 257
73 251
120 264
165 263
212 251
251 277
301 251
345 250
389 263
435 264
482 263
526 271
569 257
615 250
661 267
706 250
752 264
799 270
840 263
891 270
47 285
89 260
131 273
171 286
218 273
256 272
301 272
347 260
386 272
430 280
469 275
512 273
556 276
597 260
642 273
685 279
729 260
771 280
813 273
853 266
76 288
114 285
157 270
196 293
236 274
275 282
316 276
359 275
395 282
436 294
475 293
519 270
556 275
598 287
635 274
676 288
717 281
757 275
799 288
835 270
93 277
127 278
168 292
203 289
244 288
281 289
321 278
354 300
394 300
434 288
470 300
507 289
546 278
583 291
622 282
657 282
700 289
733 288
776 295
813 283
116 296
148 299
186 306
223 296
257 296
293 290
331 285
363 301
398 301
439 296
472 285
510 285
545 301
580 296
614 289
652 290
688 290
720 296
758 301
794 296
146 296
178 304
216 302
249 292
282 297
315 302
351 302
387 296
418 302
452 292
489 292
520 302
555 302
591 307
624 302
658 302
692 302
726 296
761 292
794 292
154 307
188 312
219 307
256 297
284 301
316 307
351 301
384 301
415 317
449 297
483 309
515 297
544 312
577 297
611 310
645 317
677 297
711 307
740 307
775 298
167 302
196 302
226 311
256 321
287 316
320 302
353 316
385 302
413 302
444 313
477 321
507 312
541 314
570 306
603 312
633 302
664 311
695 311
725 312
759 312
182 319
211 316
243 318
273 321
303 321
332 308
362 312
393 316
423 308
450 311
481 308
510 311
542 308
569 308
602 316
629 316
663 325
690 317
721 311
749 317
194 325
225 321
253 317
280 316
309 329
339 323
368 321
396 323
424 316
453 323
481 316
511 312
537 321
566 312
596 322
625 321
653 321
682 321
708 321
740 321
216 327
246 325
271 333
297 328
327 333
355 317
382 316
407 317
434 325
463 333
491 325
517 333
547 325
572 329
601 320
629 329
656 329
682 321
711 333
736 333
222 332
248 328
275 328
304 324
329 328
357 324
383 328
407 328
435 336
460 320
487 324
515 328
542 328
565 328
591 320
620 320
645 332
671 320
700 329
726 328
228 335
257 327
281 332
305 324
330 332
355 332
380 332
407 332
430 332
456 335
482 332
507 332
533 328
559 332
584 339
609 339
636 332
662 332
685 336
710 339
246 336
269 335
296 335
319 331
345 339
368 338
393 335
416 339
441 342
466 342
492 342
514 342
541 328
565 339
588 342
613 338
639 335
662 342
686 330
711 335
248 341
273 339
295 341
320 337
343 338
367 339
389 337
415 345
439 337
460 337
487 345
508 341
535 333
557 341
581 340
603 338
629 330
650 341
674 345
697 330
263 336
285 340
308 340
332 333
354 342
379 336
402 344
425 337
445 342
471 336
491 336
516 342
538 340
563 336
584 340
609 340
630 344
653 340
676 333
700 347
266 342
289 343
309 339
333 343
354 346
376 343
401 336
421 342
445 343
467 344
489 346
511 342
532 342
556 343
579 344
598 336
624 346
646 343
665 343
689 343
274 348
296 345
320 341
341 341
363 345
385 341
406 345
428 351
449 345
469 351
492 351
514 338
534 338
557 345
577 348
600 347
621 345
644 341
665 345
687 341
279 350
299 343
320 341
343 347
362 347
385 341
403 350
424 347
445 353
466 349
487 341
511 348
529 347
551 347
571 347
592 341
615 344
636 343
654 341
677 347
287 355
308 352
326 352
346 343
369 349
388 350
410 346
428 355
448 343
471 349
489 352
512 349
529 350
551 349
572 349
591 349
612 343
632 349
654 349
674 349
291 353
311 351
330 351
349 351
371 354
389 352
411 351
431 351
449 351
470 351
488 354
507 351
529 354
548 357
567 351
588 351
609 351
628 351
648 351
667 357
304 356
324 356
343 356
362 354
380 353
398 359
419 359
438 356
456 359
476 353
496 350
515 353
534 347
552 353
571 350
592 353
610 350
630 353
649 353
668 359
302 360
321 349
338 355
357 349
377 355
395 355
414 349
434 351
452 355
470 356
490 355
509 349
528 355
545 355
563 352
583 351
601 349
621 355
640 355
656 349
310 353
329 359
345 353
365 353
381 358
399 362
418 357
437 353
454 358
473 351
491 357
510 357
528 356
547 357
565 357
583 357
600 359
618 351
638 357
655 351
316 363
333 358
350 358
368 361
386 358
403 360
422 358
440 358
457 363
474 358
494 358
511 353
528 358
546 358
564 358
583 360
600 363
617 358
634 355
651 353
320 362
339 360
355 360
372 360
390 360
406 360
425 360
442 360
459 360
476 362
493 362
510 362
529 357
546 357
563 365
580 360
596 361
615 355
631 360
649 360
323 361
338 361
355 366
373 361
390 356
407 356
424 364
441 363
458 364
474 364
492 366
508 361
524 356
542 359
559 358
575 361
593 361
609 358
627 361
643 361
