110 37
258 1
394 39
541 43
689 33
826 34
44 119
157 90
295 118
412 125
541 145
655 85
783 116
906 83
19 183
132 185
237 197
338 185
437 198
542 183
655 182
769 189
864 182
960 169
66 213
155 204
246 216
333 243
430 203
518 254
612 232
703 243
795 255
895 231
977 206
41 265
125 243
205 245
287 244
362 276
445 275
531 243
608 278
692 266
780 290
864 270
944 276
2 306
79 295
155 305
221 300
306 297
379 305
455 274
521 298
600 299
669 298
750 271
821 299
903 292
964 295
36 339
109 340
182 341
248 319
313 332
378 321
445 326
516 324
584 322
651 303
714 321
783 302
852 328
914 341
982 302
29 343
92 343
158 325
211 347
274 341
333 324
400 352
455 333
516 326
578 343
639 351
697 325
764 351
825 351
881 343
941 343
1006 324
25 345
75 351
129 360
186 367
243 369
299 351
355 361
409 361
470 352
521 378
578 362
633 368
692 352
742 360
796 345
853 352
914 362
973 369
2 362
51 361
99 377
144 379
203 368
246 392
304 377
351 376
408 376
461 392
509 361
556 362
615 380
665 381
713 376
767 361
816 381
863 362
918 377
39 375
87 390
133 393
180 390
226 389
274 389
322 397
373 390
419 404
465 388
516 374
562 389
614 390
658 389
707 390
760 396
799 376
854 389
898 397
32 388
77 402
112 407
169 388
208 408
253 394
297 407
340 401
386 408
428 414
474 393
521 387
561 408
605 393
651 401
699 405
742 401
790 408
833 408
878 401
58 413
101 409
144 416
185 410
228 410
271 402
312 416
351 415
395 416
440 397
483 422
526 416
568 409
608 410
647 416
691 413
734 422
778 402
820 416
858 397
78 405
115 430
154 417
194 418
240 406
275 420
315 410
358 412
397 424
437 418
475 423
516 410
553 423
596 406
633 422
674 417
715 418
755 418
796 430
835 406
95 425
129 436
167 425
208 414
244 425
285 418
324 425
360 425
398 425
436 425
475 425
511 425
550 425
586 418
624 425
664 420
704 431
739 419
781 425
813 425
114 432
152 438
187 438
223 433
258 432
294 436
331 426
369 422
400 426
440 422
472 422
507 422
547 421
583 434
617 432
652 433
688 433
726 433
762 436
796 422
139 428
177 439
212 442
243 433
276 449
310 429
347 439
381 442
412 450
449 432
480 444
518 429
551 428
587 444
618 439
655 439
687 439
720 439
755 449
787 439
153 445
187 435
219 450
250 439
285 445
316 445
348 450
383 450
412 440
444 445
481 435
511 444
543 445
574 440
610 447
644 447
673 445
704 445
738 445
771 445
171 459
203 450
231 459
266 449
295 445
327 449
355 450
387 445
419 453
450 440
481 459
512 440
544 459
577 454
607 455
640 450
666 440
699 450
731 450
762 450
186 445
215 454
241 454
272 455
302 449
332 446
364 454
392 459
422 454
453 449
480 454
512 454
544 456
572 454
600 445
632 454
662 456
693 459
724 459
752 449
203 459
229 463
256 459
287 461
316 463
344 450
371 459
403 450
428 459
460 450
488 459
518 453
546 459
575 461
601 468
630 450
658 450
689 463
718 453
747 459
207 454
232 463
262 454
285 467
315 454
343 467
369 467
398 463
423 463
451 454
479 463
506 463
534 454
561 458
588 463
620 467
643 457
672 471
702 471
728 454
224 471
249 466
278 458
303 467
329 459
357 469
383 468
406 475
434 467
461 470
489 475
513 467
540 467
566 471
594 467
619 475
644 467
674 471
700 463
728 469
231 474
258 470
285 470
309 470
333 465
362 466
387 470
412 474
438 466
462 470
489 477
515 470
540 465
565 478
590 470
617 470
640 470
668 470
694 470
719 470
