981 721
960 720
942 724
915 720
894 720
867 729
850 725
827 730
799 727
776 725
974 725
953 723
930 725
905 728
882 725
861 728
832 721
810 725
787 723
765 728
980 719
958 727
938 721
914 716
885 716
863 721
842 723
818 721
793 718
767 716
983 720
963 714
937 717
911 722
882 722
864 714
838 725
809 725
782 725
765 720
984 713
960 718
927 719
909 715
884 723
858 718
828 715
804 718
781 712
755 715
988 712
956 721
931 719
907 713
879 710
853 710
823 710
804 716
776 712
748 710
992 714
972 711
939 714
909 714
881 713
857 716
830 710
805 713
778 719
749 716
999 711
971 705
947 708
918 705
894 710
858 711
837 705
803 711
772 712
749 711
1000 708
971 705
941 708
918 711
889 702
856 702
829 714
797 708
764 702
731 702
1031 708
998 701
974 705
935 705
907 708
881 709
842 706
816 701
789 705
755 705
1018 705
986 696
956 695
919 702
883 698
860 703
827 702
786 702
762 702
724 705
1022 691
999 698
960 701
925 693
887 705
862 699
824 705
792 691
750 698
717 698
1041 696
1008 687
965 702
934 701
900 698
860 688
828 695
789 695
757 687
722 687
1070 690
1029 698
997 695
958 683
920 684
881 692
841 693
808 694
773 692
726 694
1078 690
1044 679
1005 686
962 681
929 686
889 686
851 678
805 682
772 686
736 679
1080 684
1052 680
1003 675
964 682
919 681
883 672
842 685
798 672
756 681
713 685
1119 683
1069 674
1022 665
971 673
935 669
895 665
854 674
797 664
764 679
708 676
1083 677
1038 662
1003 661
954 656
901 671
852 666
803 676
754 675
707 657
668 671
1114 661
1071 658
1007 651
963 670
918 658
859 658
816 649
753 659
702 664
656 648
1121 650
1075 639
1022 650
963 648
908 637
857 639
790 650
745 649
690 638
634 642
1159 639
1098 645
1047 639
980 638
919 626
869 638
806 638
753 638
697 643
632 626
1181 616
1135 631
1064 627
990 629
945 641
867 628
803 615
738 627
691 614
615 627
1205 615
1132 619
1056 617
1007 628
939 602
866 614
799 621
721 601
669 603
589 616
1244 606
1172 607
1091 596
1002 599
934 607
869 588
779 597
719 613
622 605
557 590
1275 576
1210 584
1095 579
1015 576
942 578
868 558
771 569
696 589
615 576
519 576
1395 572
1323 552
1222 536
1127 560
1038 529
929 549
832 554
752 529
637 551
549 547
1433 514
1330 511
1226 499
1129 526
1001 498
890 492
768 533
668 512
568 529
461 523
1525 458
1392 478
1262 463
1163 474
1027 449
896 471
758 446
663 468
527 469
397 469
1542 381
1373 427
1226 384
1097 427
932 405
774 425
625 403
454 404
310 394
1563 309
1331 342
1147 305
948 325
792 291
595 323
367 323
184 328
1485 132
1343 189
1044 167
784 132
523 114
239 144
45 145
