14 76
67 85
139 62
14 143
66 123
114 133
171 120
234 83
327 91
425 17
566 41
28 190
59 191
104 175
147 178
202 157
252 145
325 142
393 91
488 75
611 79
750 60
14 225
48 214
76 192
111 204
152 191
195 175
232 186
291 173
349 137
420 158
502 121
580 95
684 87
27 214
46 209
72 205
102 215
133 226
166 206
205 186
240 204
291 190
341 184
387 157
451 168
523 159
602 135
691 162
3 249
22 238
50 245
74 224
99 216
122 213
150 209
182 205
213 200
250 196
288 190
333 185
383 195
432 180
488 188
556 174
623 173
710 158
48 238
69 251
93 239
113 248
133 245
164 224
190 234
216 225
252 222
285 219
322 219
366 211
410 191
456 186
508 213
568 173
636 201
704 186
84 248
105 254
125 237
149 242
171 238
201 241
226 239
258 232
288 227
320 230
355 228
400 224
436 213
489 200
532 212
591 190
657 194
712 171
117 249
139 248
157 240
181 247
206 244
228 245
254 232
283 224
317 233
350 218
380 219
419 223
461 234
504 220
548 217
599 214
657 204
719 207
142 252
161 250
182 252
206 247
226 245
251 253
276 247
304 229
334 237
364 228
400 236
433 229
472 226
515 217
555 226
603 223
656 212
713 199
169 257
187 253
208 252
230 250
252 249
276 247
300 245
329 246
355 231
386 242
417 242
455 245
491 237
527 229
572 229
612 223
664 226
717 229
192 252
210 251
232 249
250 253
272 260
297 244
323 251
348 251
373 249
403 237
436 243
470 238
505 236
540 233
583 236
619 216
664 213
718 228
206 263
223 258
243 252
265 258
285 250
310 244
333 260
359 259
381 248
410 248
441 235
469 243
505 241
537 232
577 239
614 236
656 224
703 228
750 219
230 261
249 264
267 251
285 259
310 257
329 263
353 246
377 252
400 254
431 254
455 239
486 241
522 244
554 242
589 240
627 238
664 241
707 239
247 263
266 262
283 261
303 264
324 251
346 262
369 260
392 255
418 254
441 257
469 251
498 249
530 252
558 237
595 254
629 242
668 251
710 243
749 229
268 268
287 260
304 263
324 255
344 261
365 268
389 259
408 261
435 256
461 247
487 258
515 252
542 260
572 252
604 239
639 246
677 254
711 242
751 230
282 267
299 273
318 265
335 258
354 263
376 266
394 269
418 260
440 256
466 258
488 265
517 258
544 258
574 249
601 252
634 241
670 248
705 248
739 239
303 268
320 268
338 260
355 268
376 266
396 264
416 259
436 262
460 254
481 253
508 259
531 258
559 257
588 247
618 249
647 244
680 251
714 249
749 257
317 273
334 272
350 265
370 261
386 270
406 262
427 258
450 261
471 259
493 258
514 265
540 256
566 254
591 258
621 258
651 259
683 254
715 247
748 251
328 277
345 271
362 270
378 266
397 262
417 274
435 268
457 269
476 269
499 268
522 270
545 266
569 257
593 262
622 254
652 266
678 265
708 247
744 254
342 272
358 272
373 268
389 270
409 264
428 269
445 271
466 271
486 263
509 266
530 265
554 264
576 267
599 264
625 254
653 260
682 255
711 259
744 248
351 270
366 273
383 269
400 277
418 271
437 273
456 273
473 269
494 271
515 261
537 270
557 269
580 265
607 267
629 256
659 258
685 261
715 267
741 251
357 280
372 280
389 275
405 270
423 275
438 272
456 268
476 270
495 263
516 263
536 269
556 261
578 267
601 266
627 265
653 267
680 266
706 262
736 268
366 281
381 275
397 272
414 274
430 275
445 273
464 278
483 272
502 271
519 273
538 263
560 266
583 268
606 263
628 266
650 259
678 265
703 257
732 263
377 272
393 277
407 276
422 278
440 280
455 274
473 279
491 270
508 275
527 272
546 265
566 276
587 273
611 269
632 274
655 261
678 263
703 266
730 265
390 273
404 277
418 277
434 276
449 281
467 276
483 280
499 268
517 274
537 274
557 272
574 271
597 272
616 271
638 271
661 262
686 268
709 267
734 266
396 281
412 278
427 280
442 277
458 279
474 273
490 276
506 275
524 269
542 279
559 273
579 275
598 269
621 271
641 274
663 270
687 275
710 268
732 269
404 284
418 277
432 278
448 279
463 278
479 282
495 277
510 276
528 276
544 275
563 277
582 271
600 268
621 276
642 267
664 277
686 277
708 270
730 269
409 277
423 280
437 275
453 279
467 283
482 283
499 280
515 282
530 279
546 278
565 276
582 270
602 269
621 279
642 270
663 278
681 272
704 271
727 271
749 273
420 281
435 278
449 281
463 284
476 279
492 279
506 278
522 275
540 277
556 277
574 276
590 273
609 278
629 278
649 274
668 271
687 270
709 274
730 266
429 282
441 281
455 285
470 280
483 280
497 284
513 279
529 279
545 274
561 273
577 279
594 272
611 278
632 276
651 275
669 272
689 276
708 268
731 268
431 278
445 279
457 279
472 281
485 282
500 281
514 280
529 282
545 279
560 274
578 274
594 278
611 278
629 277
646 279
666 276
687 281
704 270
728 280
745 271
439 281
452 282
466 284
479 284
493 281
507 281
521 278
536 280
552 280
568 282
583 276
599 279
618 281
634 278
651 277
670 277
689 278
708 271
729 276
749 275
447 287
459 283
473 283
485 282
499 282
512 282
527 279
541 277
556 281
571 280
586 280
603 282
619 274
635 276
654 278
672 275
691 277
711 279
728 271
750 276
449 286
461 288
473 279
487 283
501 283
514 280
527 280
542 282
557 277
571 277
587 278
602 278
619 277
635 275
653 279
671 279
686 281
705 278
724 280
745 274
453 282
465 281
478 284
490 280
503 284
518 283
530 279
544 285
558 282
574 286
588 279
603 278
618 276
635 280
650 280
668 284
686 276
703 279
722 273
741 275
459 287
470 281
484 287
494 281
508 280
522 280
535 286
547 283
560 279
575 280
590 278
605 278
621 277
637 282
652 276
668 276
687 280
705 280
720 276
738 274
468 284
480 285
492 286
505 287
518 283
529 288
543 284
556 284
570 284
585 283
598 285
614 284
629 282
643 280
659 281
675 285
693 281
710 278
727 280
745 284
471 283
483 287
493 286
505 286
518 286
531 289
543 287
556 284
569 280
583 288
598 283
612 279
627 281
641 284
657 284
672 279
688 283
705 283
722 282
740 280
