171 26
812 7
35 176
265 278
513 206
734 218
979 194
1221 241
140 375
348 351
531 302
733 306
920 309
1130 309
1329 325
62 500
262 426
402 502
599 412
756 415
905 426
1074 456
1250 405
43 496
173 511
310 494
438 575
586 489
724 552
874 509
1023 533
1161 488
1300 488
84 563
207 583
330 582
470 585
580 616
714 559
839 592
970 547
1104 583
1213 583
1331 549
41 639
138 627
260 634
380 629
486 612
589 626
706 626
830 659
927 627
1060 641
1163 661
1281 625
2 644
104 670
217 635
314 635
410 663
509 680
604 677
707 662
821 664
911 648
1015 662
1123 648
1210 633
1330 674
62 693
151 664
241 691
342 693
430 720
522 693
614 705
710 663
798 675
894 693
978 665
1083 691
1171 691
1264 706
1359 692
13 728
107 716
197 691
273 689
361 688
444 730
523 689
610 691
701 729
789 699
869 716
950 728
1037 716
1116 690
1204 701
1291 700
1377 716
68 710
146 719
225 760
297 760
383 760
470 711
539 735
622 748
699 735
785 742
860 746
941 734
1020 723
1090 709
1175 735
1255 735
1335 747
45 753
118 753
198 754
276 731
343 755
412 777
498 730
561 766
638 754
707 754
786 754
857 767
933 754
1005 778
1077 755
1154 755
1231 765
1291 730
1368 731
15 757
86 749
143 769
209 779
287 755
355 756
419 769
492 769
624 773
699 774
759 769
829 768
1035 769
1101 747
1243 758
1314 770
1381 758
585 760
1223 761
1354 762
340 774
587 775
