697 35
831 88
940 83
71 74
225 98
361 100
511 104
633 169
743 193
842 170
941 173
110 148
243 133
356 199
479 210
584 215
691 208
782 236
874 249
950 235
119 212
236 197
349 209
448 251
544 273
637 278
716 306
795 291
880 311
945 293
51 235
165 233
258 285
359 289
452 277
532 298
620 334
700 317
773 323
832 310
908 362
972 344
60 287
160 311
256 284
329 327
417 328
500 329
571 337
641 343
715 359
775 356
841 361
900 368
949 361
1010 357
79 324
166 330
251 340
329 325
400 351
470 360
541 363
608 350
671 355
732 359
791 395
836 371
898 396
946 381
1001 402
5 351
90 376
167 367
244 367
312 382
379 381
449 401
514 387
571 373
626 405
686 404
739 421
793 415
845 412
896 424
938 426
980 431
51 373
122 359
192 393
265 380
323 403
388 397
450 400
507 406
561 408
619 397
666 433
718 421
767 424
813 435
861 430
902 433
951 452
7 370
85 378
145 399
210 402
273 390
331 393
390 414
447 418
499 439
550 429
602 420
649 417
692 435
742 422
787 455
831 443
868 446
908 435
27 412
88 412
153 406
211 420
267 439
326 427
374 428
433 433
480 439
532 453
577 441
619 437
665 438
711 442
748 438
793 461
831 442
870 459
32 406
82 433
138 428
196 433
258 420
305 441
353 444
403 442
457 439
502 463
543 454
587 467
635 455
673 444
714 452
757 462
794 477
827 467
56 436
110 446
166 427
218 437
265 433
317 450
363 456
409 468
454 456
498 445
539 448
581 464
619 465
657 455
697 470
738 478
776 485
806 478
13 444
72 432
120 453
171 444
217 453
270 470
316 466
360 467
402 463
449 465
489 460
530 457
568 459
606 472
643 468
681 483
714 467
752 481
788 482
30 454
75 456
130 459
177 461
220 455
263 465
309 481
353 463
396 464
436 480
472 482
510 480
552 485
589 481
624 483
658 490
693 486
723 481
755 478
42 465
90 479
132 468
181 483
224 472
265 486
309 464
351 466
391 468
426 484
464 476
500 490
537 475
570 476
607 478
640 491
672 486
701 483
736 496
0 469
54 459
95 486
141 469
177 490
223 491
262 493
304 471
342 484
380 474
418 482
451 489
486 501
522 492
559 482
589 495
620 507
657 508
685 504
716 500
18 484
69 480
106 493
149 483
191 485
230 475
269 482
303 489
342 502
379 492
414 494
449 506
481 496
513 487
547 501
578 500
612 502
641 506
668 494
703 510
25 484
67 486
109 481
150 489
188 484
223 492
262 488
301 484
337 490
367 501
403 498
435 500
470 495
504 502
535 498
565 515
591 500
624 507
651 508
679 515
41 490
81 492
116 493
154 500
198 486
230 487
265 499
299 490
337 495
368 497
402 499
431 505
461 509
492 517
522 509
554 510
585 511
613 512
640 504
666 509
51 496
84 508
128 489
160 500
197 501
233 493
264 504
297 496
330 497
364 508
393 509
424 510
457 501
484 521
514 507
542 514
571 515
600 525
626 512
653 518
65 496
100 504
135 505
166 506
201 517
236 509
268 500
296 513
331 511
360 513
391 504
421 515
450 511
479 517
504 512
534 513
560 510
588 512
612 516
640 518
69 510
110 499
140 500
173 515
207 512
236 517
268 508
297 519
330 516
359 508
386 526
418 519
444 520
470 525
500 521
525 522
552 527
577 524
603 525
626 517
79 512
109 522
142 514
175 510
209 506
235 517
267 518
298 523
326 528
353 522
380 530
409 526
437 519
466 524
490 533
514 528
541 526
566 535
590 528
613 520
95 521
125 522
159 522
189 519
220 515
249 512
275 521
305 527
332 523
362 524
388 525
414 534
441 531
465 524
491 520
517 529
542 525
565 530
590 531
611 532
103 514
133 521
164 522
192 522
221 523
248 524
278 525
303 534
334 522
360 519
386 528
412 529
437 522
461 522
484 523
511 532
532 525
557 533
580 530
601 542
104 518
133 515
161 519
188 525
217 521
246 519
272 523
297 529
325 533
351 530
375 526
401 533
427 525
450 528
472 526
496 527
522 527
544 532
567 544
587 530
115 527
141 527
169 530
196 529
225 522
251 531
278 539
302 532
327 528
352 535
379 536
401 536
426 528
450 529
474 537
497 537
517 534
540 534
563 541
584 541
120 525
145 526
174 531
201 524
224 528
249 533
275 534
301 535
326 531
350 536
371 537
397 533
421 534
441 539
466 535
486 540
509 540
529 543
552 542
573 542
125 533
151 534
180 527
204 535
227 536
255 536
279 530
302 533
328 534
348 532
374 540
395 544
416 534
439 537
463 545
482 542
506 543
524 544
545 540
566 545
122 536
147 536
172 530
199 534
223 538
248 535
271 540
292 543
317 543
338 541
363 542
386 542
406 543
429 540
450 541
470 541
490 545
513 546
530 542
553 547
130 531
153 534
179 536
203 533
225 540
250 541
273 544
295 542
319 539
340 536
364 547
385 544
405 552
427 549
447 548
467 540
490 547
508 544
528 544
548 545
137 542
158 541
182 543
207 535
231 539
251 545
274 545
298 548
320 545
341 545
364 546
385 550
403 550
425 541
445 544
466 552
485 542
506 551
525 546
543 550
142 543
168 537
186 547
212 545
235 545
256 546
278 540
301 547
319 547
341 548
362 542
385 542
403 543
424 553
443 546
464 547
481 551
503 554
520 546
538 552
140 545
163 546
186 542
205 550
227 547
251 541
273 541
291 555
312 549
334 546
354 550
375 550
394 551
413 554
434 555
451 555
471 552
489 553
508 547
526 551
143 550
169 541
189 548
213 542
232 552
253 543
276 546
295 551
314 551
335 558
354 553
374 552
394 547
413 559
430 555
450 548
468 556
485 558
505 557
523 550
152 553
173 550
194 551
217 547
236 551
259 552
279 552
297 549
316 553
336 547
355 557
376 551
395 555
412 555
431 557
449 557
468 553
484 553
503 554
519 552
155 555
179 546
200 547
220 547
238 559
257 557
279 548
297 554
316 549
338 550
355 550
374 550
392 559
409 551
429 557
446 560
463 559
480 556
497 562
514 556
