172 4
365 61
595 54
792 114
998 88
70 163
217 138
372 131
533 162
684 162
836 163
996 158
17 193
132 250
278 176
405 194
537 229
660 213
781 176
907 214
83 253
187 220
290 268
396 269
516 221
614 285
717 253
827 254
935 260
46 292
140 252
236 280
331 261
416 261
509 262
605 261
699 305
789 280
897 291
983 286
13 277
101 276
170 312
257 312
345 301
425 300
510 275
591 301
675 275
755 276
840 308
919 286
1012 300
6 304
82 304
147 317
222 329
301 322
371 305
448 317
515 317
599 339
667 327
747 316
809 296
890 317
964 305
59 333
120 342
184 352
247 351
318 312
388 352
450 320
518 331
586 332
651 313
714 313
780 322
848 331
916 352
979 320
28 344
91 343
150 343
206 349
271 352
337 326
390 325
450 344
514 344
577 349
635 332
696 343
751 353
812 343
875 344
939 362
994 343
24 353
85 345
141 353
192 354
250 358
307 359
361 338
415 362
466 345
528 354
583 359
633 353
692 362
747 343
804 354
859 344
915 362
967 337
6 377
59 367
107 362
162 347
212 346
257 362
309 353
359 362
415 347
461 367
517 365
564 369
613 365
666 362
716 367
771 362
817 362
874 369
918 346
45 383
93 354
135 375
188 362
232 383
283 369
326 371
376 371
422 369
474 368
517 368
565 354
615 372
660 355
708 383
761 371
800 354
848 369
896 360
28 374
72 387
118 366
159 374
202 374
253 381
299 374
337 376
387 374
431 374
476 381
521 374
567 374
607 360
655 374
697 381
741 361
785 374
836 374
883 387
59 379
99 386
145 386
192 367
228 372
271 380
316 379
355 380
400 386
438 386
483 379
523 379
565 379
609 379
650 379
694 379
734 367
776 380
815 379
856 380
83 372
120 378
158 384
200 384
238 377
280 384
317 384
358 384
400 386
435 384
480 371
520 384
555 384
598 384
633 372
674 377
715 372
754 384
794 377
835 377
111 377
146 388
180 381
218 388
260 388
293 388
334 388
368 394
405 388
444 394
485 388
521 388
556 381
598 390
632 388
672 377
708 377
743 382
781 376
821 388
119 397
154 397
186 397
223 381
260 392
295 403
328 392
364 392
400 392
435 392
473 394
508 392
545 392
576 392
612 392
648 385
687 392
719 392
759 392
794 403
140 389
175 385
207 398
238 385
271 395
307 405
342 395
372 400
407 405
445 405
475 389
509 385
544 398
578 385
612 400
647 385
680 400
712 385
747 395
780 397
154 388
185 398
218 398
250 388
285 388
318 398
347 388
380 398
415 398
446 398
477 388
513 398
542 398
575 392
607 398
642 401
671 401
705 408
734 392
770 398
179 391
208 401
238 405
270 391
299 405
330 403
362 395
396 395
427 401
457 391
489 395
518 401
549 405
579 403
611 391
644 405
671 395
704 410
735 401
766 401
185 394
215 403
241 408
271 403
300 407
333 394
361 403
393 403
422 403
451 394
481 394
510 394
543 394
569 398
600 394
629 408
658 403
692 406
721 412
748 394
