1025 947
988 939
953 936
910 947
869 941
842 945
805 946
757 947
729 948
684 948
1027 916
1001 923
956 929
916 918
873 935
844 928
800 933
764 918
716 926
678 923
1047 909
1008 897
960 914
925 913
886 908
841 900
804 907
760 908
724 899
684 898
1076 886
1030 894
995 893
950 879
907 881
864 888
818 891
781 891
742 890
689 889
1082 871
1043 860
1000 866
952 857
916 866
871 865
829 857
778 863
741 867
701 858
1079 841
1048 835
994 832
951 836
902 840
862 829
818 845
770 831
724 841
676 843
1116 815
1061 806
1011 799
956 805
917 805
873 797
830 810
769 796
732 815
672 812
1073 786
1023 771
985 765
934 761
879 777
827 771
774 780
722 779
674 763
631 777
1097 740
1052 738
985 730
941 754
893 737
832 738
789 732
722 740
669 744
623 730
1097 702
1049 693
996 702
935 695
880 686
828 693
760 705
715 698
660 691
604 689
1126 660
1067 665
1015 659
949 657
888 647
839 656
776 657
724 656
668 667
606 645
1137 610
1094 620
1025 616
954 621
911 630
835 618
774 607
710 615
666 604
591 614
1150 572
1082 573
1011 578
965 580
900 564
831 569
768 574
696 562
648 567
571 574
1173 521
1108 524
1032 507
952 517
891 524
831 504
750 510
694 524
607 516
550 511
1180 445
1124 449
1026 455
955 445
891 445
827 433
744 448
677 465
608 446
525 447
1264 392
1200 378
1117 376
1039 380
963 358
874 369
794 384
729 358
634 374
562 365
1255 282
1173 275
1098 288
1021 289
921 269
837 272
741 286
665 279
586 298
505 283
1293 203
1195 202
1099 193
1027 195
929 185
835 189
737 180
667 207
571 185
478 185
1362 79
1246 70
1141 84
1038 58
955 61
851 68
747 58
652 64
542 66
448 74
