118 58
269 65
442 67
575 46
732 34
67 151
194 122
298 126
426 143
546 181
673 152
5 183
99 212
203 192
306 218
408 205
508 208
611 195
715 218
58 263
146 232
231 262
315 268
413 279
501 266
581 253
675 263
750 256
25 295
96 300
169 297
252 278
334 294
412 288
489 288
559 289
646 299
705 266
38 337
110 337
173 316
244 318
318 296
379 316
453 316
515 304
589 322
656 320
721 303
15 357
88 322
145 338
200 344
271 349
326 321
387 329
455 341
514 340
575 339
635 340
696 348
4 343
53 366
111 366
165 359
224 358
273 367
331 358
387 358
445 367
493 343
556 375
608 358
668 375
724 366
42 374
87 390
146 374
188 381
245 374
298 360
345 382
397 374
442 391
494 379
540 360
593 375
650 390
693 374
740 359
16 375
56 388
105 396
144 403
197 389
241 382
290 389
331 403
382 394
427 396
473 382
515 389
563 374
612 389
660 391
698 380
744 375
18 387
50 404
97 403
141 401
184 392
221 400
268 387
306 387
351 401
390 400
433 401
477 387
521 392
560 387
605 400
648 400
691 413
733 400
37 404
82 398
112 416
155 402
198 398
238 404
276 402
314 403
349 416
390 403
431 403
468 410
509 412
551 416
590 410
629 402
669 409
704 398
19 418
56 418
92 413
130 407
200 421
422 411
458 420
497 411
604 406
646 418
76 418
149 414
287 417
490 413
562 419
632 414
325 420
486 420
616 420
651 420
