1397 586
1382 595
1344 592
1308 588
1277 592
1245 592
1219 586
1184 586
1154 594
1118 592
1094 592
1060 599
1033 599
998 592
965 592
937 588
899 592
873 592
843 592
808 594
781 595
751 592
718 592
679 592
649 599
624 592
591 596
561 586
526 592
497 592
1453 597
1414 591
1381 594
1347 590
1308 592
1284 584
1249 591
1210 586
1174 591
1148 594
1116 593
1080 583
1052 591
1019 594
988 594
952 590
919 591
888 590
848 594
818 584
783 590
746 584
718 584
678 592
646 591
612 590
587 591
555 591
511 594
485 592
1483 581
1449 581
1408 596
1366 581
1333 591
1305 584
1266 585
1233 588
1196 596
1167 588
1125 592
1087 581
1048 585
1019 588
983 596
951 589
914 581
876 588
836 582
801 581
767 588
740 584
700 592
663 596
633 589
595 596
558 590
527 592
491 585
452 591
1496 586
1457 588
1419 582
1368 590
1342 589
1301 587
1267 586
1228 591
1185 587
1147 588
1111 583
1071 582
1035 579
1007 590
958 579
926 582
882 587
847 582
819 587
772 587
741 587
704 579
665 586
622 587
588 583
558 587
508 586
476 587
443 590
1499 584
1449 588
1412 584
1380 584
1328 576
1288 584
1249 584
1208 584
1171 584
1141 580
1100 588
1055 587
1012 588
969 584
936 576
889 576
854 584
821 584
774 576
743 579
703 579
652 588
615 576
572 576
544 584
501 584
456 592
419 586
1460 577
1426 581
1388 590
1336 582
1286 573
1261 581
1202 577
1169 577
1132 576
1083 573
1040 582
993 573
957 582
921 582
873 586
833 582
788 583
740 590
709 573
655 590
616 586
566 590
524 581
481 590
447 586
408 581
1485 569
1447 569
1397 579
1360 578
1317 578
1261 569
1221 584
1181 578
1123 579
1083 578
1028 579
996 583
946 579
896 578
859 579
815 578
765 573
716 578
677 579
631 583
582 579
529 574
494 581
451 580
405 570
1479 566
1433 581
1402 575
1346 566
1308 580
1251 580
1195 576
1152 575
1090 579
1062 565
1006 575
944 576
902 585
853 566
809 565
754 570
717 579
669 565
609 565
563 586
513 576
457 576
416 576
375 581
1481 567
1436 572
1378 578
1333 582
1287 561
1224 572
1176 572
1124 572
1064 574
1027 561
970 572
905 572
861 562
804 572
750 574
708 562
652 561
587 572
534 571
495 572
440 572
389 561
330 574
1483 569
1418 554
1356 567
1308 555
1241 571
1181 567
1139 579
1086 578
1025 567
965 573
896 555
836 567
792 579
717 573
660 556
611 560
554 559
485 579
436 573
382 559
326 567
254 566
1485 568
1429 548
1349 561
1305 568
1236 561
1173 562
1118 561
1044 574
982 548
921 561
841 553
785 568
730 561
663 554
597 561
523 565
458 553
412 549
352 568
276 553
221 564
1470 554
1387 553
1317 559
1261 567
1167 539
1111 560
1023 545
951 568
900 553
808 554
746 555
679 561
607 552
522 553
466 540
392 545
307 553
228 568
151 556
1426 546
1357 529
1277 549
1186 555
1111 562
1032 547
954 563
865 545
805 547
728 549
630 552
563 529
491 563
399 554
316 545
255 531
163 561
91 530
1479 519
1368 547
1299 538
1206 536
1121 536
1043 526
936 527
862 539
766 537
668 528
608 537
501 544
422 541
334 542
234 528
151 536
56 537
1430 543
1302 525
1206 533
1101 511
1002 542
919 534
813 505
685 525
588 505
489 526
381 521
273 535
182 513
66 528
1446 529
1316 493
1208 506
1065 530
953 484
810 495
713 479
586 509
484 481
353 519
243 484
124 521
1477 454
1345 493
1155 467
1025 453
903 479
753 475
585 454
429 496
276 506
142 478
35 497
1394 414
1183 418
1028 396
813 452
593 428
422 421
243 411
21 441
1351 321
1050 302
750 302
428 287
117 338
593 149
46 113
