1471 637
1460 619
1425 628
1506 625
1451 619
1406 632
1331 631
1457 618
1392 627
1340 631
1303 621
1246 639
1475 602
1396 612
1330 605
1285 613
1250 632
1212 642
1485 574
1420 610
1319 600
1265 602
1246 631
1184 622
1153 635
1135 639
1498 540
1421 594
1302 609
1268 608
1195 621
1174 632
1140 629
1109 634
1074 638
1385 531
1277 579
1229 570
1173 585
1138 613
1091 620
1069 619
1041 631
1017 629
1298 562
1235 569
1163 591
1080 571
1048 594
1024 596
1014 636
968 619
961 624
953 637
1275 460
1216 512
1124 556
1047 575
1005 565
960 598
940 625
915 602
916 625
907 629
889 634
875 639
1230 277
1028 374
962 438
921 564
909 528
865 579
851 594
843 593
833 613
824 607
832 628
810 636
819 631
608 177
630 385
687 507
696 524
698 554
735 602
741 573
727 603
729 612
736 629
729 635
732 635
745 625
162 308
439 383
513 516
533 540
567 573
594 582
604 572
622 588
642 604
660 624
674 627
666 639
684 638
135 438
318 499
401 534
433 549
479 592
511 584
539 630
563 619
583 625
594 644
614 636
123 530
238 575
326 584
371 583
414 616
437 622
488 623
503 629
539 621
540 641
62 521
133 546
241 599
291 612
333 619
385 624
406 640
434 631
459 636
24 575
119 600
191 590
248 611
297 603
340 626
360 630
398 624
30 573
101 609
161 596
206 620
270 618
311 632
336 630
13 606
110 600
151 622
206 628
250 633
275 630
23 634
88 629
141 630
170 634
215 644
20 641
90 619
126 624
17 636
60 642
