325 144
336 144
321 140
312 142
320 141
311 142
303 143
333 138
320 140
307 142
295 142
288 143
333 136
311 138
302 139
292 142
277 141
272 141
330 130
307 137
296 141
284 140
272 138
268 143
257 144
316 129
295 133
288 137
273 137
262 139
257 141
248 140
243 143
311 119
292 133
279 133
264 136
250 134
242 136
236 141
234 143
227 140
331 104
288 115
275 120
258 129
247 129
238 137
236 140
224 136
219 144
218 140
212 140
322 90
281 109
260 117
240 123
227 129
222 133
217 131
209 138
205 137
203 137
202 139
199 145
274 87
236 100
228 113
216 123
206 125
200 126
193 130
196 137
189 139
188 137
186 144
187 144
183 143
170 24
183 78
178 103
175 118
167 118
170 128
173 128
174 134
170 137
171 136
168 140
169 141
169 141
54 66
112 91
126 101
135 123
143 119
140 130
147 136
148 131
153 138
152 136
153 138
158 139
158 143
20 86
50 92
79 117
95 128
111 127
120 128
124 130
130 138
137 136
136 140
141 141
145 139
146 146
2 104
46 117
68 129
88 125
92 127
107 130
109 137
116 139
121 140
126 138
130 145
26 121
44 119
63 130
80 129
87 140
93 140
103 140
107 141
113 140
115 140
6 131
30 134
50 135
61 138
77 136
85 139
89 144
99 142
105 144
17 137
36 130
53 135
62 136
66 141
81 139
85 145
6 129
24 136
37 138
52 138
60 139
69 140
73 146
9 135
23 139
32 142
50 139
57 140
1 141
18 141
29 139
41 141
15 139
22 143
4 143
14 143
1 143
