317 133
307 133
301 133
295 133
285 133
280 131
272 134
267 134
259 133
251 133
246 133
238 133
230 133
224 131
216 131
211 133
202 133
197 132
190 131
181 133
175 133
167 134
160 134
153 131
146 131
139 131
133 133
125 133
118 133
113 131
324 131
316 132
307 132
301 131
293 133
287 132
278 132
272 131
262 131
255 131
248 133
241 131
234 131
228 132
221 134
213 132
204 133
198 132
191 133
181 133
176 134
169 134
160 132
154 133
145 131
137 134
131 131
123 132
117 132
109 131
331 133
320 130
315 131
306 134
299 134
291 131
283 133
275 130
268 131
261 130
253 132
244 133
237 132
228 131
220 130
212 133
206 132
197 131
191 132
183 133
174 134
167 132
158 131
150 131
143 132
134 133
128 132
119 130
111 133
103 132
334 132
325 130
317 130
308 130
299 132
294 132
282 132
275 131
269 132
258 132
250 132
244 132
235 131
228 132
217 132
209 132
202 132
194 132
187 130
177 130
170 131
162 132
153 131
144 132
136 132
128 132
120 132
111 132
102 131
334 131
323 132
314 129
307 133
295 129
289 129
280 129
273 129
263 132
256 132
245 131
238 132
230 130
221 129
213 132
203 131
195 132
184 129
178 131
170 131
159 133
151 129
143 132
135 132
126 131
118 131
109 131
98 132
330 131
323 133
315 131
305 131
293 133
283 131
277 132
266 132
256 129
249 130
240 132
229 132
221 131
212 132
200 129
193 131
183 131
176 131
167 131
155 131
148 131
138 131
129 131
120 129
111 129
102 130
89 132
333 128
323 130
311 130
301 128
296 130
286 130
276 130
266 130
253 130
243 130
235 130
225 130
214 129
206 130
196 128
186 131
174 131
164 130
157 131
146 128
135 131
125 130
117 130
106 130
95 128
86 131
331 130
322 129
315 129
302 129
292 129
280 129
272 130
261 127
250 130
240 127
229 128
218 127
207 130
196 130
188 129
177 127
167 130
155 132
144 129
133 129
122 129
112 129
104 127
92 129
81 130
337 128
327 126
313 126
300 131
290 129
280 129
269 127
255 129
243 127
233 127
222 130
211 129
201 127
189 126
175 126
164 126
152 128
142 129
132 126
117 129
107 131
97 126
84 126
71 129
328 128
317 127
307 127
294 129
278 128
270 125
254 128
244 129
232 125
219 126
204 126
195 128
181 127
169 128
154 125
143 125
132 125
117 128
106 127
93 128
83 126
70 125
325 126
315 125
302 129
288 127
274 127
255 124
244 128
229 123
218 126
204 126
191 126
178 126
161 126
147 126
136 127
119 124
104 126
92 126
82 126
66 128
50 128
332 126
318 122
307 128
288 122
270 123
257 125
242 123
227 125
209 126
195 122
182 125
163 126
148 122
136 122
117 122
103 125
92 122
74 126
59 125
44 125
320 120
304 125
284 123
271 121
251 119
233 121
216 123
201 126
185 119
164 119
145 119
129 123
112 119
98 123
77 123
57 126
46 123
26 119
334 117
322 117
301 122
283 121
266 121
246 125
224 121
207 123
184 122
170 121
149 121
129 123
114 119
89 117
72 121
56 122
39 117
19 121
327 115
296 119
281 113
254 118
235 118
212 114
189 120
164 118
145 119
123 121
100 115
80 118
53 118
31 118
8 118
319 111
299 119
266 117
238 109
210 116
192 115
161 119
136 115
108 114
79 108
52 117
27 120
316 108
285 103
247 108
216 108
191 109
150 108
127 109
93 108
62 108
26 101
311 98
266 107
215 103
173 108
132 101
96 104
47 93
2 106
326 86
275 85
205 84
148 83
90 68
31 85
280 41
184 56
94 65
