247 41
424 29
566 50
749 1
36 163
158 164
279 163
406 126
529 175
648 162
782 141
33 206
125 233
232 235
318 263
417 240
524 242
616 207
724 264
10 279
92 284
169 279
251 292
334 279
423 267
501 254
591 304
663 279
751 278
58 289
128 333
197 311
273 315
349 311
414 315
487 311
557 311
629 311
697 322
771 311
33 346
94 336
159 317
218 346
282 340
349 318
406 317
469 342
533 317
595 336
658 336
714 346
779 356
22 364
78 347
135 356
189 356
243 373
298 339
351 345
413 359
463 356
517 347
574 347
628 338
690 356
745 356
0 355
47 371
100 362
144 371
199 362
247 371
297 371
347 363
394 376
445 355
496 362
543 371
599 362
646 371
695 355
744 363
41 383
82 383
134 375
177 383
214 383
260 383
307 398
354 388
397 383
440 390
488 376
529 376
573 376
620 375
665 390
710 376
757 383
2 393
42 381
82 394
124 381
166 381
205 381
246 386
285 381
328 387
368 394
412 381
450 394
491 386
533 394
572 387
612 394
655 407
695 396
740 394
779 394
28 402
63 391
100 415
143 391
176 390
215 402
256 391
291 395
331 395
368 415
406 415
442 409
479 415
517 395
556 403
592 402
629 406
671 405
707 415
743 408
783 409
14 410
53 415
87 421
124 410
159 403
190 410
226 403
260 410
299 399
335 403
368 410
403 415
438 410
473 412
506 412
541 398
578 415
611 399
650 403
681 415
719 410
756 415
789 410
7 420
43 406
72 421
104 422
139 410
174 416
207 416
238 406
270 410
304 406
336 406
367 410
403 410
434 406
464 416
500 416
530 422
565 411
598 419
631 410
662 421
696 416
731 416
759 406
792 411
0 424
36 422
63 422
98 416
126 412
154 422
189 422
217 421
247 422
278 412
309 427
341 421
369 424
401 427
433 422
461 422
491 427
523 432
554 424
585 425
617 422
646 432
677 422
705 422
739 422
764 412
22 429
52 427
83 418
111 418
134 436
165 427
195 418
226 427
254 436
283 418
312 417
339 427
369 427
395 427
426 418
456 436
485 427
509 427
538 427
569 431
599 418
624 418
656 421
685 422
715 431
739 427
769 427
23 436
49 436
76 436
102 436
129 441
160 423
187 431
216 431
240 427
267 436
294 431
320 432
349 436
375 436
403 423
432 436
459 440
486 426
513 433
540 440
568 432
594 431
622 432
649 427
678 432
705 436
730 440
759 440
20 427
40 438
67 438
93 427
119 435
145 436
170 435
196 436
225 430
250 440
276 436
301 436
326 438
354 437
378 427
406 436
432 427
456 436
480 427
508 440
533 436
560 436
586 438
611 436
637 440
665 444
687 436
714 435
742 440
39 434
60 443
134 441
161 439
183 439
208 435
255 441
281 439
307 439
329 431
356 435
380 439
404 443
430 441
451 439
477 435
502 439
524 431
549 431
576 439
601 441
624 439
645 439
674 439
697 440
723 439
54 442
79 443
123 443
148 443
194 442
218 435
241 435
287 443
310 443
336 435
358 442
383 443
404 438
428 435
452 442
476 444
498 444
524 442
545 435
568 442
616 442
640 435
664 438
687 442
709 443
48 442
70 441
136 445
181 445
201 445
225 445
247 441
269 445
291 441
313 438
337 437
381 445
403 445
448 438
490 445
514 445
558 445
601 438
623 441
646 445
667 445
104 441
124 444
168 441
189 441
274 444
296 444
402 444
484 441
570 441
235 444
357 444
397 444
419 444
439 444
460 444
521 444
600 444
