288 134
282 133
275 133
269 135
263 133
259 134
253 134
247 133
241 133
234 135
229 134
223 134
217 134
212 135
206 135
201 135
195 135
188 135
184 135
177 133
171 134
167 134
160 134
155 133
149 135
142 133
137 133
132 135
125 135
121 135
294 133
288 133
283 132
276 133
270 134
264 133
257 134
251 134
246 132
239 134
233 133
227 134
221 132
216 134
210 132
203 134
198 134
192 134
185 134
180 134
174 134
167 134
162 133
157 132
149 134
143 134
138 133
133 134
127 134
120 133
298 134
292 132
285 134
279 132
273 134
265 132
259 133
253 133
247 133
241 132
235 133
229 134
223 133
215 133
210 133
202 134
196 133
191 132
183 132
178 133
172 132
164 133
160 135
154 135
147 132
140 133
135 132
127 133
120 133
115 133
307 133
300 133
295 133
287 134
279 133
274 134
267 134
259 134
254 133
246 133
240 133
234 134
226 135
220 134
213 133
208 135
201 134
194 133
187 133
180 132
174 132
168 134
161 132
156 132
148 135
140 133
135 134
128 133
122 133
114 132
311 133
305 132
299 133
289 133
283 131
275 134
269 133
262 131
255 131
248 131
241 133
236 133
227 132
220 134
214 134
208 131
200 133
192 133
187 131
178 132
173 133
167 133
159 131
152 131
146 133
138 133
131 133
123 133
117 133
110 133
320 132
311 133
305 131
295 132
290 134
283 133
274 132
266 132
259 133
252 132
245 132
239 133
229 131
222 132
216 131
209 134
201 133
193 134
186 132
179 132
173 133
164 132
159 132
151 133
143 132
134 132
127 133
121 132
112 133
106 132
334 132
326 132
316 133
309 131
302 132
293 130
288 130
280 134
272 130
264 130
255 132
247 133
241 132
232 130
225 132
218 132
210 130
202 132
193 133
185 132
179 132
171 131
161 132
156 132
147 130
140 133
133 130
125 131
117 132
108 133
337 131
331 132
321 132
314 132
306 132
296 131
288 133
282 132
271 132
265 131
256 130
247 130
240 131
230 133
223 132
215 132
207 132
197 131
190 132
180 130
171 132
165 131
156 132
148 132
141 130
131 132
122 132
116 132
106 132
100 133
331 133
322 131
314 132
304 131
297 129
287 133
279 129
271 131
261 131
252 130
244 131
236 133
228 129
219 130
209 132
201 131
193 131
185 131
176 131
167 132
158 132
148 131
141 130
132 131
123 130
115 129
106 131
97 132
328 131
318 129
308 129
302 132
291 129
281 131
273 129
263 131
252 129
245 131
234 131
225 131
218 131
207 130
197 131
188 131
181 130
172 129
161 130
153 131
143 131
132 130
123 130
113 131
107 131
96 131
330 128
320 129
311 130
299 130
290 129
279 129
270 131
258 132
249 131
239 130
230 129
219 129
208 130
200 130
188 130
180 131
171 131
159 132
149 128
138 130
129 130
119 131
111 132
100 130
91 131
333 130
322 129
312 127
299 130
289 129
278 131
270 129
257 129
247 128
235 130
226 129
214 129
202 129
194 129
183 130
170 129
159 129
149 129
138 128
127 128
116 127
106 129
97 127
85 127
333 126
322 126
315 130
297 129
287 127
278 129
267 130
254 129
243 128
232 131
220 128
209 126
196 126
185 126
174 126
161 131
151 130
141 127
130 131
118 128
107 129
93 131
83 129
68 128
334 126
324 128
310 125
300 126
284 129
275 128
261 125
249 129
235 125
224 126
211 125
200 127
189 125
173 127
161 127
150 125
139 125
125 125
111 129
100 129
85 126
73 129
63 126
334 126
322 125
309 126
294 123
278 127
265 124
251 124
237 125
224 125
209 128
200 128
181 126
169 124
155 129
140 124
126 129
115 129
102 128
86 126
76 124
58 126
332 125
315 122
301 125
287 122
271 125
260 127
241 128
227 122
213 127
199 127
182 123
170 128
152 127
138 125
121 123
110 123
91 125
74 125
63 128
47 125
334 124
320 120
302 120
282 127
268 124
250 124
236 121
216 124
203 124
186 124
169 124
151 124
138 122
120 125
105 120
89 124
72 120
56 124
39 124
326 122
304 118
283 118
263 118
248 122
228 118
214 125
192 123
172 125
155 123
136 122
117 122
98 125
79 123
62 119
46 122
23 122
337 119
317 121
293 122
274 119
252 115
231 119
215 121
192 115
168 120
146 115
130 120
112 121
89 115
64 115
42 119
22 122
6 120
337 111
317 116
289 118
266 117
240 119
216 116
196 121
167 119
139 116
115 111
98 116
73 113
44 111
19 118
333 112
309 112
277 112
251 106
220 109
192 118
162 112
130 107
109 109
74 111
51 115
22 112
308 100
282 98
241 100
210 106
173 99
135 113
100 101
69 99
37 103
328 97
259 95
215 96
179 82
124 93
73 95
42 100
296 50
233 60
154 86
88 56
26 61
287 35
183 12
19 17
