12 4
91 4
159 31
239 13
318 5
398 21
486 27
564 36
646 46
716 38
39 75
106 63
177 83
240 83
316 86
386 84
452 90
530 94
593 74
677 82
739 73
9 135
62 135
125 134
194 134
256 135
319 145
378 115
446 138
506 135
573 134
635 116
699 144
50 190
115 176
171 190
225 165
282 191
341 158
396 157
457 175
511 189
564 175
622 183
678 183
740 180
37 201
92 195
142 195
190 209
241 195
295 209
341 214
394 209
447 194
493 217
546 217
594 210
653 224
703 216
41 242
92 243
134 249
186 242
234 243
284 236
331 238
377 229
424 221
470 222
517 235
569 240
615 235
663 236
710 240
751 229
38 259
83 259
119 265
166 251
211 246
259 247
300 259
340 259
385 259
429 266
468 259
515 259
558 265
602 258
647 259
684 247
731 251
28 280
67 280
108 291
151 280
191 280
232 268
271 292
308 279
352 280
388 292
432 285
470 282
508 286
549 292
589 267
627 267
672 280
708 273
4 302
43 296
78 296
117 308
156 296
191 302
228 285
264 299
303 290
341 285
380 285
417 308
453 297
493 299
529 297
569 300
608 308
642 285
679 297
720 302
36 306
72 301
107 314
140 312
176 301
211 312
248 311
284 301
319 317
352 317
389 317
424 301
458 311
493 301
530 322
564 305
601 311
637 322
666 312
708 322
737 301
26 315
56 325
91 330
122 320
158 315
194 315
226 330
256 335
293 315
322 315
354 320
390 319
420 325
457 328
487 335
520 335
554 330
588 335
621 330
651 315
686 325
717 315
13 327
37 346
72 346
103 337
133 346
165 337
194 332
228 339
258 341
287 340
318 331
353 337
384 341
412 337
444 337
476 339
505 327
538 337
570 341
599 337
631 341
665 346
692 339
724 327
3 349
34 338
65 343
94 338
124 347
150 343
179 347
209 356
241 342
269 347
296 338
327 352
357 342
386 356
414 347
443 352
475 343
502 356
532 338
562 347
591 347
620 338
651 338
682 347
711 347
738 338
17 357
44 352
71 361
101 361
127 361
158 348
185 357
212 361
241 357
266 365
295 351
322 361
353 348
381 348
409 348
434 361
464 357
489 351
520 348
546 361
574 348
602 351
631 357
659 351
687 352
714 357
740 352
6 368
34 373
60 373
88 365
113 365
143 360
168 365
191 374
221 374
247 357
272 369
299 367
326 361
354 368
381 357
407 369
436 357
463 360
487 365
513 365
539 365
569 361
595 357
619 369
647 369
676 369
703 369
727 365
23 373
52 373
76 377
103 373
125 377
151 373
179 365
204 375
228 365
253 373
278 377
306 365
331 373
357 381
381 375
408 365
434 373
456 381
482 373
507 365
534 373
560 365
585 368
611 373
637 381
661 373
688 377
711 373
17 380
41 382
66 384
94 388
119 372
142 384
166 384
189 380
214 384
237 382
262 384
286 380
312 375
338 375
362 372
386 380
410 380
435 372
456 380
483 376
506 372
531 384
556 380
578 380
605 388
629 372
652 372
677 372
700 382
3 390
29 387
52 379
72 387
98 390
122 387
143 390
167 379
191 379
213 390
239 382
262 382
284 383
307 382
331 390
354 387
378 387
400 379
423 383
448 379
470 387
495 379
518 387
541 387
565 387
588 394
611 379
636 387
659 388
681 379
20 392
46 385
67 399
88 389
110 392
131 393
156 392
178 392
200 389
221 400
244 393
268 396
289 396
312 388
335 385
358 385
379 392
401 396
423 396
447 385
468 392
490 385
515 400
537 385
557 394
580 392
606 400
626 385
646 385
672 389
42 400
62 399
84 391
103 405
128 394
148 394
169 391
191 400
211 400
235 391
254 398
277 401
299 398
319 398
341 405
364 400
384 391
404 394
426 400
448 394
471 401
490 399
513 394
534 394
556 391
576 401
598 398
618 398
640 394
661 400
49 403
69 396
90 405
110 406
133 403
154 396
175 403
193 406
213 403
234 403
254 406
276 396
297 400
318 403
337 403
359 399
379 405
398 399
421 396
441 403
461 403
481 403
503 400
523 409
544 403
563 403
583 403
605 406
627 403
645 403
65 404
83 408
104 408
125 401
143 401
162 409
182 408
203 411
224 408
244 408
264 408
284 411
301 411
321 404
342 408
363 401
381 401
403 411
422 408
443 408
462 408
480 401
501 408
521 404
540 404
561 414
581 408
600 414
618 401
638 404
70 412
89 412
111 408
129 412
149 409
168 412
188 412
206 406
226 412
243 415
262 412
283 406
301 406
321 406
339 415
359 418
378 409
398 409
417 406
435 412
454 406
473 418
492 418
512 406
531 406
550 418
570 412
587 406
608 412
626 406
84 416
101 416
120 410
140 419
159 413
177 417
193 422
211 422
231 410
249 418
269 410
287 419
306 417
325 419
342 412
361 422
381 416
399 413
417 416
437 422
454 418
473 416
491 416
510 416
527 410
545 410
564 416
583 418
603 419
620 410
94 420
110 420
130 420
146 420
184 420
200 420
237 417
254 420
273 420
289 420
309 417
327 420
345 420
362 414
379 421
399 414
418 420
435 414
469 414
488 420
526 422
542 422
560 414
578 422
595 417
613 420
102 418
241 418
294 418
451 418
505 418
592 421
209 422
312 422
328 422
362 422
395 422
430 422
564 422
599 422
