289 135
284 134
279 134
273 133
267 135
260 133
254 133
250 134
243 135
238 133
232 135
225 133
221 133
214 133
209 134
203 133
198 134
192 134
186 133
179 134
173 133
169 134
163 134
156 133
150 133
145 135
139 134
134 134
127 134
122 135
293 132
287 134
281 134
276 134
270 134
264 134
257 135
252 133
245 135
240 134
233 135
227 133
222 134
216 134
209 132
204 134
198 134
191 132
187 133
179 135
174 134
168 134
163 132
156 133
151 132
144 134
137 134
132 134
125 134
121 134
298 134
291 134
286 133
280 135
272 134
266 133
260 132
253 134
248 133
242 134
236 132
230 134
222 134
218 133
211 133
205 135
199 134
193 132
186 133
181 134
173 135
166 134
160 133
155 135
148 132
143 133
136 134
130 135
123 135
117 134
307 133
300 132
293 133
286 134
280 132
274 135
266 132
259 132
252 132
246 132
240 132
233 133
227 132
221 134
215 133
207 132
202 132
196 133
188 134
182 133
176 133
168 134
163 133
156 133
150 134
143 134
136 133
130 132
124 135
115 133
312 132
304 134
298 133
290 132
285 133
275 133
269 132
262 132
255 133
250 133
242 133
236 134
228 134
222 132
215 131
209 134
201 133
195 133
188 132
181 131
175 133
168 133
161 131
153 131
146 134
141 133
132 133
125 134
120 133
112 133
322 131
315 133
308 133
301 133
294 133
287 131
280 133
271 131
266 133
259 133
251 133
244 133
235 133
229 132
222 131
215 133
207 133
200 131
193 133
186 133
178 133
171 134
165 133
156 133
151 133
143 133
135 133
127 133
121 133
114 134
329 131
325 133
314 132
309 132
301 133
293 131
283 132
278 132
270 134
262 132
256 131
247 132
238 131
233 133
223 131
216 133
210 134
202 133
193 132
187 134
178 132
172 132
164 132
157 133
149 134
141 131
134 132
126 132
118 131
110 131
336 132
329 132
318 132
311 133
304 131
296 132
288 132
280 133
270 132
264 133
253 130
248 130
238 132
232 130
223 133
215 132
205 131
199 133
191 130
182 130
174 132
168 133
159 132
149 133
141 131
135 130
127 130
120 133
109 132
101 132
337 131
325 130
320 132
309 131
302 131
295 133
285 130
279 130
268 130
260 130
250 131
243 130
235 130
227 133
217 133
210 130
200 130
193 131
183 131
177 131
166 130
159 133
150 131
143 131
134 132
124 131
115 131
109 130
98 131
337 131
330 131
320 130
309 129
301 129
292 131
284 131
275 131
264 130
258 131
248 132
239 130
230 133
223 133
211 131
203 129
194 131
186 131
176 130
168 131
159 132
151 132
141 129
132 129
122 131
114 131
105 131
96 129
338 130
330 130
319 130
311 128
301 130
290 132
280 128
272 129
261 128
254 131
244 131
233 129
225 130
215 128
206 130
195 131
186 131
177 130
167 129
157 131
147 132
137 130
127 129
118 131
110 131
99 131
89 130
335 131
321 130
311 132
302 131
292 128
283 130
269 128
262 130
248 131
239 127
232 132
218 128
208 130
199 132
187 127
179 128
169 128
158 128
148 130
138 130
128 132
119 129
109 131
99 130
86 128
337 129
326 131
317 128
306 127
297 127
285 129
273 127
262 129
250 130
241 127
227 129
219 127
208 130
196 129
184 127
173 127
162 129
150 130
143 129
130 129
118 130
110 128
98 129
84 129
76 127
326 129
318 129
301 126
293 130
279 126
268 126
254 129
243 128
232 128
219 128
206 129
197 128
182 129
171 129
160 126
149 131
137 128
122 130
112 129
100 129
89 131
78 127
336 128
321 128
310 127
298 128
286 127
272 127
258 127
245 127
234 128
218 127
204 127
191 128
181 124
168 127
153 128
141 126
127 128
117 125
103 130
91 128
77 127
64 127
331 124
317 126
299 123
284 126
270 123
258 123
243 126
230 126
213 124
202 124
184 127
174 129
158 123
144 126
127 126
116 126
100 126
83 126
70 127
57 123
332 126
316 124
299 124
282 122
269 124
249 124
236 124
221 126
201 124
184 124
170 124
153 122
136 127
119 127
102 124
90 124
74 127
56 126
42 125
326 123
313 126
292 124
272 118
259 122
240 123
220 120
201 123
181 120
166 122
147 122
126 118
108 122
91 122
74 120
56 124
38 120
23 122
324 120
307 115
281 116
263 115
239 122
219 120
203 115
182 119
157 124
138 120
118 117
99 115
77 124
53 119
36 117
16 115
330 114
308 119
276 113
257 118
236 119
209 120
186 118
163 121
142 112
117 117
94 119
75 113
45 117
20 119
331 115
310 111
277 112
247 112
214 109
194 117
161 115
136 112
105 112
78 106
50 114
20 115
312 98
280 107
247 105
207 101
173 111
126 108
101 113
66 105
31 105
305 87
245 85
199 96
144 87
105 94
55 86
17 85
298 85
246 76
160 70
82 79
28 70
75 24
