718 357
698 354
677 355
657 359
634 359
609 357
594 350
569 354
549 350
533 359
512 350
491 354
470 357
450 354
426 350
409 350
383 354
361 354
340 350
324 350
300 354
284 350
259 354
237 356
219 356
203 350
176 350
158 350
136 352
114 359
724 349
704 351
681 353
660 353
637 355
618 353
593 355
573 356
551 353
525 356
509 351
483 353
464 353
443 356
419 353
396 353
375 349
351 349
328 358
308 356
290 355
269 349
243 351
228 351
204 353
186 351
152 353
139 351
109 351
97 349
740 352
713 348
690 354
672 352
646 352
624 352
603 354
576 347
556 357
528 348
505 354
488 353
462 354
441 357
416 349
392 352
372 354
347 353
320 347
299 347
279 348
249 352
232 347
206 353
185 347
164 349
140 352
115 353
92 357
62 354
769 348
738 352
713 353
690 351
667 351
638 353
613 346
590 351
569 354
540 351
521 354
494 346
472 351
444 353
423 349
400 348
374 351
348 353
325 356
296 356
275 351
250 351
231 351
203 352
176 348
156 346
132 346
113 346
77 353
63 351
765 355
741 346
713 355
686 345
658 347
636 345
607 350
581 350
561 346
533 345
504 350
480 345
452 345
429 346
402 350
377 352
348 345
327 350
303 351
271 349
246 350
225 352
197 347
172 345
149 351
117 350
95 345
63 355
44 352
15 350
795 345
771 348
744 348
708 349
683 348
657 348
628 349
600 345
575 343
549 348
521 345
490 351
464 350
441 342
408 349
384 343
355 348
330 354
303 354
271 345
247 348
217 348
194 343
162 351
136 351
112 348
77 351
56 349
23 348
810 347
773 346
751 348
713 346
685 346
660 340
626 348
599 346
565 340
545 340
516 343
479 346
455 348
424 352
393 349
363 343
338 349
304 346
274 340
253 341
211 346
186 346
162 346
129 347
103 346
69 343
35 352
12 348
825 344
788 348
760 338
724 346
698 345
667 347
632 338
605 346
569 341
535 347
509 346
474 351
445 347
416 340
381 345
344 344
325 344
290 344
253 344
227 345
191 344
159 346
136 344
98 348
70 341
39 344
7 344
850 342
827 345
785 335
744 335
712 346
679 338
650 342
618 336
577 349
548 338
512 338
484 343
452 342
409 342
378 342
342 335
308 342
284 338
239 342
212 342
179 336
137 335
104 342
76 346
48 344
10 342
871 346
841 339
789 332
770 334
718 339
681 334
653 339
607 331
577 342
534 331
499 343
463 332
421 331
387 332
357 339
321 346
280 331
245 339
210 334
161 339
131 341
94 334
49 341
25 341
919 327
874 336
846 340
802 327
750 328
720 335
681 336
638 331
593 336
560 328
515 344
479 327
435 340
392 336
358 339
321 339
280 338
229 340
187 344
158 328
98 338
65 327
33 332
958 323
920 341
879 335
832 341
790 341
747 331
697 341
663 331
608 332
572 336
518 341
483 337
428 326
394 324
342 336
303 334
256 331
213 323
165 336
131 327
79 332
32 336
1009 328
967 332
914 330
858 321
804 332
756 333
716 327
655 337
605 327
567 327
504 328
464 322
411 338
365 337
313 317
255 327
218 327
165 337
132 323
62 318
10 321
994 309
929 332
884 321
827 321
776 320
709 326
657 321
602 320
537 321
489 327
435 331
379 327
319 315
257 321
191 320
141 320
83 323
49 321
946 299
886 319
819 299
764 315
699 315
624 304
557 304
496 319
434 324
378 313
312 326
236 313
174 325
111 299
24 324
970 290
890 299
823 299
731 305
648 307
564 292
491 301
406 291
350 307
254 300
196 306
107 301
46 286
904 269
814 296
720 286
629 264
564 289
450 263
349 293
256 287
166 288
83 287
997 265
912 269
746 267
664 264
557 250
419 236
301 264
186 265
89 241
897 193
787 239
592 206
415 233
210 219
88 229
876 103
571 124
226 38
