122 88
350 27
626 48
894 81
172 248
363 189
580 225
780 247
973 229
86 352
247 373
393 343
565 321
726 374
874 375
19 413
177 383
302 418
429 374
560 374
691 374
813 400
943 401
111 449
233 446
332 450
451 422
554 448
680 475
776 425
903 446
1002 448
32 493
146 468
242 462
330 496
429 481
531 494
630 495
721 483
825 482
917 489
8 510
92 488
176 530
272 499
355 488
436 519
519 509
606 490
692 510
789 509
879 509
963 509
69 531
147 519
216 531
298 530
381 531
458 511
529 533
613 531
690 537
769 520
849 531
920 532
1006 541
43 548
122 548
187 553
262 557
331 532
403 540
473 532
539 566
616 554
682 533
754 554
824 557
901 566
966 548
14 564
73 570
145 567
207 549
337 556
470 564
595 564
659 548
724 564
853 556
919 548
986 564
65 569
186 562
359 563
417 564
538 569
654 568
952 569
