138 110
344 25
531 134
727 86
924 110
96 121
233 181
389 180
551 118
697 185
853 162
15 223
160 218
287 232
418 177
532 220
667 222
785 220
928 172
92 252
199 271
301 254
407 262
522 259
629 255
736 224
837 254
948 223
61 290
155 281
244 254
345 296
428 269
521 257
613 283
707 296
793 257
894 296
988 295
46 313
126 316
208 291
288 305
365 305
453 292
526 330
608 306
689 316
772 292
845 304
923 282
1004 292
3 326
86 310
146 343
227 323
290 322
370 322
443 344
509 301
575 302
657 327
726 328
793 322
868 301
935 328
1000 302
3 341
68 336
129 336
194 336
258 345
327 336
389 355
450 335
519 316
581 335
650 336
711 335
776 336
848 345
899 317
975 335
64 331
116 356
175 337
232 356
288 347
349 356
403 365
463 336
525 329
578 356
636 337
696 347
759 353
816 347
877 356
934 356
994 347
41 364
93 356
148 356
203 345
256 363
307 363
363 363
421 339
476 372
531 363
585 355
637 356
687 363
743 360
798 372
856 345
909 364
960 339
13 378
61 362
112 363
169 348
214 366
264 353
318 355
368 370
418 363
466 370
518 353
565 370
620 348
666 368
719 362
770 363
820 363
872 378
922 347
38 383
84 369
134 355
180 369
230 360
279 369
323 369
372 369
418 369
467 369
512 369
561 369
605 360
653 369
702 362
752 376
796 362
848 369
889 369
25 375
73 382
116 382
160 376
202 375
246 380
291 368
337 363
376 367
425 362
464 362
507 362
556 362
600 378
642 375
685 376
728 376
775 376
819 379
861 363
62 368
109 381
150 385
187 374
228 393
269 369
313 380
355 384
392 393
436 373
475 387
521 368
560 368
603 387
641 380
686 380
725 381
765 381
807 393
846 381
84 385
125 374
163 391
200 378
241 385
278 386
317 391
359 391
393 380
432 385
475 374
512 385
551 385
587 379
630 388
671 389
705 385
743 385
783 385
823 385
110 400
147 389
181 400
221 389
256 384
294 389
327 389
365 384
403 393
440 378
477 400
513 378
550 400
590 395
625 395
664 389
696 378
734 389
772 389
809 389
131 382
165 393
195 393
232 393
267 387
302 383
339 393
372 398
408 393
444 387
476 393
513 393
550 395
583 393
616 382
654 393
688 395
725 398
761 398
794 386
155 396
184 401
216 396
252 399
286 401
318 386
350 396
386 386
416 396
452 386
485 396
519 390
553 396
586 398
616 406
650 386
682 386
718 401
753 390
785 396
161 390
190 399
224 389
252 404
286 390
319 404
348 404
382 399
411 399
442 389
474 399
506 399
538 390
569 393
601 399
637 404
664 393
697 409
731 409
762 390
184 407
212 402
245 393
274 402
304 393
335 405
365 404
392 411
423 402
454 406
486 411
514 402
545 402
575 407
607 402
635 411
664 402
698 407
728 397
760 405
193 409
224 404
254 404
281 404
310 399
342 400
370 404
399 409
429 400
456 404
487 413
516 404
545 399
572 413
602 404
632 404
659 404
690 404
719 404
748 404
