336 141
326 144
332 143
320 141
327 140
314 143
306 140
336 142
318 137
304 141
292 140
284 146
319 134
304 139
297 141
286 142
275 143
312 135
300 138
284 139
280 140
266 142
259 140
333 125
305 128
290 135
281 133
268 139
262 137
251 140
248 143
338 121
301 123
289 126
277 134
262 140
255 138
243 140
239 139
234 142
226 142
320 112
291 114
266 120
260 130
248 138
236 138
231 140
226 139
218 139
214 142
212 143
300 104
272 115
247 125
234 119
223 131
215 128
210 138
207 139
202 136
198 139
196 140
195 143
288 38
230 84
222 105
211 117
205 128
193 124
196 133
187 138
191 134
188 139
185 141
182 143
182 143
153 48
147 81
162 96
162 107
163 119
165 129
161 136
167 139
164 139
168 142
169 140
169 141
165 140
19 23
68 90
95 108
113 119
124 120
136 129
133 129
142 140
146 133
145 139
146 138
150 143
149 145
27 108
66 110
79 129
94 127
103 132
111 134
122 133
126 140
126 140
133 139
134 139
137 144
23 114
50 129
62 132
81 132
94 136
98 138
107 136
108 141
116 140
119 144
7 131
39 129
53 127
65 137
78 139
85 136
92 138
99 143
105 143
21 134
33 139
54 137
63 139
71 138
79 140
87 143
11 135
27 137
42 141
55 141
65 142
70 144
12 136
25 139
35 140
47 142
55 143
10 138
23 139
32 142
40 146
14 140
22 145
8 142
