662 287
657 286
671 276
645 278
617 281
667 272
634 275
622 284
598 286
665 275
638 278
603 283
585 278
565 286
653 272
619 267
596 282
576 282
563 286
540 282
656 264
614 270
580 270
553 271
537 274
524 278
511 287
654 264
622 269
591 265
562 270
526 283
521 285
495 282
489 280
472 288
675 219
607 252
561 256
529 252
499 264
488 277
478 278
461 273
456 283
442 282
433 282
635 176
583 211
529 232
504 258
472 271
459 268
442 267
436 280
427 273
422 285
406 287
408 292
541 146
502 201
443 216
419 248
418 260
407 263
400 259
393 281
389 280
385 277
380 283
380 290
370 282
377 185
373 220
355 231
362 242
352 245
347 254
347 259
352 274
350 280
342 281
342 284
345 285
343 289
120 59
188 155
247 235
272 249
267 262
295 248
293 260
302 280
307 275
311 280
307 281
308 283
312 288
41 144
89 227
165 235
206 255
217 259
235 255
245 262
264 271
267 278
269 274
279 286
286 291
66 229
113 243
154 248
183 257
204 261
216 270
232 277
243 282
244 277
257 285
260 281
15 230
88 242
106 249
135 267
159 281
187 272
194 283
207 276
221 285
230 281
1 255
49 260
90 256
116 267
134 275
153 278
175 287
184 285
200 280
39 267
67 271
102 269
119 279
134 275
157 281
169 289
1 264
36 269
66 284
92 277
112 283
135 280
142 289
21 273
38 286
70 285
92 284
107 283
22 275
53 280
62 288
1 275
22 284
42 289
19 288
