1030 945
959 948
925 944
882 942
845 948
816 944
767 949
737 947
1047 929
1006 922
962 940
929 930
888 930
843 933
806 927
766 929
738 928
692 936
1038 911
998 908
950 906
914 908
874 909
831 908
796 911
757 916
714 908
685 908
1054 884
1018 888
982 886
943 884
892 891
851 886
817 894
772 885
728 886
689 894
1042 873
998 867
955 865
917 864
873 880
836 864
795 875
739 871
700 873
664 861
1066 849
1025 841
968 854
935 847
883 853
837 838
800 853
753 851
709 845
659 851
1089 821
1054 823
1006 816
961 816
905 827
867 820
815 824
778 824
723 809
687 812
1070 802
1024 791
985 804
927 790
882 793
843 795
790 804
746 808
687 788
638 783
1096 768
1033 752
989 764
948 765
884 765
845 763
791 769
734 764
681 750
632 762
1110 735
1060 733
1013 725
956 727
906 728
846 734
792 725
747 721
685 741
649 739
1110 689
1054 682
996 686
947 690
893 688
836 686
770 684
734 685
665 694
615 694
1166 649
1099 644
1055 642
988 637
933 641
878 639
808 644
744 626
702 650
626 641
1138 601
1076 592
1014 597
967 596
892 603
839 592
761 587
710 606
649 603
587 595
1192 554
1120 556
1041 560
973 544
910 549
856 557
780 551
728 557
665 551
584 544
1174 482
1104 495
1031 498
955 492
889 501
831 491
749 490
679 495
609 511
524 499
1193 420
1120 436
1051 432
982 435
908 421
815 418
742 423
675 434
612 441
549 431
1230 377
1167 356
1078 373
1004 359
932 368
847 368
775 357
678 366
602 368
532 364
1266 285
1185 267
1097 281
1018 300
932 300
827 279
740 285
665 294
579 285
495 272
1299 179
1226 176
1136 184
1017 170
947 157
853 181
765 162
650 163
556 159
485 181
1294 38
1195 59
1126 69
998 61
921 41
809 52
713 60
607 39
496 38
391 64
