1498 626
1455 637
1474 644
1412 635
1369 632
1488 620
1409 634
1371 638
1311 630
1466 612
1387 605
1360 626
1286 619
1254 625
1502 579
1428 615
1359 607
1293 615
1250 623
1215 646
1173 627
1473 584
1397 594
1325 617
1270 616
1199 624
1167 615
1136 627
1118 640
1451 581
1330 588
1239 600
1216 591
1168 620
1131 615
1099 632
1072 641
1035 628
1430 505
1318 536
1234 571
1160 616
1118 607
1096 616
1063 623
1038 635
1017 626
981 640
1397 484
1276 492
1170 539
1116 566
1052 590
1026 606
1017 611
967 620
946 613
940 638
925 648
1222 381
1137 476
1023 554
997 538
958 586
946 574
907 589
900 597
893 621
867 636
875 637
866 637
999 209
980 424
891 482
877 561
820 552
844 572
809 593
815 595
792 617
787 627
797 626
794 624
782 630
481 243
572 389
619 485
624 509
659 572
675 576
681 595
702 614
700 603
694 635
718 628
711 636
723 642
120 258
351 408
421 511
464 546
535 549
573 573
571 617
614 613
628 606
634 625
632 629
639 640
652 638
55 424
164 552
324 527
351 572
425 591
452 607
498 613
518 604
544 626
549 635
583 636
46 529
189 575
223 601
316 581
369 615
413 596
428 620
466 613
489 645
518 643
85 560
190 592
253 586
318 595
357 628
385 642
420 632
439 636
0 581
100 605
199 590
238 617
306 609
321 628
351 637
395 640
28 602
131 613
200 636
236 634
283 633
311 637
25 613
102 620
150 612
204 631
250 648
24 621
81 628
147 620
174 640
5 634
71 632
108 636
40 636
