282 149
272 149
266 148
259 149
250 148
245 147
236 150
231 150
223 148
215 148
209 149
201 149
194 148
187 147
179 147
174 148
165 148
159 147
152 147
143 148
137 148
129 150
122 150
114 147
108 147
100 147
94 149
86 148
78 148
73 147
287 146
279 148
270 148
264 146
256 149
249 148
241 148
234 147
224 147
217 146
210 148
202 147
195 146
189 148
182 149
174 148
164 148
158 148
151 149
141 148
136 149
128 149
120 148
113 149
104 146
96 150
89 147
81 148
75 148
67 146
292 148
281 146
276 146
267 149
260 149
251 147
243 148
235 146
228 147
221 146
212 148
203 148
196 148
187 146
179 146
171 148
164 148
156 147
149 148
141 148
131 149
125 148
116 147
107 146
100 148
91 148
85 148
75 146
67 148
58 148
301 147
293 148
283 145
276 145
267 145
257 148
252 147
240 148
233 146
226 148
215 147
207 147
201 148
192 146
184 147
174 147
165 147
157 148
150 147
143 145
133 145
125 146
116 147
108 146
98 147
91 148
82 148
74 147
65 147
56 146
306 145
300 148
291 147
279 147
270 145
263 148
252 145
245 145
236 145
228 145
219 147
211 148
200 147
192 148
184 146
175 145
167 148
157 147
148 148
138 145
131 147
123 147
112 148
103 145
95 148
87 148
78 147
70 147
60 147
49 148
315 147
304 146
294 147
284 146
276 148
268 146
257 147
246 148
236 146
229 148
218 148
208 145
201 145
191 147
180 147
171 146
162 147
151 144
143 147
133 147
126 147
117 146
104 146
98 146
88 146
78 146
69 145
60 144
50 145
37 148
323 145
313 145
304 145
293 145
283 143
272 145
261 145
251 143
244 145
234 145
224 145
213 145
201 145
191 146
183 146
172 145
161 144
153 145
142 143
133 146
120 146
110 145
102 146
91 143
80 146
71 145
62 145
51 145
40 143
30 146
332 143
321 145
315 145
303 145
293 144
278 145
268 145
260 145
248 145
238 145
225 145
217 145
206 142
194 145
185 143
173 144
161 142
149 145
139 146
131 145
120 142
110 146
97 147
86 145
74 145
63 145
53 145
46 143
33 145
22 146
333 142
324 146
312 141
301 144
289 141
278 144
267 141
254 142
241 146
231 144
220 144
209 142
195 144
183 142
172 142
160 145
149 144
139 142
128 142
114 142
102 142
89 144
80 144
70 141
54 144
43 146
33 141
20 141
6 144
330 140
314 140
305 140
293 140
281 143
264 143
252 143
241 143
229 144
213 143
204 140
189 143
177 144
166 140
152 141
138 142
127 143
113 143
102 143
87 140
75 140
63 140
48 143
37 143
24 143
13 141
0 140
329 142
311 143
297 141
283 139
271 140
255 142
243 140
229 144
214 142
200 142
183 139
170 143
155 139
144 141
130 142
117 141
104 142
87 142
73 142
59 143
44 139
27 141
15 141
5 141
333 138
313 139
302 141
282 142
269 142
252 142
238 137
226 143
208 137
189 138
175 140
160 138
146 140
127 141
113 137
99 140
80 141
66 137
53 137
34 137
20 140
8 137
317 142
301 134
284 138
266 138
248 142
231 135
214 140
192 138
179 136
158 134
140 136
123 138
105 141
91 134
70 134
52 134
34 138
17 134
1 138
334 136
315 132
301 137
283 136
262 134
235 132
220 132
199 137
179 136
161 136
142 140
122 136
104 138
81 137
65 136
43 136
22 138
10 134
321 133
297 133
267 129
249 133
229 128
207 130
180 133
162 128
134 133
116 133
95 129
71 135
45 133
22 134
3 136
309 131
283 124
257 130
233 129
204 129
178 125
155 134
126 132
99 124
72 131
53 130
17 134
306 124
282 122
239 116
212 123
178 120
143 123
116 117
74 123
41 123
20 124
293 121
250 113
198 105
169 114
124 118
80 112
36 122
300 102
243 105
190 95
138 95
77 97
332 63
236 76
144 57
52 34
