1 61
105 42
214 43
318 16
432 31
541 25
641 27
756 25
854 32
953 31
76 85
166 61
263 86
345 60
438 88
531 59
624 58
707 89
794 86
896 111
971 61
64 130
133 131
220 118
285 133
368 139
447 104
531 128
607 129
676 108
752 141
838 128
922 127
992 128
49 152
110 171
190 145
251 173
314 161
384 142
452 145
523 164
594 183
653 152
728 172
796 163
860 173
931 163
997 163
46 191
102 199
163 190
223 197
286 190
346 199
407 178
464 188
522 171
586 208
642 174
708 189
763 191
822 172
881 179
940 199
1006 198
35 210
89 194
140 225
193 194
246 209
305 218
361 210
410 210
464 217
518 210
575 194
632 211
686 214
736 202
790 194
846 214
896 210
952 196
26 230
76 226
130 218
180 231
225 234
276 218
322 233
372 233
424 227
472 217
524 226
574 226
618 226
673 226
720 227
767 227
818 230
867 227
920 226
26 226
69 240
116 240
165 244
204 254
249 247
298 228
345 240
388 241
433 247
479 232
525 227
573 227
613 241
662 244
706 227
751 240
795 240
840 242
890 240
50 253
92 263
133 251
179 252
221 238
262 251
305 255
349 252
387 252
430 250
471 258
517 251
557 245
597 239
640 240
682 252
729 251
766 245
811 252
849 264
81 261
120 260
160 261
200 266
237 260
280 253
323 249
357 260
399 266
440 260
478 266
518 249
556 249
594 266
636 249
674 266
711 254
751 253
792 248
830 267
99 279
140 258
176 262
211 269
247 272
285 269
322 271
359 268
396 269
436 271
471 269
508 257
543 268
581 269
616 269
655 258
696 268
730 279
767 262
803 258
127 276
167 270
198 279
237 277
269 287
306 276
337 282
372 279
410 266
442 282
479 271
513 277
551 277
581 266
618 281
652 270
690 281
721 270
754 272
795 276
152 283
184 273
216 273
247 274
283 283
313 273
349 273
377 283
414 283
446 288
479 274
512 288
542 273
576 273
612 283
642 277
676 285
708 288
743 288
775 278
167 299
198 289
229 284
264 284
294 280
325 291
357 280
387 290
418 290
449 290
480 284
509 284
542 293
569 294
604 290
634 298
664 294
696 290
724 299
758 280
191 287
220 296
254 292
280 290
308 296
337 298
368 296
396 287
425 305
458 296
487 296
513 291
543 295
571 300
603 287
631 296
659 304
689 287
720 290
750 297
210 292
236 295
262 304
292 300
318 300
348 304
374 296
403 295
431 292
459 300
487 300
514 309
540 295
570 304
599 300
625 303
652 292
679 295
710 295
736 308
219 308
248 312
276 297
302 312
327 306
353 304
382 304
408 312
434 299
462 308
488 300
513 299
541 304
568 296
595 312
622 304
647 299
674 308
702 304
728 304
228 312
256 308
282 312
306 304
332 312
358 309
383 304
409 311
434 301
459 305
487 311
509 308
537 309
560 304
588 316
614 308
638 309
664 305
690 309
714 312
240 308
267 308
292 305
313 316
336 316
363 312
388 312
413 305
436 305
460 312
484 305
509 305
534 305
557 313
581 312
608 308
633 320
658 312
682 312
705 319
251 316
275 319
298 309
320 308
345 316
369 317
392 319
417 319
438 316
462 318
485 319
508 315
532 311
558 315
580 308
603 318
628 319
648 309
673 312
697 312
262 315
286 312
309 325
329 325
355 315
375 326
399 312
420 319
443 319
464 319
489 312
511 319
532 312
555 320
579 315
601 321
625 321
645 312
668 320
691 315
269 315
294 322
315 322
336 322
357 318
379 324
399 323
422 315
443 322
467 325
488 323
509 315
530 322
552 328
573 322
596 318
617 322
639 328
659 323
682 322
285 326
306 318
329 328
349 331
369 331
389 321
411 328
432 325
454 326
472 328
494 318
517 319
536 324
558 325
579 325
600 325
620 331
640 321
662 331
682 325
290 327
311 324
330 330
353 321
371 327
391 330
412 327
433 321
453 328
471 327
492 321
513 327
531 327
552 327
574 329
593 324
613 327
632 327
653 321
674 330
300 324
318 326
338 329
357 326
376 326
395 326
414 326
435 329
455 332
474 329
493 329
514 323
532 329
550 329
570 329
591 329
610 332
630 329
648 335
669 326
304 334
324 326
343 332
360 331
380 331
399 331
419 334
437 331
455 331
475 331
493 331
512 331
531 337
549 337
568 329
588 326
607 334
625 328
646 334
664 328
308 328
325 328
344 334
362 336
380 328
399 335
417 330
437 335
454 328
471 334
490 336
510 328
526 334
546 336
563 334
583 330
599 336
618 339
637 333
654 333
315 330
334 333
350 336
369 335
386 336
405 336
421 338
438 330
456 337
473 330
492 336
510 330
528 330
545 332
562 337
580 332
598 332
614 335
632 336
652 336
322 340
338 334
357 337
372 340
391 335
407 332
424 337
441 340
459 332
477 332
493 332
511 335
528 337
545 335
560 332
579 342
597 340
612 332
631 343
648 340
330 339
347 337
365 339
380 336
396 339
415 344
429 342
446 339
464 339
480 339
497 339
513 339
530 334
546 339
563 342
580 336
596 339
613 334
630 339
647 334
334 342
348 342
365 338
383 338
397 341
413 341
431 336
447 346
463 343
478 341
494 341
511 346
527 338
541 341
558 338
575 336
590 343
607 341
624 336
638 341
337 343
353 342
367 342
384 343
399 342
416 345
431 344
447 343
463 347
477 342
494 347
509 343
525 340
540 342
556 343
571 338
587 338
602 343
618 340
634 340
346 339
359 339
375 344
390 349
404 346
421 344
436 345
450 339
465 339
481 344
497 349
511 344
526 344
542 341
559 339
574 344
588 349
604 339
619 348
635 345
350 345
365 345
379 348
394 341
408 345
425 345
439 345
454 343
468 343
483 348
498 345
512 341
527 348
542 347
556 350
571 345
586 345
601 345
616 350
631 343
353 347
369 347
382 347
396 344
410 342
425 347
441 345
454 347
469 348
483 343
497 345
512 344
526 342
541 347
555 343
570 347
584 351
599 342
612 347
627 342
358 344
373 349
387 346
401 350
415 350
428 350
443 349
456 352
471 348
485 345
499 344
512 344
526 348
540 344
554 350
568 346
583 348
597 352
611 346
626 345
