1174 673
1140 662
1121 668
1092 662
1065 667
1033 667
1008 667
985 667
957 667
936 667
906 662
882 667
852 669
826 662
803 667
779 667
746 667
723 673
696 670
671 667
642 667
621 673
590 670
561 664
540 667
508 667
487 667
459 664
434 670
405 662
1168 663
1141 666
1120 666
1091 663
1059 660
1040 672
1012 669
984 663
956 666
926 666
902 666
871 663
840 666
816 666
786 666
765 663
736 668
707 672
678 666
649 666
624 660
595 667
572 660
541 666
513 667
491 663
464 672
436 666
400 660
379 666
1208 665
1173 666
1150 665
1120 668
1086 665
1062 661
1039 659
1000 662
974 666
949 665
922 661
891 671
864 665
831 671
809 665
775 668
750 659
719 671
694 666
663 659
632 659
606 665
580 662
555 659
519 659
492 665
469 665
431 661
406 662
384 665
1219 665
1192 665
1166 666
1134 664
1102 664
1077 658
1040 664
1016 660
985 661
957 664
925 664
901 664
867 670
835 661
803 664
776 667
752 658
722 664
686 670
661 658
628 667
597 667
571 667
539 658
509 664
482 670
454 664
425 658
394 664
361 658
1233 664
1204 656
1175 663
1143 663
1115 663
1091 665
1055 663
1021 656
989 669
962 665
931 663
898 663
863 656
832 663
808 666
772 659
749 666
708 663
680 663
650 663
616 659
591 663
553 663
525 659
500 660
467 659
433 663
399 663
372 659
337 666
1257 657
1230 661
1195 661
1162 668
1129 654
1098 663
1057 658
1025 654
992 654
966 668
927 661
893 661
862 657
832 657
803 668
765 661
738 661
702 661
668 654
632 661
608 662
573 661
538 654
505 657
480 661
443 661
404 661
382 654
341 661
307 664
1279 661
1243 652
1206 659
1173 655
1142 652
1108 666
1071 666
1033 659
997 667
973 659
926 652
895 659
865 661
831 663
798 659
765 659
731 655
696 656
664 655
619 663
584 655
550 663
525 661
483 667
452 652
413 659
376 659
349 655
316 655
279 652
1323 661
1290 652
1243 654
1208 653
1188 657
1140 665
1099 658
1065 659
1033 650
1004 665
960 665
918 650
884 661
852 650
811 665
780 657
742 653
707 650
668 654
633 661
594 650
556 650
524 657
493 661
449 661
411 665
378 659
349 654
315 650
266 657
1346 655
1321 655
1278 650
1238 655
1206 650
1156 658
1126 655
1085 655
1042 663
1006 655
964 659
929 659
885 647
850 655
810 651
782 651
741 659
703 647
658 659
627 655
586 659
544 663
506 659
469 658
427 651
389 647
354 647
308 659
283 658
244 651
1380 653
1356 657
1308 653
1260 649
1228 653
1188 653
1137 662
1105 657
1064 657
1025 649
978 653
944 656
897 653
862 644
821 648
773 661
732 662
697 653
649 653
606 644
570 655
531 655
495 657
445 653
412 647
370 655
327 645
285 649
251 648
201 656
1459 655
1415 650
1373 654
1328 650
1266 652
1235 650
1196 659
1145 650
1102 654
1057 650
1013 650
965 641
933 641
881 652
844 645
796 650
750 655
703 641
663 641
625 650
574 650
527 641
492 650
448 641
406 650
366 641
314 641
276 650
232 653
181 652
1491 657
1444 649
1391 648
1352 647
1310 638
1270 637
1228 649
1173 637
1123 652
1076 657
1022 647
980 650
940 647
898 647
838 652
800 638
749 652
700 637
656 643
609 657
562 638
528 651
479 657
426 641
376 648
337 650
279 642
236 647
188 650
137 647
1498 633
1463 648
1412 633
1359 646
1304 644
1250 649
1202 644
1166 653
1104 644
1047 649
997 644
952 648
903 643
847 638
794 643
755 633
706 654
651 649
608 632
556 633
497 632
446 644
398 654
348 633
296 647
244 644
209 646
145 643
95 643
1485 639
1425 645
1367 634
1308 633
1256 640
1207 645
1148 640
1098 628
1049 639
997 629
935 640
891 640
822 642
785 640
715 640
675 639
615 640
570 646
512 633
456 633
401 629
348 640
286 629
246 652
185 640
129 642
79 640
33 644
1450 622
1400 622
1346 622
1296 634
1240 640
1171 628
1104 622
1049 634
986 635
926 641
871 640
822 637
756 641
689 622
625 640
585 622
513 635
458 635
402 638
341 640
292 623
233 623
164 628
107 647
48 635
2 623
1501 629
1436 628
1369 629
1293 630
1243 642
1177 622
1117 629
1040 643
987 636
919 628
856 628
780 642
712 634
646 629
584 622
532 642
472 629
394 635
332 616
263 616
196 636
134 620
72 643
1425 613
1371 607
1277 638
1207 623
1130 626
1077 638
989 623
918 638
859 609
785 628
729 627
639 607
584 608
492 608
429 622
365 629
291 609
223 615
142 607
69 615
1399 615
1345 623
1278 613
1163 616
1101 613
1009 631
943 614
852 615
778 616
708 614
625 615
535 624
460 605
386 618
304 615
212 597
156 598
43 630
1489 586
1393 608
1304 615
1228 604
1108 606
1022 606
959 587
862 588
778 595
677 588
581 623
501 605
400 611
324 615
219 596
152 587
57 605
1468 595
1346 593
1257 570
1149 571
1029 591
947 593
841 593
746 581
629 571
537 593
411 569
326 593
228 591
133 603
48 594
1429 600
1295 587
1150 602
1036 585
914 582
790 550
688 577
579 578
443 582
352 564
220 550
96 575
1464 574
1303 558
1142 532
1002 543
868 546
733 520
581 546
426 558
288 528
132 564
1491 505
1325 511
1110 507
946 496
722 454
509 499
373 500
124 471
1357 439
1059 412
846 433
554 376
303 454
6 409
1131 210
574 153
214 194
