109 33
307 56
526 76
728 21
941 79
70 114
210 139
384 152
551 115
710 95
877 102
12 174
133 175
269 205
396 245
533 185
664 226
787 210
917 224
13 232
114 231
211 264
336 258
443 252
542 267
658 232
765 218
872 252
976 260
62 252
151 307
247 288
340 281
437 295
535 255
625 253
722 293
804 282
891 265
991 265
43 292
116 304
200 315
283 304
363 303
444 310
522 278
606 289
688 279
771 307
846 308
927 279
1009 303
4 319
73 297
149 318
222 298
295 305
368 297
439 324
514 306
587 297
653 324
727 319
806 329
876 297
948 323
42 322
111 312
179 322
248 332
314 342
373 338
445 353
511 321
577 332
645 332
709 332
776 313
838 352
908 336
970 320
47 325
99 361
163 343
228 325
287 324
345 361
403 332
468 325
526 344
584 343
648 343
711 334
766 344
829 352
889 361
952 362
1011 344
17 353
70 360
128 335
182 342
240 344
295 361
350 369
410 353
465 336
522 360
578 353
634 369
689 344
744 353
796 353
856 369
911 352
968 352
7 360
58 360
113 360
161 360
211 360
268 353
316 359
370 350
424 360
477 360
524 363
577 360
633 375
680 375
735 360
788 352
840 367
886 363
942 352
34 373
84 366
133 359
187 352
231 352
277 373
328 366
381 366
426 366
476 371
522 381
577 367
622 373
669 369
717 373
766 366
818 373
868 366
913 366
19 386
70 364
114 379
158 359
206 364
247 377
294 375
338 372
387 377
434 372
481 376
524 386
569 366
614 373
661 377
709 372
751 372
800 365
842 364
887 372
39 380
85 365
128 378
172 370
217 370
258 384
303 384
342 377
389 365
427 370
471 378
518 391
560 365
602 378
643 384
683 378
730 384
771 365
815 365
856 370
76 383
115 383
157 383
198 371
240 383
281 371
317 395
359 389
397 383
441 383
479 383
520 383
561 371
598 371
637 371
682 383
720 383
763 395
803 383
845 383
99 376
135 375
176 376
212 376
252 376
290 393
325 387
365 387
402 393
439 393
479 387
516 387
556 391
592 387
633 393
672 387
707 387
742 390
779 376
822 393
117 380
154 391
186 391
225 391
259 396
293 391
330 391
371 391
403 385
439 402
477 391
512 391
549 391
585 391
618 402
656 402
690 391
726 396
764 391
799 391
133 389
168 394
202 388
237 384
268 396
303 384
338 394
372 400
405 394
439 384
476 405
509 399
543 394
578 388
614 384
648 394
684 394
717 384
753 394
784 394
155 397
186 402
220 387
251 387
281 402
317 397
352 397
385 387
415 397
449 397
483 387
513 407
549 397
580 402
615 407
646 391
676 392
712 399
742 397
778 399
169 400
198 409
232 400
264 405
296 400
328 394
358 402
390 409
419 391
453 405
483 402
515 394
543 405
576 400
608 395
637 400
671 400
701 400
732 410
763 405
181 397
209 403
242 403
270 407
300 403
328 403
358 397
389 397
417 403
448 403
480 394
507 405
537 403
567 404
600 405
629 394
660 405
687 403
721 412
749 403
