114 89
281 90
469 55
624 15
770 57
60 165
177 183
290 172
428 136
545 164
658 148
791 166
27 251
136 221
223 243
317 211
420 225
509 238
603 236
702 266
15 256
96 280
167 293
247 281
327 306
418 282
495 288
573 257
653 293
733 258
64 334
147 313
208 317
282 300
352 292
418 300
487 293
553 317
631 323
686 313
757 300
54 346
118 328
168 318
228 337
295 337
354 337
410 337
472 318
530 328
595 341
651 356
714 346
772 337
25 356
81 356
127 364
185 361
240 347
291 356
348 356
400 347
452 364
508 346
564 364
612 364
665 339
719 356
773 339
16 355
68 355
111 355
161 386
210 371
254 378
305 361
355 363
405 355
450 355
502 374
545 355
592 355
642 378
693 386
743 371
787 371
6 383
49 397
94 386
137 369
184 390
225 375
272 387
314 386
361 383
399 390
445 375
490 390
534 397
578 374
619 375
669 390
714 369
754 369
32 393
69 406
112 406
156 393
195 380
232 400
279 380
316 406
355 393
395 396
440 380
480 399
520 400
562 386
600 400
639 406
681 393
720 380
760 393
5 401
37 404
77 402
116 401
149 390
185 407
226 395
260 402
299 408
335 401
372 396
407 402
447 402
486 408
520 402
559 402
595 402
636 408
671 405
710 408
742 390
786 402
28 409
68 398
97 412
134 398
171 402
203 409
237 411
270 402
308 409
342 402
376 420
410 409
444 409
480 404
512 409
547 420
583 398
614 409
650 409
686 415
724 415
755 409
791 409
7 421
43 419
77 416
106 416
141 405
170 418
204 421
239 418
271 411
301 416
335 416
368 416
401 421
433 416
465 405
494 406
531 416
561 421
592 416
628 416
658 416
690 416
725 418
752 405
786 416
9 416
39 427
66 422
97 422
128 412
159 422
191 422
223 422
254 412
282 412
311 422
341 422
373 412
402 427
435 422
465 422
497 422
528 422
559 424
587 412
616 416
649 431
676 412
711 431
738 422
770 427
26 422
54 427
82 427
112 423
141 422
170 418
198 427
225 429
254 437
284 428
312 437
340 422
369 418
400 432
429 423
459 418
486 427
513 421
546 427
573 418
603 437
630 427
662 437
690 429
718 427
745 427
775 427
15 431
44 431
71 431
98 436
126 433
151 434
182 431
205 436
234 431
261 426
289 423
318 426
342 436
368 432
398 432
425 433
452 436
479 423
506 426
532 426
561 432
588 433
615 436
640 427
670 423
695 423
723 427
750 431
19 427
44 436
68 440
95 427
121 436
148 432
175 427
197 436
225 436
249 438
275 444
304 428
328 436
353 427
379 431
405 435
432 427
458 436
483 436
511 427
534 444
559 435
589 436
614 436
641 440
662 427
690 436
715 436
740 431
2 443
31 439
76 441
100 441
126 435
152 439
176 439
200 435
224 431
251 439
275 439
298 435
323 435
347 443
371 431
398 443
422 435
446 439
472 443
496 439
518 439
544 439
569 439
593 439
620 439
642 431
668 444
692 439
715 439
32 442
55 442
125 442
150 442
196 435
218 442
244 435
314 443
335 442
358 442
384 444
404 438
454 435
477 442
500 442
545 435
567 442
594 444
616 435
663 438
686 435
709 435
45 439
132 445
201 445
312 441
357 438
380 438
490 445
535 445
558 445
602 445
625 438
671 439
59 441
209 441
313 442
399 444
462 444
505 445
528 445
612 442
320 444
507 444
547 444
