101 0
46 160
137 143
210 119
300 116
419 110
487 86
616 98
736 64
908 25
34 233
101 218
153 217
250 202
319 184
401 183
467 177
583 155
670 158
788 155
889 110
1014 129
34 276
88 255
151 271
205 277
270 248
322 238
391 249
464 246
541 238
634 227
708 243
801 214
877 223
1008 201
31 317
77 310
116 296
164 316
236 307
273 294
349 302
402 293
455 287
523 295
593 292
666 273
719 271
795 262
896 268
979 267
3 345
46 349
90 331
122 340
172 333
220 336
266 330
311 335
368 332
402 323
459 323
515 309
582 326
635 314
706 308
759 296
838 295
908 306
997 288
40 365
80 365
112 358
141 368
187 349
233 350
266 348
327 345
352 350
411 348
466 343
507 340
563 343
626 340
682 337
721 349
798 335
844 338
914 327
978 327
0 384
39 383
79 375
101 381
143 371
174 381
219 377
259 381
283 374
326 381
374 363
410 370
460 370
508 357
557 357
607 370
656 367
700 360
756 360
817 356
867 357
917 353
974 353
24 400
61 394
77 405
116 397
146 397
174 395
210 402
238 401
275 388
310 394
357 390
396 384
435 393
468 379
515 386
560 387
590 381
637 385
691 381
727 386
778 374
841 371
889 376
941 369
993 363
13 405
37 414
78 414
109 414
139 402
165 413
192 412
227 407
252 407
296 398
326 402
353 397
390 407
424 403
466 398
505 400
546 400
585 392
624 394
656 398
702 391
749 401
787 390
838 393
894 387
937 391
981 382
17 429
42 422
61 421
89 424
123 415
154 421
182 420
205 419
234 412
255 411
294 418
327 417
359 417
388 419
421 408
447 418
484 410
528 417
556 413
592 405
635 415
677 414
707 411
747 417
793 402
834 413
873 407
924 399
15 432
27 438
49 434
75 431
98 431
129 430
156 430
175 432
209 430
220 435
251 430
287 429
311 421
345 429
377 421
398 420
428 426
466 425
496 432
528 425
565 420
597 426
633 426
670 426
705 422
733 415
778 417
812 421
857 420
900 422
52 435
65 441
86 434
111 436
134 444
155 440
183 432
204 434
231 432
249 437
284 434
304 443
332 443
361 436
383 439
412 436
445 436
471 435
507 428
537 434
567 430
595 434
626 427
659 433
686 426
726 426
761 435
804 432
830 432
869 431
82 443
100 449
126 446
141 441
166 443
183 443
207 451
234 442
253 445
277 442
305 442
331 441
357 446
379 450
406 444
427 450
461 449
485 437
509 446
546 439
570 449
596 439
630 445
665 442
696 443
729 448
755 447
789 434
829 440
863 440
111 452
134 449
150 452
171 447
200 455
222 452
241 454
263 453
281 451
312 451
324 454
351 448
378 445
404 451
427 445
452 453
480 447
502 453
531 450
561 456
590 450
611 446
646 446
670 455
707 445
729 451
762 452
798 450
826 444
858 445
126 458
145 453
164 455
190 458
209 453
230 453
254 452
276 457
296 454
316 457
338 458
362 460
382 452
407 462
429 457
456 451
481 457
502 451
529 453
549 456
578 459
603 459
639 456
660 453
687 459
715 457
752 456
772 452
811 455
839 452
152 460
170 460
190 463
207 467
232 464
252 458
273 464
285 465
309 462
329 463
350 465
374 467
399 465
419 459
439 463
464 463
485 465
509 457
533 463
556 457
587 462
609 459
637 462
662 464
689 456
712 462
744 462
773 462
801 463
831 462
166 467
185 463
206 470
225 463
239 468
260 463
274 470
296 470
319 467
340 463
363 467
383 470
398 465
423 465
443 465
462 472
488 470
508 462
537 467
560 469
578 465
606 464
629 462
658 470
681 464
709 470
734 470
754 464
789 467
811 464
186 474
204 469
223 472
244 472
256 472
275 476
294 476
315 472
328 473
349 472
373 472
392 467
408 469
435 472
450 472
477 472
498 472
516 467
537 472
558 467
583 475
602 475
627 472
650 469
677 477
701 467
725 474
755 472
777 478
806 474
208 476
227 473
245 475
259 475
275 473
291 473
311 471
330 478
350 476
366 472
386 472
405 474
424 480
445 476
461 472
486 472
506 478
525 478
543 474
568 474
590 476
609 472
634 478
657 477
676 477
703 477
720 472
744 477
769 477
800 477
217 483
232 475
250 480
264 479
283 477
298 479
315 483
332 477
349 479
365 480
386 475
401 480
424 476
442 477
457 480
480 476
498 480
520 478
537 480
562 482
583 480
600 483
621 483
641 483
663 478
690 483
710 481
732 482
758 481
773 483
229 484
244 482
258 484
281 484
296 480
311 487
328 483
343 483
359 483
376 481
399 481
417 479
430 483
452 484
470 479
489 479
503 484
526 481
545 485
564 484
586 486
603 486
623 484
640 482
665 485
684 485
706 487
730 485
752 490
771 485
243 486
259 483
271 485
291 486
305 482
323 486
334 486
354 488
371 482
386 482
405 486
418 487
435 487
452 487
468 491
490 489
508 485
526 487
547 491
562 487
580 492
600 490
625 492
641 484
660 489
685 488
704 484
722 484
744 486
766 489
260 485
275 486
291 492
306 489
321 487
339 489
353 489
369 487
384 489
397 489
420 486
432 490
450 490
467 490
482 494
503 490
522 490
535 494
558 487
576 487
590 491
611 488
632 487
651 487
666 487
687 487
708 496
733 496
749 496
769 492
267 487
279 492
297 495
306 493
323 493
337 491
356 492
367 488
383 488
398 488
418 494
430 489
446 493
466 489
481 489
495 493
513 493
533 495
552 493
567 495
587 494
602 498
621 491
640 492
660 494
675 492
693 494
713 495
733 497
751 495
282 490
290 497
308 497
323 494
338 494
353 494
366 494
377 494
393 491
412 498
427 496
442 497
457 492
470 492
491 495
503 495
520 497
537 492
554 499
572 496
589 496
608 500
623 497
639 497
659 493
678 497
692 499
713 498
729 498
752 498
297 496
307 496
324 493
336 499
350 496
360 496
377 498
391 497
409 497
422 495
437 497
450 496
465 497
483 501
498 498
511 498
531 498
545 500
562 498
578 495
595 497
610 499
628 495
646 500
664 497
677 501
696 502
712 500
731 496
752 500
297 498
310 496
324 500
338 500
350 502
364 498
376 499
391 499
407 496
419 501
436 501
451 499
466 496
478 500
495 498
510 502
522 498
539 499
555 502
571 503
589 499
606 501
618 505
636 503
650 503
671 500
685 499
706 502
722 501
734 499
314 500
324 502
341 501
354 499
365 498
378 502
394 501
407 503
423 503
436 502
449 501
465 500
475 505
491 504
507 504
519 503
533 501
552 501
564 499
583 503
594 506
614 504
627 500
643 504
662 508
677 506
691 504
707 505
726 503
743 505
