238 118
231 117
223 116
215 119
208 116
203 118
196 118
189 116
181 116
174 119
167 118
160 118
154 118
147 119
140 118
134 119
126 119
119 119
113 119
105 116
98 118
93 118
85 118
79 117
71 118
63 116
57 117
51 119
42 119
37 119
243 116
236 116
229 116
222 117
214 118
206 117
198 117
191 118
185 116
177 118
169 116
162 118
155 116
149 118
141 116
133 117
127 118
120 118
112 118
105 118
98 117
90 118
83 117
77 116
68 117
61 117
54 117
48 117
41 117
32 117
245 117
238 115
229 118
221 115
214 117
204 115
198 117
189 117
183 117
176 116
167 117
159 118
153 117
143 117
136 117
128 118
120 116
114 116
104 115
98 117
91 116
81 116
76 119
68 119
60 116
51 117
45 115
35 117
27 117
22 117
253 117
244 117
237 117
228 117
218 117
212 117
203 117
193 117
187 117
177 117
171 117
163 117
153 118
145 117
136 117
130 118
121 118
113 117
104 117
97 115
89 116
81 117
72 115
65 116
57 118
47 117
39 118
31 117
23 117
14 116
255 116
246 115
238 117
227 116
220 114
210 117
202 116
194 114
184 114
176 114
167 116
160 116
149 115
140 118
132 117
124 114
115 116
104 116
99 114
88 115
81 116
73 116
63 114
55 114
45 116
36 116
27 116
18 117
11 116
1 117
261 115
250 116
243 114
230 116
223 117
215 116
204 116
193 115
185 116
174 115
166 114
158 116
146 114
138 116
128 114
120 117
110 116
100 117
92 114
83 116
74 116
62 115
57 116
46 116
35 115
25 115
15 116
8 114
275 115
265 115
253 116
244 114
234 115
223 113
216 113
205 117
196 113
186 113
173 115
163 116
154 115
142 113
135 115
125 115
115 113
105 115
94 116
83 115
73 115
64 114
52 115
45 115
33 113
24 116
16 113
5 114
276 113
267 114
254 114
244 115
233 114
220 114
210 116
201 115
187 114
179 114
168 112
155 112
145 114
134 116
124 115
113 114
101 115
88 114
80 114
68 112
57 114
47 113
34 115
26 114
14 112
2 114
287 113
275 112
263 116
252 113
240 115
227 113
218 111
204 116
192 111
183 113
168 113
157 112
146 113
133 116
124 111
112 112
97 114
88 113
76 113
66 113
53 113
43 115
27 114
16 113
8 112
306 112
291 113
276 112
268 109
253 112
240 110
225 111
215 113
201 109
187 112
176 109
162 112
148 110
138 113
123 112
111 113
101 112
83 112
70 112
57 112
46 112
34 110
19 111
8 112
319 111
303 112
287 111
272 114
261 108
248 108
234 109
219 111
203 111
191 109
175 109
160 112
146 114
134 112
116 111
103 109
87 109
73 111
61 111
43 111
32 112
21 112
3 114
337 109
321 111
304 106
288 109
276 111
257 109
241 111
227 109
211 106
192 111
177 109
160 112
149 109
129 109
117 108
97 111
85 109
68 109
46 109
38 109
21 110
0 109
324 106
310 107
291 109
275 107
254 106
233 104
215 104
204 109
180 108
164 106
150 108
133 110
114 109
95 108
75 111
57 107
46 104
23 104
7 104
325 103
306 101
287 105
263 109
248 101
224 103
206 106
185 102
164 103
141 107
128 106
104 101
85 108
60 101
45 103
23 101
3 105
323 104
295 97
271 102
250 105
227 102
204 102
180 99
156 102
133 97
108 103
84 97
59 97
34 100
7 99
315 93
283 98
258 99
226 101
205 98
173 97
144 92
117 98
88 92
62 98
38 100
9 104
314 86
289 95
252 93
217 86
182 92
147 92
115 85
85 86
42 99
10 92
323 76
288 90
238 74
193 90
146 84
109 75
59 82
32 76
324 73
254 75
198 66
141 70
83 73
9 67
291 35
181 32
101 5
