330 11
517 38
928 2
1319 13
97 141
260 104
400 150
568 116
718 113
885 172
1035 118
1195 184
1358 131
61 188
189 233
320 196
460 226
583 230
715 222
841 186
967 193
1110 230
1233 193
1366 203
19 302
132 325
251 299
364 300
473 312
586 316
703 299
818 297
924 307
1039 297
1143 300
1271 313
1385 296
33 333
124 322
228 321
314 335
422 350
512 346
612 362
715 346
813 330
911 352
994 334
1107 377
1201 349
1315 374
10 384
93 393
184 393
279 369
363 397
454 358
543 383
633 391
715 358
810 407
901 381
983 356
1073 389
1162 358
1251 368
1341 383
52 399
139 425
215 425
293 425
381 416
460 427
538 416
616 402
701 401
784 426
855 402
936 425
1021 419
1098 414
1180 392
1267 420
1331 391
55 419
128 452
204 453
277 452
354 421
421 443
490 442
561 442
632 428
714 441
780 441
856 441
925 429
1006 451
1075 453
1153 463
1218 441
1292 440
1359 429
30 480
113 442
179 471
250 468
308 481
374 460
446 480
509 441
585 460
643 460
717 441
786 470
847 462
917 467
987 480
1052 470
1123 471
1180 462
1254 461
1315 451
1379 441
29 478
85 478
147 485
218 483
272 497
342 482
402 479
469 461
526 479
585 480
653 498
707 461
777 461
838 478
895 480
959 460
1018 462
1081 480
1147 498
1206 480
1270 484
1337 479
18 503
80 495
138 479
191 477
250 498
303 512
362 503
421 494
485 503
538 503
601 497
656 494
711 494
770 478
828 511
890 503
943 494
1000 494
1063 477
1121 497
1173 485
1234 495
1288 485
1356 494
1 509
49 525
109 512
164 514
217 513
274 509
326 493
383 510
428 508
490 509
539 510
596 500
649 509
699 508
756 493
807 493
862 499
918 509
974 508
1026 525
1082 512
1133 509
1192 516
1248 524
1296 493
1346 509
4 514
49 521
100 529
146 528
202 506
251 526
298 512
351 537
398 525
452 521
501 521
553 521
605 521
654 512
705 526
756 524
806 506
858 536
909 524
957 507
1012 529
1059 529
1116 529
1161 526
1213 521
1262 513
1318 525
1358 513
31 517
73 546
122 547
173 525
226 519
267 523
321 518
361 531
411 532
458 537
507 531
554 531
602 532
646 539
698 546
745 532
793 531
835 518
885 532
935 531
982 546
1033 546
1077 539
1126 532
1169 524
1218 533
1272 532
1318 539
37 534
83 542
122 546
173 542
217 533
261 542
306 542
348 542
395 542
438 534
484 542
530 528
574 542
623 549
664 542
710 546
758 542
801 528
844 529
892 542
935 528
980 533
1024 546
1066 529
1112 528
1159 542
1204 555
1249 542
1291 549
21 551
67 538
109 551
147 551
193 555
229 557
276 551
318 538
361 551
404 538
447 554
488 551
532 551
571 551
614 544
661 538
698 551
739 544
785 538
824 538
869 551
908 538
955 551
996 564
1038 538
1080 545
1121 538
1166 554
1210 538
1249 551
52 558
100 546
129 564
175 558
218 558
256 558
295 570
335 564
371 570
416 564
457 571
498 551
541 546
581 565
621 558
660 570
702 558
737 558
781 564
820 558
861 551
903 570
940 546
981 558
1020 546
1067 570
1100 546
1146 564
1184 551
1226 565
90 566
128 569
169 559
209 559
244 577
283 569
323 554
363 559
395 565
436 554
475 565
512 566
550 566
588 554
629 554
666 577
706 566
740 560
783 559
819 568
856 569
893 569
931 566
970 558
1007 554
1047 566
1088 571
1128 577
1167 572
1199 566
123 572
158 577
197 572
231 565
268 572
305 566
339 572
378 561
416 574
455 561
486 572
526 583
559 583
598 567
632 584
668 565
707 574
741 565
779 561
818 561
852 572
891 572
928 577
961 572
999 572
1039 578
1074 572
1109 566
1148 572
1179 572
142 578
176 578
209 580
245 578
280 578
319 571
355 567
387 571
421 583
457 589
493 577
528 572
563 578
594 567
629 578
669 583
703 571
734 578
773 577
808 588
844 578
877 578
912 583
949 583
979 572
1014 572
1052 567
1086 571
1121 571
1158 571
159 588
197 583
228 588
262 589
299 583
331 583
363 594
396 583
429 577
464 578
497 584
531 584
564 589
598 573
631 586
662 583
699 573
729 573
765 588
800 588
831 593
862 573
897 584
930 573
962 583
999 573
1031 583
1066 573
1098 586
1129 583
182 593
220 578
251 590
280 590
313 591
346 578
373 598
406 593
440 589
471 588
503 591
536 588
570 593
603 598
633 588
667 588
698 588
730 593
762 591
792 593
828 593
858 588
892 590
921 588
954 593
984 579
1016 588
1049 590
1080 582
1117 588
213 593
242 598
272 587
302 583
334 602
367 593
398 584
426 588
457 602
488 587
521 593
552 587
582 593
613 584
642 603
671 587
703 598
733 588
765 593
796 588
826 593
857 603
889 593
919 593
947 584
977 584
1012 598
1043 587
1072 593
1105 593
221 588
249 593
277 602
308 599
338 601
366 602
398 606
426 588
457 606
487 597
518 602
546 588
575 599
603 600
634 599
663 597
693 606
722 597
751 597
783 597
810 606
843 607
869 597
901 606
931 597
959 588
989 588
1017 597
1047 606
1079 602
248 592
274 605
306 593
333 601
361 596
390 606
418 592
447 603
476 603
504 596
533 605
561 593
587 601
619 601
646 610
675 610
704 604
729 601
758 601
789 596
816 601
843 601
876 610
900 601
931 603
957 601
987 604
1013 592
1045 601
1074 604
254 609
281 596
308 604
334 613
365 605
390 605
421 596
448 605
474 596
501 604
527 609
557 599
584 605
610 604
637 609
667 596
691 605
719 613
747 599
774 600
805 609
833 605
860 609
887 605
914 607
942 600
967 599
995 600
1026 613
1052 599
270 608
298 603
322 603
349 603
377 608
401 616
429 600
454 608
483 612
510 603
537 604
561 608
587 600
614 600
641 616
669 608
695 600
720 616
749 608
774 608
799 603
829 608
852 600
879 608
905 608
935 608
962 616
986 610
1012 608
1040 608
290 611
314 619
338 611
366 604
393 603
417 604
441 615
467 611
493 615
518 615
546 607
572 604
596 615
622 611
647 603
673 611
699 619
727 611
749 611
778 607
803 611
830 613
852 606
878 611
905 611
932 611
954 611
980 611
1007 619
1035 611
300 606
326 614
348 622
374 622
399 610
423 610
449 614
475 606
499 610
521 615
550 616
574 614
598 618
624 606
649 614
671 614
696 614
722 622
747 622
774 614
797 610
823 622
847 614
871 616
896 616
923 609
945 614
972 622
996 614
1021 614
308 619
333 617
358 617
381 617
407 621
429 617
452 617
476 618
499 624
524 621
550 617
575 624
597 617
623 610
645 617
670 621
694 613
719 621
745 609
768 609
792 617
816 617
839 617
863 617
889 621
911 612
935 617
958 612
984 613
1006 610
325 620
352 612
374 620
398 619
420 615
445 620
465 627
488 622
514 627
536 622
559 623
583 612
608 620
628 612
652 620
675 615
701 620
723 616
747 620
770 622
792 615
816 615
842 620
863 620
885 620
909 622
931 612
958 620
980 620
1002 620
337 622
362 622
381 622
409 615
430 625
452 617
475 615
498 629
518 623
542 622
564 622
588 615
609 623
634 629
655 623
678 622
701 622
725 622
747 618
769 615
792 622
814 615
838 618
860 623
882 615
906 622
928 618
953 625
976 622
997 618
342 617
362 620
384 620
403 631
428 627
451 620
474 617
495 627
516 624
539 620
563 631
582 627
605 620
627 626
649 625
671 620
694 624
718 627
740 620
762 631
785 631
804 624
826 626
851 624
871 624
894 617
916 620
940 627
961 631
982 624
355 626
377 626
398 626
419 626
441 629
464 622
485 622
507 627
528 626
550 630
571 622
593 633
614 619
636 633
658 626
677 619
699 626
723 629
744 622
764 626
787 626
808 626
828 626
851 619
873 626
893 623
917 628
938 626
958 630
982 622
358 621
377 629
399 628
420 625
440 634
464 624
485 629
504 629
525 625
548 628
568 628
588 634
612 631
632 628
652 625
673 631
695 624
715 628
737 628
759 634
778 630
802 631
821 628
843 628
864 628
885 621
905 634
925 629
948 631
968 631
365 630
385 626
407 633
424 636
448 624
466 633
486 630
508 633
528 630
549 624
570 626
589 633
610 630
631 630
653 630
673 630
692 624
713 627
735 632
754 630
775 624
796 636
817 623
838 631
856 630
877 624
899 627
920 636
938 626
960 630
380 628
398 625
420 638
437 631
458 625
480 628
499 625
518 632
541 625
560 635
579 631
598 633
620 631
640 632
660 625
680 632
700 628
721 633
740 633
759 635
780 633
799 625
821 632
839 628
862 638
881 631
900 625
921 632
940 631
961 631
381 636
401 633
421 634
442 627
460 627
480 627
500 627
520 633
540 633
558 627
579 633
597 633
617 630
639 636
657 633
678 633
696 636
717 639
735 633
754 627
775 639
794 629
816 636
833 639
853 636
874 635
893 629
912 633
932 636
952 633
