988 723
957 712
936 720
908 717
883 714
862 715
837 720
803 712
781 717
753 719
999 721
975 721
946 715
920 715
897 716
870 721
841 712
816 709
788 710
766 715
997 713
972 707
937 707
916 714
885 713
857 707
832 707
804 719
773 716
750 716
999 710
971 710
948 710
912 713
882 705
858 713
827 710
798 710
774 712
747 707
1022 704
995 709
957 714
930 708
896 709
866 708
836 704
811 702
785 702
751 708
1023 698
995 705
963 705
923 704
895 711
861 705
836 705
798 705
768 698
739 701
1019 702
990 695
961 705
925 695
900 695
863 702
831 701
802 702
769 695
737 702
1053 698
1014 691
974 695
951 698
914 698
883 698
840 700
814 699
772 691
743 702
1050 696
1022 694
981 694
951 702
910 702
878 686
834 694
804 702
761 696
736 689
1051 685
1014 697
980 689
946 685
902 682
864 689
835 685
785 689
755 689
718 697
1074 686
1031 676
985 693
952 685
909 686
863 688
825 681
785 684
756 681
709 692
1068 679
1027 678
976 674
939 679
897 679
852 679
816 681
774 684
730 679
699 675
1091 665
1053 673
1013 668
972 665
918 675
874 666
838 676
790 665
743 669
702 675
1083 672
1036 667
989 662
948 662
899 677
859 662
814 673
754 668
711 672
671 658
1117 665
1071 655
1006 666
970 657
913 664
861 650
821 666
768 662
718 660
664 663
1151 652
1110 653
1056 646
1004 643
940 658
897 652
838 657
795 657
732 640
691 641
1137 648
1083 634
1037 651
970 636
917 638
872 643
809 655
759 656
687 633
629 631
1179 633
1106 618
1051 632
1002 635
924 633
876 632
810 638
741 636
675 618
617 631
1212 623
1151 625
1091 607
1019 618
956 618
880 620
812 617
754 609
678 633
633 627
1233 602
1161 592
1083 600
1018 607
947 604
871 600
783 599
735 589
645 604
578 604
1334 585
1242 580
1184 585
1089 577
1009 572
933 571
835 580
744 560
687 589
578 579
1325 557
1235 540
1141 548
1074 555
960 559
883 553
765 537
691 563
600 572
509 542
1447 533
1331 531
1206 541
1101 515
1001 527
914 532
794 535
712 532
611 528
479 523
1480 463
1355 492
1224 491
1096 487
980 494
879 470
738 469
618 481
502 516
349 509
1593 414
1440 439
1315 446
1179 443
1038 415
858 405
716 410
589 447
474 444
352 418
1646 354
1427 374
1283 358
1118 373
932 359
776 343
567 367
400 390
253 352
1595 222
1384 280
1173 300
904 218
680 264
495 267
255 276
40 206
1024 5
