913 955
848 948
1044 948
996 938
925 943
887 945
806 941
772 946
692 940
1031 922
991 919
955 917
919 921
837 924
795 913
721 913
688 913
1030 902
990 903
953 906
833 906
788 912
753 913
717 895
672 908
1063 885
1018 877
978 881
928 883
885 881
814 889
767 883
725 886
686 890
1070 875
1027 859
985 867
941 867
903 859
852 863
819 858
773 865
735 854
1065 839
1026 842
985 845
933 838
807 845
752 846
675 836
1094 818
1054 818
1004 810
960 822
907 821
866 807
773 824
717 820
1061 794
955 795
911 783
858 794
808 795
769 783
717 793
661 794
1074 768
1036 765
982 763
931 753
877 760
824 754
784 765
720 766
676 767
1126 738
1012 729
958 733
903 728
852 724
804 719
761 727
694 723
646 726
1126 707
1067 705
951 700
856 702
792 689
727 700
677 700
1135 664
1073 658
1013 658
964 661
891 657
841 660
781 663
619 657
1174 610
1119 608
987 612
930 617
863 604
813 605
748 617
696 622
1151 560
1075 545
958 552
887 546
818 545
749 568
699 565
634 545
1106 495
1023 485
965 493
886 486
824 495
760 493
617 490
556 502
1171 447
1088 439
1035 448
943 428
872 430
804 448
720 449
641 428
579 443
1232 378
1148 375
1058 370
906 375
736 373
659 375
586 361
1262 286
1087 285
1020 307
926 303
840 306
774 291
677 294
593 297
520 310
1317 226
1208 191
1118 221
1046 204
950 223
852 215
753 207
581 219
503 211
1374 87
1171 124
1076 104
962 119
870 100
782 98
664 97
490 97
