86 31
232 22
416 128
587 48
789 21
10 113
147 176
274 115
409 153
543 114
669 100
92 175
196 207
303 177
414 190
524 185
632 185
736 143
66 206
161 199
250 184
333 199
421 184
514 199
612 173
701 174
787 200
15 218
101 217
168 217
248 217
333 229
402 216
481 205
569 225
635 204
717 229
4 252
73 231
147 242
218 222
279 242
354 221
422 241
486 238
554 242
618 212
689 231
758 231
44 242
105 242
164 251
220 260
282 233
344 242
405 251
466 242
523 225
584 242
650 223
703 225
771 231
19 250
71 267
129 241
180 250
234 267
293 259
351 241
401 234
458 267
512 251
567 234
622 242
669 235
725 243
785 250
15 263
62 249
107 262
162 258
211 250
258 243
310 244
357 249
410 243
456 258
509 265
558 251
604 251
655 266
700 258
755 265
46 277
88 250
135 263
181 263
226 270
268 264
315 264
363 255
407 277
454 255
494 271
541 263
592 267
635 250
681 264
722 271
772 263
36 269
76 269
118 272
162 269
201 269
244 269
289 257
328 271
370 281
411 275
455 269
495 269
540 281
581 275
622 269
658 256
703 256
744 269
789 281
18 273
57 266
93 279
131 285
174 273
212 277
250 273
289 266
325 275
364 275
406 261
443 273
482 261
519 267
559 273
600 285
639 279
676 273
717 273
753 273
792 273
8 287
49 270
81 282
119 277
157 266
191 282
227 277
261 287
299 266
335 277
370 266
407 277
445 282
480 279
518 282
549 277
587 277
623 271
658 282
699 287
735 282
769 276
3 280
34 280
71 280
105 285
137 290
173 274
207 270
238 280
274 270
308 280
341 270
375 280
408 290
439 274
476 274
509 274
543 285
575 290
608 280
644 280
675 280
708 270
745 280
777 285
17 287
52 283
83 283
115 277
145 278
175 283
207 288
242 283
271 287
302 283
338 273
368 283
398 283
432 292
461 273
495 277
528 286
557 277
590 292
623 283
652 283
685 273
718 283
750 283
782 283
8 294
39 285
70 290
100 285
131 285
161 276
192 276
222 290
251 285
281 285
314 276
343 285
371 290
404 280
432 285
462 276
495 287
523 290
554 285
586 285
616 280
643 276
673 285
706 285
736 294
769 285
6 287
32 287
64 279
90 292
120 288
149 292
175 283
203 290
232 287
259 287
288 279
317 289
347 287
377 288
403 288
432 279
461 279
491 292
518 287
544 288
573 288
601 279
629 279
661 287
686 279
717 287
745 287
774 287
2 290
27 298
55 286
80 294
108 298
137 290
162 289
190 290
215 281
243 290
272 298
299 290
323 290
351 291
380 290
405 289
432 282
461 298
486 290
513 298
539 290
568 291
593 290
623 281
649 290
673 282
702 290
730 290
756 290
22 293
49 287
73 293
99 284
123 295
149 295
175 292
200 295
225 291
252 284
279 287
305 291
328 293
354 292
380 284
407 287
433 295
458 291
482 291
508 287
535 294
562 295
585 295
610 284
638 291
662 291
688 284
713 295
739 293
7 289
29 297
53 293
78 293
102 301
130 286
152 293
175 295
202 293
224 286
251 286
274 293
298 293
323 286
350 286
373 300
397 286
422 286
445 293
472 295
497 286
520 295
544 293
570 295
593 293
617 293
645 293
669 293
689 293
717 297
27 291
46 295
73 290
95 295
116 302
142 302
163 295
188 302
211 298
235 298
257 295
281 298
306 302
330 295
352 295
374 288
399 302
421 288
443 295
469 291
493 288
515 295
539 295
561 295
586 295
610 298
633 295
656 288
676 291
701 298
42 293
63 293
85 297
109 292
132 290
152 296
176 292
198 296
219 289
244 296
265 303
286 297
311 289
332 290
355 300
376 296
400 289
423 296
445 296
466 292
490 296
512 296
532 296
555 303
577 303
601 303
622 299
645 292
666 296
690 298
59 291
78 301
99 301
122 291
142 304
165 294
187 298
206 304
228 297
251 294
272 294
293 298
312 291
336 298
356 298
378 298
400 301
421 301
443 291
465 299
484 291
507 304
529 294
548 291
570 298
592 297
613 291
634 299
655 299
677 301
69 299
93 302
113 302
132 292
154 302
175 292
193 302
214 300
236 296
256 299
275 292
295 302
317 299
339 299
357 301
378 305
399 299
421 299
438 293
461 302
480 299
500 299
521 305
542 305
564 302
583 299
603 295
625 293
645 302
667 302
84 300
104 294
123 300
145 296
163 297
182 300
202 306
223 294
241 300
262 300
282 296
301 303
322 294
341 302
360 294
381 300
400 294
419 294
437 300
459 300
477 294
498 300
518 302
536 300
556 294
576 300
595 294
616 300
636 300
654 297
96 295
113 295
134 301
152 297
170 301
191 295
209 298
227 295
247 301
266 295
285 297
304 301
322 307
341 302
361 307
381 295
400 301
417 295
436 295
456 295
475 307
494 297
513 295
530 298
551 295
568 301
590 302
609 295
627 303
646 303
107 302
126 298
144 305
161 304
182 296
197 304
218 304
236 298
254 303
273 304
292 303
309 302
327 304
345 307
365 305
384 298
401 302
420 302
438 296
458 296
475 302
493 296
511 302
532 307
549 302
566 302
587 307
603 296
623 307
641 302
117 304
137 297
153 302
172 304
189 302
207 304
224 299
243 302
259 308
278 302
297 297
314 304
332 300
349 302
367 302
386 302
403 299
422 297
438 302
456 300
474 297
493 302
510 299
529 302
547 305
565 304
583 305
601 302
618 305
636 305
123 303
140 303
157 303
174 308
192 303
210 298
226 303
243 303
261 308
280 306
295 303
313 298
330 300
348 298
366 306
383 298
399 303
418 300
436 308
451 303
469 300
486 305
504 303
520 303
539 303
554 303
574 298
589 298
607 306
624 306
132 304
147 305
164 304
183 301
198 305
215 304
233 304
249 304
265 304
283 301
299 301
315 307
332 299
349 304
366 304
384 299
399 305
417 309
433 301
449 301
468 301
484 306
502 304
519 306
534 299
551 304
566 302
584 307
601 301
618 301
140 310
156 300
172 307
188 310
203 310
221 300
237 305
253 305
269 300
287 306
303 307
319 300
335 300
352 305
368 300
384 306
400 307
417 305
433 305
449 310
465 305
481 306
498 307
514 300
530 300
546 306
563 307
579 305
596 305
611 307
