973 729
946 719
927 727
902 724
879 721
861 721
838 727
808 719
788 724
763 726
983 727
961 727
935 722
912 722
892 723
867 727
842 719
819 717
795 718
775 722
980 721
958 715
927 715
909 722
881 720
856 715
834 715
809 726
781 723
761 723
981 718
957 718
936 718
905 721
878 713
857 721
829 718
804 718
783 720
759 716
1001 713
977 717
944 722
920 716
891 718
864 716
838 713
816 711
793 711
762 716
1001 708
977 714
949 714
914 714
889 719
859 714
838 714
804 714
778 709
753 710
997 712
972 706
947 714
915 706
893 706
861 712
833 711
808 712
779 706
751 712
1026 709
992 702
957 706
937 709
905 709
878 709
841 710
819 709
782 703
757 712
1022 707
998 706
963 706
937 712
901 713
874 699
836 706
810 713
773 708
752 702
1022 699
990 709
961 702
932 699
894 696
862 702
837 699
795 703
769 702
737 709
1039 700
1003 692
965 706
936 699
900 701
861 702
828 696
794 699
770 696
730 706
1033 695
998 695
956 691
925 695
889 695
852 695
821 697
786 699
749 695
722 691
1051 684
1018 691
986 687
951 684
906 692
870 685
840 694
799 684
760 687
726 692
1042 691
1003 687
964 682
930 683
890 695
857 683
820 691
770 687
735 691
702 679
1067 686
1030 678
977 687
948 679
901 685
859 674
826 687
782 683
742 682
698 685
1092 677
1059 677
1016 672
975 669
922 681
888 677
840 681
806 681
754 668
721 668
1078 675
1036 663
999 677
945 666
903 667
867 671
817 680
777 681
720 662
674 661
1108 665
1050 654
1007 664
968 667
907 665
870 664
819 669
765 668
713 653
668 664
1128 659
1080 661
1035 647
979 656
931 656
872 657
821 655
776 649
718 667
683 662
1136 646
1082 639
1024 646
975 651
922 649
865 646
800 645
763 636
696 648
646 648
1202 638
1134 635
1091 639
1022 633
965 628
910 628
839 635
773 620
731 641
653 634
1184 623
1121 610
1055 616
1007 622
927 624
873 621
790 609
737 627
675 634
608 611
1254 612
1177 611
1092 617
1020 600
951 608
893 611
812 615
755 611
688 609
600 607
1256 575
1175 594
1092 593
1008 591
934 594
868 578
777 578
699 586
624 609
528 606
1298 559
1209 572
1130 578
1049 575
963 559
854 552
768 554
692 579
619 574
543 557
1360 567
1291 544
1176 550
1090 545
1000 551
896 541
808 535
690 548
600 564
511 538
1445 498
1347 490
1228 496
1122 525
1012 539
877 495
765 524
669 519
558 533
443 492
1549 466
1449 465
1319 479
1154 441
1060 455
921 457
798 445
635 458
500 463
405 455
1641 360
1471 374
1358 418
1163 401
1049 415
867 370
717 375
549 387
372 387
221 416
1571 289
1324 294
1189 294
988 267
738 304
534 339
354 297
203 274
1525 130
1197 64
956 132
637 69
395 135
107 127
