456 238
445 239
432 240
424 239
412 240
398 238
388 241
378 237
366 238
356 236
341 237
331 237
321 238
309 238
298 240
286 239
277 237
265 239
254 236
243 236
229 237
219 241
206 240
195 239
182 236
173 237
162 238
152 240
141 241
131 238
454 238
443 238
432 237
418 239
408 238
397 239
386 236
372 236
361 237
350 238
336 238
323 237
311 237
301 236
291 238
277 236
267 236
254 238
242 238
231 237
219 236
209 239
197 238
185 237
171 239
162 240
151 236
137 238
124 239
114 236
463 238
452 238
439 238
425 238
413 239
404 238
390 240
378 239
366 236
355 235
342 238
329 240
316 238
305 235
292 238
280 238
270 238
259 239
244 238
235 238
219 239
207 238
197 238
184 238
173 238
160 240
147 235
137 238
125 239
114 240
465 237
452 236
439 237
424 236
415 238
403 236
389 237
376 235
365 240
349 238
338 237
323 236
312 239
299 237
286 237
274 235
262 238
249 240
238 238
224 238
211 237
201 237
185 235
174 240
160 238
146 236
135 238
123 237
109 235
98 235
469 239
458 234
444 234
432 235
417 237
407 237
390 235
381 237
368 239
353 235
339 237
327 235
315 234
301 239
288 239
274 235
263 234
246 238
231 238
220 238
205 237
196 237
181 237
169 234
156 239
138 237
131 237
114 235
102 237
88 237
474 237
462 236
449 236
434 237
418 233
407 237
391 234
378 237
363 236
353 237
335 237
324 239
309 234
297 236
283 234
268 237
253 239
241 238
227 238
210 236
199 238
185 233
169 236
158 236
145 236
132 236
117 236
99 237
88 236
74 237
492 236
476 232
461 238
448 235
431 234
417 234
403 235
389 234
375 234
361 235
345 237
331 233
318 236
303 235
287 237
273 237
261 235
242 232
227 234
214 237
199 232
185 235
168 236
158 232
143 238
126 237
112 237
102 236
82 234
68 232
498 235
481 238
463 236
451 238
436 235
419 238
403 232
387 235
375 235
357 232
344 235
325 236
314 232
296 233
280 232
266 233
251 235
233 238
221 235
205 232
186 235
174 235
161 232
144 233
127 235
111 235
94 238
84 233
69 238
50 233
508 231
490 235
477 231
458 231
440 231
426 231
410 234
394 234
380 235
365 232
346 231
333 231
316 231
299 237
279 234
265 237
248 234
235 234
221 234
199 234
185 235
168 232
154 234
137 236
123 234
105 232
89 235
75 231
56 232
39 235
517 229
501 236
481 230
467 233
450 230
434 233
412 235
399 233
381 233
365 233
348 234
328 233
312 233
296 229
279 233
262 235
241 233
223 235
205 235
190 233
173 233
155 235
142 233
126 231
104 235
94 230
71 233
52 233
39 233
22 237
530 229
514 233
496 232
478 229
459 228
442 228
420 232
407 232
387 232
366 234
350 232
333 233
315 232
295 230
281 232
258 229
244 234
225 230
203 230
188 232
170 234
153 228
131 234
114 232
98 232
81 228
62 232
40 233
26 236
7 232
543 233
521 231
500 231
482 228
458 227
443 231
420 231
405 232
385 227
363 231
343 231
326 229
308 231
285 233
264 235
251 231
233 232
211 232
190 231
174 227
153 231
134 233
115 231
95 231
77 229
58 229
32 231
17 231
561 229
537 225
518 234
500 225
478 230
455 227
436 229
412 227
391 232
369 232
350 230
330 226
312 227
291 231
266 230
248 225
227 230
208 234
184 230
164 230
144 230
123 234
97 229
84 230
59 230
42 230
18 230
577 232
548 225
530 228
503 223
485 225
459 228
438 223
413 230
394 232
366 223
346 233
326 228
304 228
283 228
259 232
235 232
215 228
192 229
165 228
147 230
119 225
100 223
75 223
55 228
33 228
10 223
600 231
574 226
546 226
527 226
497 226
477 221
451 226
427 221
404 221
375 221
350 226
332 226
303 231
282 226
256 223
229 226
205 221
183 231
155 226
135 226
112 229
80 229
55 221
33 226
9 228
615 221
588 225
552 221
528 226
501 218
471 218
448 226
418 225
393 229
367 221
341 220
318 224
281 229
259 224
238 224
204 218
178 229
152 229
122 229
98 224
68 229
44 224
18 220
642 222
608 218
579 224
561 221
527 217
496 218
464 215
437 215
408 215
377 221
345 227
319 224
288 221
264 221
231 218
205 221
166 222
139 218
107 221
87 221
60 218
17 222
655 211
622 214
584 220
553 218
520 217
485 210
452 217
425 224
386 218
350 218
317 225
283 220
255 214
225 218
183 210
146 217
121 217
79 217
43 224
22 218
645 213
611 213
575 217
537 215
505 216
471 216
418 205
380 204
343 212
310 205
274 212
237 217
197 221
149 205
121 217
83 213
38 205
9 213
658 209
613 210
565 208
533 216
479 208
442 216
405 202
353 213
305 203
265 208
227 208
170 208
125 210
98 211
44 202
7 210
661 201
612 205
568 206
522 205
451 202
411 194
361 211
314 201
259 197
204 200
149 206
97 190
52 196
608 176
537 197
482 196
429 177
365 178
291 189
228 190
167 194
99 177
37 190
597 175
526 167
435 158
346 155
282 156
187 158
109 182
28 158
664 147
557 149
448 139
357 140
214 149
141 147
6 139
569 55
379 70
194 86
