1013 532
989 532
965 528
939 528
913 531
888 533
864 526
831 531
809 531
783 531
762 531
731 531
712 536
681 534
658 533
631 532
605 534
578 531
561 526
527 536
505 534
477 531
458 533
425 531
401 531
381 536
360 526
330 528
298 536
281 531
1022 530
991 531
964 527
943 530
914 530
889 535
857 535
829 524
807 533
776 527
751 531
723 535
703 530
674 525
644 530
618 527
597 531
572 525
540 535
518 527
487 530
465 533
441 530
411 530
382 530
354 533
332 533
303 530
281 535
253 525
1047 532
1014 525
988 523
962 526
932 529
906 529
881 529
851 526
823 531
793 529
770 529
739 529
709 526
689 534
657 529
633 529
601 526
574 529
551 529
521 529
490 529
463 532
441 526
406 529
380 532
356 532
328 529
303 526
272 526
248 529
1053 528
1023 534
989 528
964 534
940 522
906 534
876 522
852 524
825 522
789 528
769 528
736 522
706 528
673 524
652 522
619 525
595 528
564 528
528 528
500 531
472 528
449 531
416 524
394 528
360 528
332 528
307 522
275 534
250 530
219 528
1059 523
1035 523
1003 527
975 523
940 521
911 523
876 527
848 527
822 527
790 533
761 526
730 526
704 526
673 530
639 523
609 526
578 526
547 533
525 524
495 521
465 533
434 533
399 530
368 533
338 524
310 527
287 529
251 533
220 520
189 527
1067 525
1029 522
996 522
968 519
935 528
905 528
876 525
847 528
805 525
776 525
743 519
716 519
683 518
652 532
620 519
591 525
554 525
524 525
488 525
459 525
430 522
400 519
361 525
338 521
309 525
273 532
245 521
210 527
181 525
140 525
1092 520
1058 517
1027 517
1001 530
967 524
925 527
899 524
868 525
829 517
794 523
769 523
727 523
698 523
659 530
632 527
597 527
569 523
528 517
493 527
461 524
429 527
399 517
366 523
329 523
300 519
255 523
230 525
190 523
159 523
128 523
1115 522
1094 522
1059 524
1015 515
976 522
946 515
912 517
881 522
840 525
805 522
772 517
731 525
704 529
668 525
632 529
593 522
557 522
524 525
481 514
452 521
415 515
387 522
354 522
301 521
283 522
241 525
207 515
174 515
140 515
92 524
1122 515
1089 515
1051 522
1022 515
971 515
945 512
904 515
866 512
835 515
795 523
751 515
717 512
681 520
637 522
611 520
565 520
535 520
496 524
460 520
422 527
380 527
348 524
305 515
263 523
226 520
193 515
164 522
112 519
76 520
44 512
1162 517
1121 509
1088 519
1042 512
1001 520
957 509
917 509
877 517
841 525
800 521
756 513
723 509
686 521
648 509
598 517
568 517
520 517
478 521
448 512
396 517
369 512
330 517
279 513
239 512
199 517
158 509
114 521
76 517
43 517
1202 516
1150 506
1107 506
1067 514
1019 518
988 510
940 519
893 509
855 514
807 515
772 523
726 523
672 519
637 518
593 523
550 517
502 505
463 523
421 505
384 523
333 506
296 516
251 505
197 518
162 518
113 518
77 509
44 515
1244 521
1201 521
1145 502
1098 516
1065 511
1017 511
977 511
922 521
869 514
822 511
790 511
739 511
682 511
650 516
595 502
556 502
498 513
453 502
409 511
365 511
311 520
265 511
229 507
169 516
144 502
86 505
30 506
1273 508
1230 503
1164 502
1135 513
1075 513
1027 512
973 498
924 518
871 513
823 508
768 508
716 513
678 511
621 513
579 498
525 513
470 508
423 513
383 508
321 518
277 502
231 513
168 497
125 498
83 508
14 502
1286 494
1233 507
1181 493
1134 506
1078 504
1024 504
960 505
918 510
847 494
805 505
749 493
685 504
647 494
580 497
536 504
486 494
431 504
377 515
312 515
263 505
198 509
150 504
96 493
47 507
1331 500
1278 505
1202 500
1149 506
1106 505
1034 494
969 500
915 512
858 499
795 511
734 500
679 503
630 511
569 506
501 492
449 502
392 505
336 506
285 500
227 488
170 500
112 506
26 511
1394 499
1319 481
1249 480
1191 481
1130 493
1068 494
993 493
940 493
864 487
793 493
744 492
674 493
616 486
543 494
485 486
397 493
339 496
283 493
216 499
162 480
104 494
19 500
1475 499
1394 485
1304 472
1246 500
1165 477
1084 485
1024 487
930 493
858 486
796 471
708 493
649 500
563 470
498 492
432 472
354 492
281 485
198 499
146 486
53 485
1509 475
1414 475
1351 474
1239 484
1165 457
1079 465
992 492
902 476
836 483
729 480
658 464
580 483
483 468
413 464
323 476
238 478
141 464
68 481
1465 455
1371 483
1281 465
1171 474
1111 463
1009 470
907 454
807 463
695 445
625 475
510 463
420 466
329 473
220 466
151 475
29 463
1466 459
1391 455
1286 445
1138 431
1050 433
900 467
807 427
667 449
576 427
444 457
322 468
193 444
82 421
19 424
1458 404
1317 428
1189 407
1066 394
930 391
785 422
617 401
492 401
309 433
193 407
54 438
1429 404
1250 422
1111 361
902 401
696 380
556 385
357 383
151 395
14 383
1452 236
1180 279
878 280
665 288
386 291
49 231
1314 50
847 114
452 49
