672 64
61 225
331 208
571 256
837 207
32 284
214 303
396 344
576 266
773 299
951 299
106 357
270 377
415 370
557 342
716 342
851 360
1003 324
61 383
196 399
308 382
436 410
557 406
690 397
796 408
924 368
17 424
135 425
242 427
347 413
447 437
557 400
660 412
782 450
880 424
977 426
66 468
165 434
261 456
356 423
455 445
542 450
639 433
735 444
822 445
916 445
46 463
139 463
215 472
301 443
381 444
464 445
549 452
634 464
707 444
799 468
880 463
954 444
75 476
147 494
220 493
293 466
370 476
449 479
526 476
596 465
671 476
752 479
815 481
898 476
972 484
57 487
122 486
192 503
262 494
324 470
399 487
466 489
529 476
601 486
670 486
738 487
798 487
869 490
934 486
1009 476
31 495
91 510
157 499
226 511
285 503
347 480
405 488
474 481
533 503
596 502
659 503
722 503
777 503
843 481
899 481
969 495
21 517
81 490
132 509
189 503
249 503
305 489
357 510
420 503
478 505
532 510
592 510
652 495
707 489
766 503
818 494
874 503
938 517
989 503
2 509
55 509
108 509
163 502
213 496
267 502
325 509
374 509
424 501
478 522
531 511
589 516
642 509
691 509
748 496
796 497
851 516
905 509
965 509
21 527
74 517
122 503
171 515
218 521
268 527
320 508
371 515
418 515
471 515
518 508
565 515
613 509
669 515
718 521
764 515
811 515
866 515
911 503
18 531
68 509
111 525
157 520
204 514
249 514
298 513
344 525
395 520
441 520
482 520
530 522
580 525
624 508
671 520
716 508
762 514
814 519
856 522
908 531
43 513
85 524
130 529
173 513
216 529
263 524
302 526
351 523
390 513
435 527
482 513
523 524
569 513
613 524
657 534
702 534
746 527
784 524
833 534
877 524
