881 31
271 46
454 75
642 146
798 104
936 166
54 153
235 169
384 201
550 236
683 240
787 220
909 232
95 211
238 215
363 265
492 299
600 261
714 268
813 286
922 327
1006 338
39 283
164 301
275 303
399 295
491 304
587 325
693 341
780 329
857 359
929 366
1006 374
17 344
143 321
239 350
341 330
439 356
532 352
610 360
696 382
770 365
843 390
912 399
974 390
56 357
145 376
245 350
337 367
424 391
502 409
577 406
652 400
730 407
793 413
859 434
917 439
980 442
20 362
116 388
198 375
281 401
358 394
440 411
511 419
578 420
641 425
709 412
765 418
828 421
884 456
931 435
982 448
22 404
100 426
194 414
262 417
340 424
414 427
476 433
535 421
606 446
659 446
717 447
776 450
830 460
881 449
922 460
968 455
42 426
119 418
197 417
267 436
333 443
400 451
459 447
518 456
578 453
636 470
684 453
739 470
784 466
830 455
882 471
925 466
75 441
141 430
207 448
275 451
330 454
392 458
453 461
509 463
557 459
609 469
662 459
706 474
754 465
796 479
838 474
884 471
24 439
83 454
148 444
203 474
265 450
319 469
376 471
431 484
484 478
537 476
588 478
631 487
677 486
722 497
760 488
807 489
846 492
44 464
102 480
164 468
227 472
278 474
332 464
386 479
436 469
481 483
533 485
577 481
624 489
664 493
706 493
748 495
784 498
826 488
54 466
113 483
170 484
225 469
271 483
328 473
376 476
420 478
465 485
512 498
554 505
601 502
641 509
683 510
716 502
758 503
795 506
59 482
112 491
167 476
214 483
263 491
313 503
360 484
405 485
446 503
491 500
532 501
572 502
614 504
652 511
687 497
726 513
762 504
40 489
92 491
142 493
189 497
235 507
284 492
325 494
369 506
415 503
457 514
494 516
538 507
575 500
616 515
650 512
682 508
717 505
755 515
1 506
55 491
103 489
145 500
196 491
237 514
283 507
326 511
365 499
405 509
446 515
484 512
523 518
557 524
596 518
631 526
666 509
698 520
730 513
16 492
65 494
109 508
155 507
198 503
241 510
284 502
322 504
364 505
401 515
438 511
477 518
508 514
544 524
580 523
615 514
646 528
680 524
712 528
28 508
72 500
117 505
158 503
201 509
238 515
276 512
315 527
358 513
390 523
427 521
465 514
496 523
529 519
565 526
596 518
629 530
659 524
687 522
27 514
72 515
108 521
149 518
191 510
231 515
270 521
307 514
342 523
376 527
413 530
444 526
480 522
510 528
545 532
575 534
606 524
635 532
663 533
1 527
46 510
83 520
125 517
166 514
203 524
239 524
272 534
309 518
344 520
378 520
413 530
441 538
478 524
505 533
537 537
568 534
595 528
628 540
653 538
15 532
52 524
96 517
129 526
166 527
200 528
240 521
270 532
304 531
338 528
371 533
401 534
434 542
466 539
494 529
523 539
552 538
581 546
611 532
637 533
25 524
61 537
98 530
134 539
171 532
207 533
237 534
271 534
305 539
336 536
364 538
399 542
426 531
457 535
487 542
514 541
544 542
569 549
596 546
620 537
35 532
73 525
106 534
139 538
175 535
208 538
241 541
270 538
301 539
332 546
361 540
393 541
422 545
447 546
477 543
504 537
533 545
558 542
583 539
608 550
49 528
81 536
117 537
149 538
179 539
211 540
242 533
274 534
303 535
331 543
359 543
388 545
416 538
442 549
470 542
496 553
525 547
548 548
572 550
601 543
63 539
97 536
124 548
159 543
190 546
220 540
248 544
279 544
305 548
336 552
361 540
390 554
418 549
444 549
469 543
493 550
520 552
543 553
568 551
593 552
68 535
97 550
132 537
159 541
186 549
216 553
245 553
274 547
300 545
328 548
355 543
383 550
409 550
433 554
458 548
483 546
506 553
530 553
556 554
579 557
84 542
112 548
141 550
169 550
200 552
230 543
252 556
284 544
307 544
335 552
359 553
387 553
411 547
434 554
458 560
483 555
506 558
530 558
551 550
573 557
82 550
112 543
142 543
170 544
196 557
223 551
251 546
275 552
301 549
328 554
350 557
378 561
399 552
426 556
449 551
471 551
493 557
517 558
538 558
561 561
101 545
124 552
149 559
179 556
207 548
230 551
256 558
280 561
306 550
333 550
356 558
378 554
403 554
424 561
448 559
470 556
493 561
512 554
536 563
556 561
98 547
123 556
151 560
178 549
204 552
226 556
251 556
278 557
303 554
325 555
347 558
371 561
393 559
415 561
439 557
460 555
482 561
505 564
526 557
547 562
102 556
128 556
155 558
177 557
204 558
226 564
251 559
276 554
301 560
321 563
346 563
368 558
389 559
411 563
434 557
454 559
475 564
495 564
516 564
538 569
116 558
137 564
166 553
190 556
214 565
238 555
258 566
283 561
305 564
328 556
351 557
372 563
393 563
416 563
436 564
456 567
477 567
497 566
518 565
535 561
114 560
140 560
164 561
186 562
209 563
234 559
257 563
278 563
301 564
323 558
343 564
366 564
386 566
407 560
427 566
447 561
467 569
486 562
506 569
525 564
123 562
144 562
170 562
194 560
214 566
239 561
258 564
280 565
303 567
324 565
345 567
365 561
383 569
406 567
426 567
444 567
502 564
126 569
152 559
172 564
196 560
215 565
239 565
259 566
280 569
302 567
323 567
341 567
363 568
382 563
403 565
420 566
441 566
477 567
495 570
515 570
