79 62
399 78
721 32
1040 24
1334 53
55 192
262 180
500 221
747 182
977 144
1212 196
180 219
370 275
564 290
740 220
947 326
1144 269
1319 215
73 342
229 364
385 342
540 315
710 312
875 364
1014 314
1179 361
1346 349
60 350
185 390
314 389
447 389
579 363
732 388
856 388
999 388
1128 366
1280 407
4 457
121 419
250 455
364 384
499 419
604 419
737 384
860 437
968 422
1096 430
1221 455
1337 437
88 453
192 448
306 415
406 448
507 448
625 480
718 415
838 416
944 446
1041 448
1153 415
1253 418
1362 448
43 499
141 483
239 468
346 483
435 483
540 474
631 468
723 468
822 441
919 498
1023 483
1112 468
1207 469
1312 440
13 488
98 462
191 489
263 487
363 488
444 489
536 473
622 488
703 487
796 463
879 462
968 471
1059 488
1149 487
1233 515
1325 493
67 488
151 528
226 510
312 504
389 504
472 504
553 504
631 488
713 511
793 508
873 480
955 528
1036 508
1110 481
1199 516
1273 516
1363 515
32 502
116 495
178 516
256 516
328 523
405 516
477 516
552 516
620 527
702 539
774 517
849 516
913 495
992 517
1069 516
1142 538
1222 538
1288 528
1364 517
36 528
104 528
168 528
240 528
304 515
375 528
445 507
512 528
586 539
649 528
720 534
792 528
858 507
923 508
997 528
1063 507
1131 515
1198 534
1261 507
1332 507
69 538
130 518
196 538
260 519
325 542
387 538
452 538
511 538
575 527
645 518
701 538
763 527
831 518
889 519
957 538
1015 519
1085 538
1147 558
1211 518
1273 529
1335 518
47 546
104 563
163 554
217 563
284 555
344 564
404 535
468 527
527 555
587 546
645 564
707 546
759 545
823 555
882 545
942 535
1004 563
1059 527
1119 545
1177 528
1246 563
1295 528
1364 554
38 570
94 558
152 536
211 544
257 553
318 537
374 553
430 554
485 554
540 537
600 536
654 570
713 554
762 545
824 544
877 557
932 559
986 559
1041 553
1098 543
1152 536
1211 553
1271 562
1329 570
1385 562
25 550
80 560
132 552
182 560
239 544
293 563
349 544
395 560
453 576
500 576
556 552
605 576
657 550
714 563
763 550
817 544
874 544
922 560
979 560
1033 568
1081 560
1134 560
1193 568
1243 560
1293 551
1350 560
1 569
52 566
103 566
158 556
209 551
255 556
304 573
356 581
407 565
458 558
508 566
552 551
602 566
659 573
708 557
752 566
808 565
858 581
909 566
957 566
1006 573
1059 573
1102 558
1153 558
1206 550
1256 557
1305 557
1358 556
35 578
83 579
135 571
180 571
226 586
272 571
319 563
369 564
416 571
464 571
510 579
558 557
605 575
649 571
702 557
745 557
795 578
844 578
889 586
933 557
982 571
1029 557
1074 571
1127 556
1171 571
1221 557
1266 576
1311 571
28 562
73 579
114 579
159 580
205 562
244 590
291 583
338 576
381 576
426 580
474 576
521 583
567 590
609 576
656 576
700 576
745 583
790 580
831 583
883 583
925 576
972 579
1014 576
1059 583
1101 562
1147 576
1192 579
1237 568
1288 576
25 581
65 587
107 573
148 567
193 593
238 580
282 567
322 574
365 594
408 573
454 581
497 573
538 580
582 568
622 594
662 572
707 587
749 574
793 580
837 574
879 580
921 594
966 581
1008 581
1047 567
1089 568
1137 587
1180 573
1221 580
1267 581
40 572
78 578
118 591
161 587
202 590
241 591
286 597
323 572
367 597
409 584
451 591
489 572
530 587
569 588
612 587
651 584
693 597
733 585
774 584
817 585
855 597
901 597
936 584
981 597
1022 584
1061 572
1103 572
1141 584
1183 597
1227 591
82 576
117 594
162 576
199 588
236 581
276 594
315 576
356 591
395 590
434 581
474 594
511 576
547 588
592 588
628 600
669 600
709 592
743 588
782 588
825 581
862 588
900 588
945 600
977 588
1020 591
1056 588
1097 592
1133 576
1177 588
1217 592
94 597
130 580
168 591
203 603
245 591
280 591
321 580
358 591
393 580
430 591
466 597
508 584
545 591
580 591
617 597
657 580
691 591
729 603
767 584
804 584
847 597
884 591
922 597
959 591
995 595
1034 585
1068 584
1105 584
1148 603
1183 584
119 594
156 588
190 588
225 588
264 594
297 606
335 584
369 595
408 600
445 588
482 589
513 594
548 583
585 583
622 605
660 594
696 583
730 605
769 594
803 594
838 588
877 594
909 583
946 594
982 595
1023 594
1059 605
1091 596
1127 594
1164 594
149 597
182 608
213 597
252 587
288 587
320 587
353 603
387 597
423 603
457 603
495 591
530 587
562 603
597 597
631 587
666 597
702 608
739 597
769 597
808 591
842 597
878 599
908 591
943 597
980 597
1016 597
1046 597
1081 597
1117 608
1155 597
164 589
199 600
229 610
264 610
298 595
329 595
365 600
400 590
432 595
462 602
500 602
533 600
566 605
600 589
633 600
664 600
697 600
732 610
766 610
802 600
833 594
869 610
900 600
932 602
966 602
1002 594
1032 600
1069 610
1100 600
1134 600
178 605
211 602
245 602
275 602
310 607
339 602
370 602
403 604
434 612
467 607
502 602
535 612
565 602
599 593
629 602
663 607
694 597
727 607
762 592
794 592
825 602
857 602
889 602
921 602
955 607
985 596
1018 602
1047 596
1083 597
1113 592
203 605
238 595
268 605
299 604
329 599
362 605
390 614
421 607
454 614
484 608
515 609
546 595
580 605
607 595
638 605
670 599
704 605
733 600
766 605
796 607
825 599
858 599
891 605
920 605
950 605
981 608
1011 595
1047 605
1075 605
1105 605
220 607
253 606
279 606
315 597
344 611
373 601
404 597
434 616
460 608
492 606
522 606
553 597
582 608
615 616
643 608
673 606
704 607
736 607
764 601
794 597
825 606
853 597
885 602
915 608
945 597
976 607
1006 601
1039 611
1069 606
1097 601
228 599
255 603
284 603
310 617
342 613
373 603
403 599
431 613
458 608
489 603
521 617
546 613
577 603
606 611
635 610
664 603
695 608
726 613
755 604
784 617
814 617
841 608
870 611
902 608
929 608
960 599
988 603
1020 613
1047 617
1076 608
247 610
276 610
304 610
332 610
361 614
391 605
418 605
447 612
476 610
504 615
532 605
562 619
589 601
618 619
647 610
672 601
701 610
733 614
760 605
786 610
817 610
845 610
871 610
902 601
931 610
957 606
988 613
1017 610
1043 615
1075 605
253 603
278 613
307 612
334 607
360 620
392 607
419 613
444 613
473 607
503 612
528 612
555 620
586 616
614 612
639 607
667 616
696 607
722 612
751 612
780 620
805 614
836 616
861 612
891 612
918 612
945 603
972 620
999 613
1028 616
1055 616
263 613
289 608
318 617
341 622
372 605
396 617
422 613
451 617
477 613
504 605
531 608
557 618
584 613
611 613
640 613
666 613
692 605
719 609
748 616
773 613
800 605
828 622
855 605
883 615
907 613
935 605
963 609
990 622
1015 608
1043 613
284 611
308 607
336 623
359 615
386 607
415 610
439 607
465 615
494 607
519 619
544 615
569 617
598 615
624 615
650 607
676 615
702 610
730 616
754 616
780 619
807 617
831 607
861 615
885 610
914 623
939 615
964 607
991 615
1016 615
1044 615
286 620
313 616
338 618
365 608
389 608
415 608
441 608
467 616
494 616
517 608
545 616
568 616
594 612
622 620
646 616
673 616
698 620
725 624
747 616
773 608
800 624
825 611
853 620
876 624
902 620
930 618
954 611
978 616
1005 620
1031 616
