151 32
302 27
437 47
565 91
698 65
785 79
77 133
201 119
330 147
426 136
542 144
643 164
729 171
0 180
117 156
207 189
312 192
404 186
495 202
580 204
660 195
737 238
51 247
150 237
240 252
323 241
399 244
473 247
548 256
622 252
686 254
749 234
14 272
85 277
172 252
241 256
318 278
383 267
458 301
521 282
582 284
642 304
695 291
752 287
21 302
93 302
161 313
226 314
298 315
355 312
419 307
480 307
531 313
589 312
640 314
688 318
740 301
791 311
65 314
131 315
188 331
251 326
303 309
363 327
416 317
468 336
521 336
569 320
618 319
663 337
715 345
758 345
28 361
89 353
150 334
207 349
254 344
307 345
360 345
411 329
457 330
504 360
551 330
592 336
642 359
680 352
722 331
761 331
43 360
100 345
152 360
203 367
258 360
304 359
348 366
398 366
444 373
483 366
530 352
567 359
610 345
649 358
690 358
728 345
758 345
13 359
66 359
111 373
162 373
211 386
253 372
302 359
346 372
386 371
426 384
467 377
508 371
549 377
586 370
622 370
655 358
692 362
725 369
759 357
36 385
83 399
130 385
176 376
220 377
260 383
305 383
344 383
382 389
422 388
461 384
498 381
533 383
570 381
606 380
637 369
674 380
704 368
738 379
766 381
6 388
54 388
93 382
135 382
180 382
218 381
259 381
297 398
335 404
373 391
407 391
443 391
483 402
514 390
549 378
582 389
614 388
648 391
676 388
708 398
739 390
767 387
32 393
73 404
109 404
150 391
189 395
228 395
263 390
303 390
336 406
372 389
407 399
437 398
474 398
503 398
536 408
568 397
598 396
628 406
659 396
687 397
711 385
744 394
771 397
34 424
78 411
116 405
150 400
186 399
224 409
258 409
295 413
328 407
359 412
393 406
425 406
454 406
485 405
514 404
546 404
574 398
604 408
629 393
659 396
686 396
714 401
741 405
768 405
788 394
16 425
54 421
90 424
125 418
160 407
195 412
230 416
263 415
292 417
327 414
358 404
391 407
421 415
448 417
478 411
506 411
533 401
564 415
588 409
617 414
647 418
670 399
697 412
722 402
746 409
770 397
19 427
59 431
92 425
127 418
157 426
193 423
223 422
257 422
287 424
317 411
346 411
378 422
406 419
436 414
462 422
491 417
520 417
546 411
574 416
597 406
624 415
648 418
672 415
696 405
723 417
746 412
767 406
4 437
36 432
72 421
101 425
137 420
164 431
199 428
229 427
258 427
288 428
314 426
343 425
371 424
401 424
427 418
454 418
482 422
507 417
532 425
558 412
582 428
609 411
630 423
654 413
679 426
703 417
723 417
746 409
768 416
18 428
48 437
79 436
113 435
142 426
174 434
202 428
230 432
259 432
285 440
313 431
343 438
368 431
397 420
421 432
447 419
473 419
497 426
524 434
545 425
571 421
593 424
616 419
641 427
661 422
682 422
707 429
729 421
749 425
0 443
62 433
92 445
121 440
151 431
180 443
206 434
235 437
261 441
290 428
318 435
342 434
368 434
394 441
419 433
443 440
466 427
493 439
514 430
539 433
562 433
583 421
606 428
627 428
651 427
670 427
693 430
714 418
735 418
12 442
41 441
97 440
152 445
184 434
207 442
235 445
262 445
313 432
338 439
362 433
388 430
410 437
435 436
457 431
482 435
503 431
525 426
550 441
569 433
593 436
612 432
634 433
658 434
678 430
695 430
715 429
109 443
191 442
239 445
265 436
290 444
340 438
360 442
385 441
408 433
433 433
455 439
476 442
496 438
521 437
542 439
562 432
584 438
603 435
623 435
642 434
665 441
683 433
703 436
168 443
218 445
268 440
292 440
385 445
405 445
426 445
449 443
493 444
513 441
532 437
553 436
574 432
595 442
613 432
632 438
653 431
672 437
689 436
375 441
397 440
480 445
499 438
520 438
540 437
558 439
579 442
597 443
617 435
634 434
654 444
671 441
379 444
441 442
459 442
556 445
575 442
594 444
612 444
629 437
647 439
664 445
543 444
579 443
533 445
618 442
627 444
