474 236
460 233
447 237
434 233
420 237
405 237
392 236
377 233
366 233
350 236
337 237
320 233
310 239
293 236
282 236
265 233
251 236
239 236
225 233
211 234
195 234
185 233
171 233
156 236
142 239
127 236
117 238
100 236
84 236
75 238
491 235
473 234
464 232
446 232
430 235
416 235
405 234
390 237
376 235
357 235
346 234
329 237
314 234
303 235
288 235
274 238
259 238
243 235
229 232
212 238
200 235
183 235
170 238
154 235
142 232
128 238
111 232
98 235
80 238
70 238
500 238
484 235
469 231
453 235
438 235
424 236
404 235
391 233
375 235
361 235
347 232
328 233
311 233
298 231
283 235
269 235
251 235
238 232
222 232
209 238
190 235
173 235
162 235
146 236
130 235
114 235
96 231
82 235
65 235
53 233
507 237
490 234
476 230
456 234
439 234
424 232
406 234
393 232
378 232
361 234
342 234
324 234
311 234
295 232
278 232
261 231
246 237
226 232
212 234
193 237
182 231
161 234
148 230
127 234
116 234
97 234
82 235
63 237
48 232
33 235
524 233
508 231
490 234
470 235
451 233
433 229
421 234
403 231
384 233
365 233
353 233
333 233
313 235
298 233
282 235
265 233
244 234
231 233
214 233
193 229
180 236
156 233
141 234
125 229
107 236
93 229
74 233
56 233
35 233
21 233
529 232
510 230
488 228
474 232
455 230
439 230
415 232
397 232
380 232
362 233
347 235
326 236
310 233
288 232
270 232
256 232
233 229
219 232
200 232
178 230
163 228
146 234
128 236
105 230
86 234
69 228
53 232
30 232
13 233
0 228
540 233
525 226
504 232
485 226
464 227
447 233
425 231
404 231
383 229
362 231
346 233
326 231
304 231
288 228
264 230
244 226
231 231
211 230
187 228
169 230
146 232
129 228
107 227
86 230
71 233
50 232
29 233
11 230
546 225
527 229
506 227
483 230
463 229
436 229
423 231
396 231
379 229
356 229
333 229
314 232
295 229
268 227
251 234
232 233
213 232
187 229
164 229
147 230
127 225
101 234
85 225
66 234
43 229
24 225
4 227
579 229
553 224
530 225
514 225
486 228
468 223
444 224
416 224
398 230
372 228
348 229
327 228
310 230
287 225
259 224
237 225
213 223
196 228
166 232
149 228
130 229
101 225
81 228
54 228
42 229
14 223
590 221
562 227
542 226
512 227
489 223
466 227
444 229
415 231
394 221
373 229
344 224
325 226
293 228
273 226
251 222
225 227
200 231
178 229
152 226
131 228
103 226
82 222
56 226
31 226
9 227
608 225
579 225
557 230
532 230
511 225
476 227
456 225
430 224
397 219
377 227
348 226
322 224
296 225
272 225
242 224
216 224
191 225
165 230
143 225
113 222
89 225
61 220
42 230
6 227
631 223
603 219
579 216
550 216
517 217
484 228
463 228
434 222
402 217
379 222
348 217
315 222
287 223
256 225
229 222
205 217
178 222
148 217
121 222
94 223
55 225
31 222
5 225
665 220
630 219
600 216
572 219
538 219
505 219
476 219
449 213
417 216
381 226
354 217
320 219
282 219
258 223
227 222
194 220
160 223
131 220
105 220
69 215
38 223
1 219
641 211
621 215
573 219
538 215
511 219
469 215
431 215
392 219
359 216
322 216
283 219
253 216
221 211
181 219
142 211
112 208
75 215
39 215
0 219
653 201
604 218
554 210
518 211
483 209
439 210
397 210
348 209
319 204
271 203
230 210
181 212
140 214
100 202
74 219
20 206
678 193
629 198
584 206
538 212
482 212
428 203
384 202
333 202
278 196
239 197
183 203
138 203
85 202
38 196
672 189
590 193
527 191
460 185
403 184
344 194
275 190
213 204
150 190
100 190
56 186
649 190
567 161
489 180
431 179
347 174
266 175
182 174
95 180
33 159
638 161
544 163
417 153
336 132
225 130
120 171
612 87
435 89
247 86
106 124
