98 32
195 28
301 26
416 28
521 44
621 3
733 33
845 30
54 59
143 81
235 82
334 111
414 86
516 82
604 93
689 88
781 86
880 80
962 61
45 129
118 108
195 126
275 123
355 146
440 124
513 129
598 135
668 103
752 124
839 99
907 110
998 129
20 167
97 180
167 139
231 177
307 140
376 159
435 157
505 140
582 159
643 145
719 159
781 160
852 140
920 141
990 160
19 183
77 183
145 183
210 184
261 182
326 201
394 192
450 184
516 192
575 167
640 186
700 172
759 164
829 186
885 183
947 182
1013 174
18 223
79 205
129 189
193 207
241 210
297 215
355 213
412 223
467 191
523 206
577 191
634 214
688 215
743 190
794 189
848 206
908 210
965 213
12 237
59 224
116 229
167 221
215 221
267 221
317 229
373 206
417 224
473 208
522 212
573 222
622 214
676 221
724 222
779 221
827 230
874 222
927 208
5 236
58 223
103 223
143 235
190 243
236 228
281 235
331 222
379 239
426 235
470 228
518 236
563 221
613 235
659 236
704 243
752 237
800 222
845 235
892 228
46 251
87 239
137 247
174 240
219 247
261 259
307 247
348 246
392 248
437 247
479 247
521 247
569 247
612 254
652 240
693 248
738 234
785 240
828 251
866 240
75 245
117 257
157 249
194 257
234 249
279 261
318 259
361 257
398 244
438 257
481 263
520 263
564 245
602 260
642 263
684 257
721 257
763 257
806 256
847 269
98 268
136 269
170 270
213 267
252 261
285 255
322 266
362 269
397 266
437 267
474 272
512 260
549 267
588 278
628 266
662 260
699 255
741 277
778 272
815 255
121 268
155 274
191 274
229 276
265 264
296 264
334 275
371 275
405 280
440 274
476 264
511 280
548 274
579 275
614 264
650 275
690 278
726 280
756 278
795 279
144 282
178 281
212 281
248 281
281 271
312 286
347 276
382 281
413 281
447 276
480 286
514 291
545 281
582 287
612 286
648 286
679 281
714 281
749 281
783 281
160 278
192 292
220 292
254 278
288 287
316 287
351 296
381 296
412 281
443 283
475 283
510 281
541 289
571 282
605 287
634 277
668 278
699 288
731 277
763 287
189 293
218 293
246 298
279 288
308 293
335 298
365 293
398 298
427 296
458 302
487 288
516 284
546 284
577 293
605 284
637 284
668 298
698 296
726 293
757 294
197 307
224 303
252 303
280 298
312 303
338 293
368 298
394 290
424 307
453 293
480 298
509 307
540 299
567 307
594 301
626 293
651 298
681 290
711 290
737 290
216 307
243 311
270 295
299 307
326 303
354 303
380 306
405 303
433 295
462 311
489 295
515 299
541 303
569 311
598 303
622 303
651 303
677 311
707 303
733 303
228 311
254 300
282 303
305 311
330 300
359 310
386 303
410 300
435 300
461 309
485 311
511 310
539 307
566 311
590 303
616 315
641 308
666 307
694 307
718 300
244 314
268 312
293 315
316 319
341 313
364 311
390 314
414 319
441 304
465 315
491 312
514 307
538 312
565 311
586 314
612 314
636 304
661 312
687 311
712 319
257 315
280 317
304 315
328 319
349 315
374 316
397 319
422 315
444 319
470 315
491 315
517 308
541 315
563 318
586 315
609 311
634 315
657 315
680 311
704 315
268 318
286 318
310 325
334 318
357 322
380 318
401 325
426 312
449 318
469 322
492 318
515 315
539 314
561 320
582 318
605 318
629 322
652 322
672 315
694 314
272 328
294 328
316 323
337 315
360 328
381 315
404 315
425 315
447 325
470 321
492 321
512 321
534 325
557 317
579 321
599 317
620 315
643 321
665 315
687 321
276 330
296 330
317 324
340 324
359 324
382 318
402 324
425 325
444 320
464 327
485 317
506 324
529 324
551 326
572 324
592 330
613 324
634 324
655 324
675 317
