124 71
284 53
426 71
559 10
698 25
846 60
994 85
49 130
180 101
290 146
403 143
524 96
639 116
764 147
883 132
1011 128
101 173
201 166
302 161
401 190
516 193
621 216
714 180
822 170
928 190
72 244
168 238
252 244
342 237
432 249
525 250
611 213
699 236
785 227
879 244
964 239
55 276
125 297
208 276
288 274
367 284
452 273
526 275
604 254
690 251
765 275
846 273
926 251
1007 260
12 285
83 284
148 308
227 305
290 316
363 310
444 287
506 327
579 306
650 311
723 305
786 286
873 304
938 305
63 321
125 330
186 329
250 319
314 330
377 329
445 328
508 311
574 320
637 339
706 331
765 329
832 334
892 330
964 318
47 348
106 355
165 348
223 346
290 330
346 329
404 329
463 356
526 336
584 337
638 329
706 351
757 348
820 346
886 364
946 346
999 347
28 362
82 370
146 348
199 371
252 364
309 354
363 363
418 371
474 367
532 368
581 362
634 354
695 347
751 363
806 363
857 368
916 353
969 363
0 370
50 384
105 361
157 362
207 361
262 362
306 377
363 361
413 362
465 377
512 368
563 376
614 377
669 381
722 385
768 367
822 367
871 382
930 384
31 404
84 390
125 390
176 390
224 382
274 376
319 390
368 394
417 381
459 403
510 390
558 381
609 389
655 404
699 404
749 390
797 375
839 376
889 390
22 400
64 400
111 386
154 399
197 405
242 399
291 400
337 400
382 406
425 403
469 399
518 399
564 407
605 393
652 399
697 400
741 399
789 406
827 386
877 399
40 421
92 396
133 402
167 421
218 409
257 408
300 408
341 415
387 401
428 412
468 409
513 396
558 409
600 412
645 412
685 421
729 409
771 421
813 395
857 421
67 417
104 409
148 404
186 416
228 419
268 417
306 428
346 416
392 409
431 429
473 410
509 417
552 423
593 416
633 416
670 416
712 417
752 419
793 417
834 411
104 425
143 430
178 413
219 425
258 425
294 436
333 431
371 419
410 430
448 428
483 436
520 428
562 424
598 424
634 425
675 436
710 413
751 430
788 430
827 428
119 420
153 420
187 436
226 434
261 434
296 431
333 442
372 437
406 431
444 430
477 431
514 425
549 434
585 420
625 425
661 436
695 436
733 442
770 431
804 431
134 437
168 442
205 438
235 431
272 442
308 437
340 438
373 437
407 448
442 431
479 437
513 438
547 437
580 448
616 443
650 448
684 431
723 437
756 431
789 448
154 443
188 448
221 434
255 433
284 443
319 444
351 449
384 433
420 433
450 433
483 453
518 444
550 443
584 449
614 446
650 454
681 433
714 443
746 437
779 433
160 449
194 439
222 448
256 448
289 439
318 449
350 449
380 449
412 448
445 449
474 449
508 449
541 449
572 453
603 448
634 439
665 448
699 451
727 453
762 458
182 463
213 449
244 454
274 444
304 458
333 445
362 457
395 463
426 454
455 454
482 454
514 445
543 456
573 449
604 456
633 459
665 454
695 454
722 454
752 444
193 458
220 460
249 458
279 458
308 453
337 449
366 463
393 449
423 463
454 449
479 458
509 458
537 463
568 467
595 458
624 467
653 467
682 460
710 458
741 458
211 465
239 457
267 454
291 462
320 458
348 462
376 453
401 466
431 471
457 464
484 457
513 454
541 466
567 458
595 462
624 464
653 466
682 462
709 466
735 457
218 474
246 470
272 466
300 466
325 468
355 461
382 474
408 466
434 458
460 466
488 461
512 466
542 466
565 466
593 468
619 466
649 466
675 466
702 466
729 474
232 474
259 465
283 472
309 470
336 471
360 466
388 474
413 470
439 472
465 462
488 470
513 469
539 469
565 462
593 462
618 462
643 465
668 469
693 470
723 477
