1462 636
1481 630
1424 635
1382 628
1469 610
1422 629
1375 634
1327 644
1485 594
1427 635
1360 612
1313 619
1283 628
1441 609
1351 618
1306 639
1272 632
1237 646
1195 641
1406 577
1356 590
1269 634
1222 625
1209 636
1166 623
1141 644
1446 552
1340 614
1257 604
1214 617
1176 637
1143 627
1107 639
1081 637
1509 510
1349 560
1259 601
1209 594
1153 603
1094 605
1090 621
1034 614
1034 639
1002 638
1445 481
1239 530
1165 558
1097 556
1078 594
1048 604
1016 617
989 637
966 626
944 638
936 636
1363 386
1170 426
1061 490
1012 520
979 576
939 612
928 603
923 620
903 627
883 613
881 635
855 624
1026 279
909 399
891 458
863 570
867 567
822 582
820 596
834 625
800 598
817 623
805 615
790 634
788 638
435 272
544 328
603 489
677 528
658 572
688 574
686 574
690 586
702 617
706 620
725 619
717 631
729 637
38 325
233 459
370 500
478 541
531 549
525 591
561 597
580 594
625 616
615 627
637 615
644 646
644 630
131 481
271 497
343 565
401 579
473 574
500 604
503 631
535 628
551 628
565 632
576 643
80 532
164 566
282 577
341 591
392 584
427 622
450 612
478 626
494 631
522 629
137 576
192 563
243 604
328 600
356 601
391 624
429 630
442 635
472 627
66 560
154 595
225 607
264 614
307 627
343 620
386 633
407 626
6 602
106 589
186 622
241 615
272 632
313 622
348 642
43 615
110 611
167 627
210 639
240 643
17 621
74 628
134 633
178 636
46 624
105 637
33 636
6 650
