631 266
614 266
602 269
589 263
573 267
563 267
545 269
531 263
515 266
502 263
487 266
477 266
461 267
446 263
433 267
417 266
403 267
391 267
373 263
363 267
347 266
333 266
318 266
304 263
291 264
276 266
264 266
249 264
236 264
221 265
651 265
637 263
622 267
609 268
589 264
577 265
564 264
550 265
531 265
521 265
505 265
489 265
476 265
460 262
444 265
429 262
415 262
403 262
384 266
370 265
355 265
340 266
328 265
311 265
299 267
286 264
268 268
252 268
241 268
227 268
659 265
645 268
631 266
612 265
595 268
585 265
570 263
554 265
541 264
523 266
505 268
492 265
474 261
462 265
445 265
426 265
412 266
399 265
379 265
364 263
351 261
337 265
321 261
304 268
289 261
272 266
259 261
244 261
226 264
212 266
667 264
648 264
634 262
617 264
599 262
588 260
568 264
553 267
533 264
521 264
502 267
487 264
474 264
458 266
437 261
423 265
407 261
391 264
372 264
359 261
344 264
327 264
307 265
292 266
275 262
260 264
246 267
230 265
214 267
677 264
666 263
642 263
623 263
609 263
593 263
577 266
555 259
540 267
524 263
509 259
488 261
474 259
452 259
437 264
417 261
400 259
386 265
368 261
349 261
333 263
319 263
300 259
280 263
267 263
247 263
231 261
216 263
199 263
660 258
641 260
627 262
613 258
587 263
573 258
558 259
533 258
517 264
502 258
480 263
464 262
444 262
426 262
409 258
389 258
370 262
355 263
334 262
316 263
295 260
277 258
262 265
243 262
226 262
203 260
185 264
664 257
648 261
625 262
609 261
588 258
569 263
546 258
528 265
511 257
492 265
469 261
454 261
433 261
411 261
394 262
373 261
350 261
334 263
314 261
297 257
277 257
256 261
234 263
215 261
198 261
180 263
667 257
652 261
631 261
607 259
586 261
564 255
543 262
522 260
500 259
480 261
460 261
437 259
421 264
398 259
379 264
360 257
332 261
315 259
293 259
273 259
256 261
231 262
211 255
188 255
168 255
658 253
636 258
615 253
597 258
572 259
546 258
530 258
504 257
480 260
461 255
440 255
417 258
390 259
371 258
344 262
321 258
301 253
280 257
253 258
232 258
213 258
180 262
161 262
660 259
633 251
612 256
584 251
567 261
541 261
518 261
493 257
468 258
439 251
422 258
389 251
372 261
346 251
318 256
298 253
274 256
249 253
225 261
200 259
168 256
146 253
665 254
639 250
616 255
585 248
561 254
528 254
500 256
473 259
451 254
419 256
399 254
364 248
338 259
313 254
286 248
261 254
230 253
206 253
183 256
156 254
128 255
664 248
638 251
612 252
576 247
548 252
514 246
492 254
463 253
429 245
402 253
375 245
336 251
309 254
287 251
249 251
218 251
190 253
171 251
139 253
99 251
678 251
643 242
613 249
580 248
551 251
517 245
482 249
451 242
424 245
392 241
358 242
321 242
292 242
253 248
224 249
199 248
157 252
123 248
97 249
69 255
650 236
622 248
575 244
547 252
503 245
469 245
427 244
387 247
356 239
315 244
284 244
247 237
211 245
181 238
133 237
95 248
68 247
30 238
637 240
603 242
554 231
516 244
473 232
428 239
391 234
353 244
307 239
265 248
221 240
185 241
141 239
97 244
50 247
10 244
655 243
611 238
568 222
519 233
461 236
420 235
361 234
317 232
279 233
230 228
177 234
129 237
87 235
16 232
664 226
608 227
558 236
511 230
446 214
379 215
339 226
279 214
220 215
170 220
99 226
63 226
653 213
572 199
496 204
437 226
371 215
310 226
243 202
158 220
84 198
13 213
625 193
520 174
449 191
338 179
252 178
169 198
90 175
12 197
655 158
566 121
421 157
289 145
138 150
12 141
