684 39
298 26
392 78
504 51
592 64
684 102
90 65
191 103
284 110
380 132
462 136
537 159
619 159
687 165
747 185
66 153
161 157
245 141
332 176
407 176
479 175
544 200
615 205
665 189
735 223
6 146
94 156
170 187
240 217
317 203
386 192
448 225
510 225
567 231
614 218
667 241
719 246
44 189
112 194
181 202
252 209
314 214
372 221
428 227
480 234
536 255
586 250
634 267
680 267
719 276
46 251
127 230
185 253
240 249
298 256
350 261
408 269
457 270
504 259
546 263
594 295
629 272
680 302
713 298
747 287
22 254
78 255
139 270
194 273
254 273
302 274
352 284
397 289
448 293
487 288
531 285
571 301
608 291
648 302
678 292
720 307
34 276
93 278
145 285
198 274
246 272
297 290
344 280
385 287
430 298
468 315
510 308
545 310
580 314
617 313
651 321
682 306
716 320
50 285
98 287
147 304
192 301
241 285
284 301
329 296
371 311
412 308
449 312
487 308
523 322
556 325
591 321
622 317
654 320
684 328
13 295
62 298
108 301
156 303
198 306
243 313
282 300
324 318
360 323
402 331
439 327
471 323
507 329
536 328
571 335
603 342
628 327
663 335
32 299
71 308
114 323
162 307
204 320
242 324
279 326
318 317
358 328
393 327
427 329
457 331
493 338
520 324
549 327
581 344
610 351
634 333
25 308
68 321
110 314
155 311
191 336
230 338
264 328
302 332
338 322
368 334
404 336
434 332
466 342
496 343
525 337
555 344
581 341
611 338
2 329
46 314
81 329
124 330
158 342
197 323
233 335
264 339
303 344
332 330
364 336
398 344
427 345
456 347
485 348
512 354
538 356
567 352
591 345
14 332
50 333
87 340
127 327
162 344
198 345
229 342
265 344
293 350
326 347
356 348
386 354
412 342
443 362
470 354
497 364
524 361
546 353
572 354
33 334
65 342
105 333
137 345
167 356
205 348
232 353
266 350
297 343
325 358
355 355
379 365
407 360
433 350
460 360
487 369
509 362
533 355
559 364
32 356
67 349
101 340
131 351
165 357
191 363
225 355
253 352
284 358
309 367
338 363
365 365
392 358
414 364
442 356
467 366
491 368
512 363
535 361
21 352
52 354
88 346
114 358
146 359
177 359
207 355
231 361
261 354
286 355
314 364
338 365
364 366
390 360
415 364
438 362
461 370
484 371
506 380
529 373
29 362
60 363
90 356
123 353
146 367
177 359
206 357
234 362
260 362
284 363
307 372
333 365
358 366
380 372
404 374
428 377
451 375
473 371
494 376
514 370
32 371
65 364
94 365
120 362
149 359
175 376
200 371
228 374
252 375
278 376
302 380
326 377
349 370
371 376
395 372
417 384
437 385
458 371
481 380
500 384
46 367
74 368
100 364
126 370
156 363
180 372
203 376
230 377
255 370
279 375
301 376
325 377
345 381
366 381
389 372
410 380
432 377
451 383
473 376
491 383
51 366
77 372
105 368
128 381
155 375
182 379
206 380
228 377
253 381
276 372
299 383
318 384
340 381
364 385
383 376
405 380
426 384
446 391
462 379
483 379
48 381
74 382
102 377
127 372
152 381
174 378
198 375
223 380
247 374
268 375
289 383
309 376
330 383
351 384
373 385
393 389
414 389
432 387
452 394
469 391
53 384
80 378
105 376
130 380
153 382
174 381
198 389
222 383
244 384
262 387
284 378
305 382
327 386
347 383
365 387
384 382
404 389
423 383
442 390
458 384
64 374
88 383
109 382
131 386
156 390
177 384
199 392
221 382
241 389
262 387
282 381
301 394
322 392
343 390
361 396
380 385
397 388
415 392
434 392
451 387
76 377
96 385
117 385
140 386
160 393
184 389
204 394
225 382
243 390
266 391
286 390
303 391
323 393
341 393
359 394
378 387
396 394
413 394
430 395
448 398
75 390
100 387
121 391
143 389
164 392
185 387
205 390
224 391
245 386
263 398
280 393
300 396
318 390
338 394
354 398
372 395
390 401
408 396
422 398
439 392
78 395
101 387
121 390
144 392
163 392
183 398
204 393
220 393
241 394
258 394
276 398
296 392
314 390
331 399
349 392
366 403
383 403
400 398
415 399
431 397
81 388
101 392
122 387
144 393
160 400
181 400
202 398
219 401
237 399
255 398
273 397
291 392
310 392
326 404
344 395
360 404
375 399
391 400
407 400
422 404
90 394
112 392
130 397
149 401
168 396
186 397
204 397
222 395
241 398
258 398
276 399
292 397
309 402
327 403
343 401
359 398
374 398
390 403
405 397
420 403
96 396
114 397
131 403
152 398
169 398
186 404
205 399
223 400
241 395
259 395
274 402
291 396
306 403
324 402
340 403
355 400
369 405
384 399
401 399
414 409
95 392
114 395
130 396
150 399
166 401
185 401
202 401
218 404
236 401
253 397
270 397
285 403
302 404
317 404
331 406
348 404
363 410
377 400
393 410
406 403
100 397
118 400
136 403
153 404
171 401
189 402
205 400
221 403
238 403
254 406
270 401
285 404
302 407
317 405
331 405
346 406
361 408
376 402
390 408
404 407
104 407
122 402
141 402
157 403
174 403
189 404
208 401
223 399
238 405
254 405
269 405
284 408
299 401
314 404
330 407
344 404
359 407
373 410
387 404
401 408
103 406
119 409
137 399
154 404
172 405
188 403
203 403
218 406
235 401
250 402
265 404
280 404
295 405
310 403
324 408
339 408
351 411
366 409
379 412
394 408
105 402
121 400
138 406
154 401
169 406
186 407
202 402
216 410
232 408
247 413
262 405
276 406
290 404
304 409
318 410
332 414
347 408
360 411
374 406
387 408
106 409
124 402
140 409
155 403
172 403
188 404
202 411
215 409
230 404
245 407
261 405
275 406
289 406
302 411
316 407
329 407
344 411
357 413
369 409
382 408
116 406
131 408
146 409
162 411
178 407
191 414
206 410
220 410
235 411
250 411
263 413
278 414
292 412
305 410
318 412
330 417
345 413
358 411
370 413
382 418
115 405
131 411
144 410
159 410
174 412
189 415
203 413
217 411
231 407
244 416
259 412
274 408
287 411
299 414
312 415
326 411
338 415
351 416
363 416
376 415
