736 28
249 24
332 21
404 17
479 24
540 38
603 65
665 54
721 63
4 52
96 50
168 70
244 61
317 99
385 102
450 93
509 129
567 119
624 125
664 117
718 127
51 101
128 117
190 125
263 129
324 140
382 159
443 149
497 156
548 158
597 163
644 160
684 165
728 163
60 176
126 151
183 184
246 173
302 193
359 180
409 189
462 204
507 194
551 198
601 208
636 205
681 214
719 210
65 211
127 203
182 195
241 205
293 217
345 227
388 203
434 233
476 214
518 225
560 214
605 232
639 220
671 222
709 232
743 233
32 220
88 223
139 242
197 216
248 240
293 235
337 231
383 227
426 237
470 233
510 235
549 262
582 251
616 254
652 249
680 251
716 259
749 254
38 247
92 249
148 239
194 254
243 244
282 264
327 252
369 263
410 258
450 271
487 267
525 262
555 271
592 283
624 274
654 278
681 270
712 267
744 284
4 260
57 264
100 285
150 276
193 275
238 289
282 272
321 280
360 276
393 283
432 284
468 286
501 287
533 288
566 294
598 284
626 285
651 282
685 293
710 300
740 290
20 301
66 296
109 298
152 299
197 288
235 295
275 290
313 297
346 298
386 299
416 300
451 295
484 302
513 308
543 309
571 310
603 305
628 311
655 301
684 311
709 308
729 314
21 311
67 306
109 295
148 308
186 298
225 310
260 311
300 301
334 312
367 307
398 319
428 325
462 305
489 316
520 312
548 317
576 323
599 323
630 319
652 329
675 320
702 325
724 326
746 313
9 309
48 321
86 332
123 311
163 334
202 313
231 329
266 325
299 327
333 326
363 326
394 321
426 327
452 328
483 328
511 319
536 333
563 329
591 339
613 330
636 331
659 326
682 331
708 332
728 332
750 328
13 323
52 323
83 340
124 325
158 340
193 326
228 336
261 327
291 332
319 342
353 342
381 338
407 333
434 338
461 339
489 339
516 339
538 331
564 340
589 340
613 332
635 349
656 341
679 341
697 334
720 337
738 334
22 335
56 348
95 340
126 340
161 346
192 351
224 338
256 347
283 338
313 342
342 348
369 348
395 348
424 351
451 340
475 348
498 357
525 349
546 353
570 349
593 349
614 349
636 350
656 342
675 346
696 357
717 357
736 350
1 350
35 356
72 347
102 356
134 359
168 347
194 365
229 348
258 348
284 357
311 357
342 361
368 353
394 359
417 349
442 361
467 353
489 359
512 349
535 357
558 353
580 365
600 350
622 357
642 354
662 357
682 358
700 358
718 358
8 375
45 360
78 356
108 365
140 357
167 374
197 374
224 365
254 365
279 365
307 369
334 365
360 373
383 357
409 360
430 367
455 365
478 357
498 369
522 365
541 368
564 358
583 358
603 358
622 365
645 368
663 372
680 361
698 361
27 378
54 383
88 365
115 378
146 374
174 376
203 373
227 365
254 368
282 377
307 373
333 374
355 373
378 380
403 368
427 372
448 368
468 376
490 374
510 368
532 373
553 372
572 365
593 367
610 365
630 371
646 365
665 371
683 374
0 385
27 386
58 382
86 390
116 377
142 381
169 389
198 377
224 380
248 372
274 382
297 376
321 376
346 379
368 375
389 379
411 381
435 372
457 379
477 385
494 378
516 385
533 378
555 384
572 371
591 378
608 371
626 377
642 371
661 371
8 389
35 391
64 389
91 390
119 380
145 396
173 380
196 395
219 395
247 382
269 382
292 388
317 382
337 386
361 393
380 385
403 385
424 386
443 391
465 388
483 378
501 386
523 385
538 377
559 383
575 385
594 383
609 383
629 383
644 379
18 396
46 392
72 391
100 395
126 387
151 394
177 394
201 386
221 397
247 393
271 386
292 389
315 392
337 395
356 391
378 391
398 384
420 391
437 394
459 384
477 393
496 390
512 383
533 389
547 389
564 382
581 388
602 391
617 388
633 384
19 402
47 402
72 394
96 401
122 397
147 400
173 396
196 399
219 401
241 399
262 398
286 398
305 398
326 397
349 400
367 397
390 390
409 396
427 396
444 389
464 398
483 391
499 395
518 394
537 397
554 397
568 399
584 387
602 393
616 396
30 409
57 400
79 414
105 408
130 406
153 405
175 405
198 406
222 404
242 400
263 407
286 405
307 403
327 402
346 396
367 405
384 401
404 401
422 403
440 394
459 394
476 394
493 393
510 393
527 402
546 404
561 399
576 398
591 392
606 392
40 420
65 416
89 412
114 411
136 413
158 412
181 403
203 403
226 405
245 408
265 402
286 401
307 407
325 407
344 406
363 406
382 406
399 408
419 405
434 405
454 398
471 404
486 409
504 409
521 403
534 397
552 405
567 408
582 402
597 407
43 414
68 413
87 416
111 422
135 409
154 415
175 416
199 410
219 414
240 413
257 413
279 412
297 414
316 411
335 408
354 405
372 410
390 404
406 409
424 409
440 403
456 403
475 410
490 404
507 407
522 404
536 409
551 407
567 408
581 405
52 422
94 421
140 413
160 415
178 422
201 412
220 418
239 417
258 411
278 416
296 412
315 410
332 412
350 412
368 409
384 408
403 408
419 407
434 407
450 412
467 406
482 414
498 406
512 411
528 410
542 410
557 404
572 414
77 422
99 421
181 422
201 418
257 420
275 414
295 414
312 416
328 422
346 418
364 412
380 418
395 414
411 411
427 416
445 413
459 410
474 415
491 417
505 414
520 414
534 414
548 413
562 410
221 422
311 417
327 417
345 422
361 422
377 416
393 421
408 417
439 419
455 420
484 416
498 418
513 412
528 412
541 419
553 413
256 422
388 419
417 421
461 417
477 417
490 419
505 421
519 417
532 418
545 419
440 421
455 422
497 419
511 421
523 419
