9 332
84 296
203 245
334 219
495 162
696 39
10 415
77 393
155 376
240 349
335 324
475 317
617 218
774 166
992 137
3 473
59 455
116 420
180 427
251 416
334 396
433 358
534 343
669 309
824 284
1003 235
31 499
79 492
135 481
189 453
245 463
310 435
387 430
473 418
569 397
686 377
812 377
972 328
29 517
66 523
107 496
151 504
210 495
265 477
319 495
391 466
451 471
544 458
629 415
733 407
847 391
986 367
15 551
53 533
91 538
130 530
178 511
216 509
267 501
317 494
379 478
443 484
511 484
592 465
674 455
761 438
871 428
987 391
80 553
112 554
147 556
191 532
232 525
278 515
322 523
371 515
434 515
490 501
560 477
633 482
716 471
795 460
899 449
1009 444
125 566
165 557
191 552
237 554
271 544
311 544
361 520
412 526
462 527
524 508
584 493
657 491
734 506
810 481
907 486
997 440
175 557
206 563
241 560
274 556
319 540
363 535
405 530
450 530
506 520
565 530
622 533
685 512
755 497
825 505
910 473
997 478
277 561
315 564
350 565
394 567
437 546
479 547
527 531
584 525
640 538
698 512
760 520
839 515
912 506
987 498
