995 420
998 425
954 429
1007 420
966 423
934 426
905 429
977 415
934 420
907 423
872 431
847 438
1013 395
955 410
917 404
875 430
849 433
813 428
791 426
989 376
946 400
889 408
849 419
830 413
799 423
776 426
762 433
967 373
893 395
863 394
820 397
784 416
764 421
736 429
720 422
707 426
1018 344
934 374
861 390
808 410
770 406
737 412
720 419
704 422
681 415
678 429
653 431
879 345
809 363
760 381
733 401
710 414
667 408
650 404
645 419
631 427
631 418
624 437
962 164
764 309
733 335
669 338
654 360
621 407
614 413
601 409
599 413
585 415
579 426
568 426
569 437
624 151
627 285
607 327
578 380
557 357
540 406
540 404
533 410
533 415
534 419
536 433
523 419
526 422
276 197
366 292
405 362
418 347
442 366
455 392
450 393
469 421
476 426
473 419
470 423
478 435
478 426
6 187
182 238
221 294
302 378
326 374
380 382
386 413
403 401
413 418
426 408
423 414
426 426
435 433
45 307
150 332
190 364
252 400
282 410
316 404
349 411
349 421
363 430
376 429
397 432
397 426
90 339
173 380
214 392
250 401
267 408
287 407
317 410
327 424
345 427
363 421
73 366
110 394
166 403
197 414
226 415
251 421
281 416
297 432
310 426
31 384
103 395
131 412
178 416
209 423
237 426
251 436
273 438
11 401
53 401
87 419
127 413
165 422
195 422
225 432
24 401
57 406
108 421
138 434
164 429
11 418
49 412
80 425
117 431
25 415
43 427
82 434
21 429
11 426
