205 153
520 217
780 224
986 214
221 266
449 298
651 260
824 329
979 308
34 323
246 375
427 342
572 391
728 379
841 377
955 378
60 327
199 367
361 347
496 385
615 359
728 395
827 385
933 391
118 377
248 399
369 404
473 419
583 411
683 416
775 432
865 446
939 438
1010 440
36 413
156 399
267 417
357 421
459 402
554 428
637 410
725 433
796 436
874 445
941 441
999 433
52 424
153 450
255 417
350 437
441 436
517 420
593 441
671 425
738 428
800 439
866 459
931 452
986 462
79 437
159 458
255 450
330 426
410 427
483 466
561 450
628 469
689 454
757 447
814 465
868 459
923 451
976 461
4 425
92 436
169 436
251 441
329 434
401 453
473 439
535 441
601 474
659 460
720 461
775 466
824 478
874 458
925 459
972 461
36 451
124 453
196 464
266 457
333 451
400 475
464 453
523 463
582 479
638 452
695 474
745 455
786 470
840 475
885 478
931 479
68 459
145 445
214 447
277 468
337 450
399 466
460 467
515 460
572 472
618 457
671 472
720 472
762 466
809 478
851 476
896 471
17 466
90 465
151 466
219 470
277 468
335 470
389 463
446 459
491 477
542 474
590 463
640 468
684 479
732 489
777 484
812 468
856 469
25 469
88 462
145 471
200 485
259 486
313 476
368 463
420 465
470 470
513 484
559 479
605 480
649 480
691 483
732 492
773 488
810 483
53 486
117 463
174 482
226 477
280 471
329 484
372 479
424 469
465 481
514 471
552 472
595 472
637 489
678 484
716 485
749 486
786 476
23 465
74 478
130 482
183 479
235 480
278 481
326 487
370 486
415 483
459 484
500 484
544 488
582 486
624 486
656 492
692 488
729 488
766 479
40 474
86 481
139 482
188 486
235 494
280 474
327 485
365 485
407 486
448 477
487 487
526 483
566 488
606 489
638 498
673 481
708 481
740 486
0 477
43 489
92 484
144 480
185 476
229 486
275 487
314 492
356 479
398 479
435 483
469 480
505 490
541 491
577 491
611 493
648 501
679 492
709 496
