135 145
460 247
768 246
959 195
195 227
399 251
599 265
784 366
922 336
6 333
174 362
358 316
518 361
666 367
790 357
898 382
83 388
238 377
374 356
506 389
624 369
719 407
828 379
919 410
1010 389
106 372
221 417
334 420
447 412
555 416
646 420
735 424
825 427
899 429
971 411
45 439
164 418
268 422
360 426
462 440
543 431
636 422
702 457
779 439
846 452
916 444
980 447
45 450
155 419
246 444
334 437
428 419
498 441
578 443
656 428
712 431
788 449
842 461
906 462
965 463
1013 442
81 443
172 448
247 444
335 464
411 466
485 455
549 452
616 453
684 472
740 460
802 459
858 445
915 461
964 448
1007 450
13 446
102 448
179 442
255 452
331 437
398 455
464 457
527 450
594 460
657 477
704 468
764 450
816 466
863 471
907 455
959 470
51 438
122 456
194 457
260 459
335 446
389 455
452 463
515 465
572 452
629 453
676 469
731 470
780 463
828 472
875 473
917 461
68 461
134 469
196 466
263 457
330 466
385 474
442 455
499 470
552 457
605 459
657 473
703 474
751 487
795 475
836 477
883 481
24 465
88 466
157 467
213 461
279 472
332 473
385 464
439 473
491 462
543 475
593 476
635 477
681 478
726 478
769 482
811 491
843 470
33 483
98 458
157 471
213 473
272 474
324 475
376 476
425 477
473 489
524 478
566 468
614 485
653 480
699 481
738 482
777 477
812 489
52 474
105 468
161 476
213 465
264 489
313 484
369 483
411 480
455 481
505 492
547 486
588 473
632 479
670 495
709 485
742 486
781 486
24 472
76 472
129 468
176 480
229 474
277 475
322 472
366 473
409 484
450 495
494 485
534 485
576 491
612 477
648 487
688 488
723 488
756 491
36 481
83 492
134 477
178 488
222 494
269 484
315 485
357 495
401 486
440 487
483 487
520 478
558 479
595 483
631 489
663 481
696 490
731 500
45 473
91 478
135 487
186 485
227 486
267 487
309 489
354 488
393 483
430 489
468 484
506 490
543 495
578 482
612 491
644 492
677 494
710 493
