517 300
505 297
494 300
484 297
472 301
459 301
447 299
435 297
425 297
412 300
401 301
386 297
378 302
364 299
353 300
339 297
327 300
316 300
305 297
293 298
280 298
271 297
259 297
245 300
234 302
222 299
212 301
198 300
184 300
176 301
533 299
518 298
510 296
495 297
482 299
470 299
460 297
449 300
436 299
420 299
411 298
396 300
383 298
374 299
362 299
350 302
337 302
324 299
311 296
298 302
288 299
273 299
262 302
249 299
238 296
226 302
213 296
201 299
187 302
177 302
543 301
529 299
516 296
503 299
490 299
479 300
462 298
451 297
438 299
426 299
414 296
398 297
384 297
373 296
362 298
348 299
334 299
323 296
309 296
298 301
283 299
269 299
259 299
246 300
232 299
220 298
205 296
192 299
179 299
168 297
550 301
536 298
524 295
508 298
494 298
481 296
466 298
456 297
443 296
429 298
413 298
399 299
388 298
374 296
360 297
346 295
335 301
317 296
306 298
291 301
280 295
264 298
253 295
236 298
227 298
211 298
199 299
184 301
171 296
157 299
565 297
553 295
538 299
521 299
506 297
491 294
482 299
467 295
451 297
436 298
426 297
410 297
393 299
382 297
368 299
355 297
337 298
326 297
312 297
296 294
284 300
265 297
254 299
240 294
226 300
214 294
198 297
184 297
167 297
156 297
570 297
555 295
537 294
526 297
511 295
498 295
479 297
464 297
451 297
437 297
425 300
407 300
394 297
377 297
362 297
351 297
333 295
321 297
307 297
288 295
275 294
263 298
247 300
230 295
215 298
201 294
188 297
169 297
156 298
144 294
582 298
569 293
553 297
537 293
520 293
508 298
490 296
473 296
457 294
440 296
428 298
412 296
394 296
382 294
363 296
347 292
336 296
321 296
301 294
288 296
270 297
256 294
238 293
222 296
209 298
194 297
176 297
163 296
148 296
133 293
587 292
572 295
557 293
539 296
523 295
502 295
492 297
471 297
457 295
440 295
422 295
407 297
393 295
371 293
357 299
344 298
328 297
308 295
290 295
277 296
260 292
240 299
229 292
212 299
195 295
180 292
165 293
144 295
127 295
111 295
615 295
594 291
577 292
565 292
543 294
529 291
510 291
489 291
476 296
457 294
438 295
421 294
408 296
391 292
369 291
352 292
335 291
320 294
300 298
284 294
270 295
249 292
234 294
214 294
202 295
183 291
161 294
146 291
132 293
113 294
624 289
603 293
588 293
565 293
548 291
531 294
515 295
492 297
477 289
461 295
440 291
425 293
402 295
385 293
369 290
349 293
331 297
315 295
295 293
280 295
258 293
243 290
224 293
204 293
187 293
169 295
148 293
134 290
116 290
94 289
638 292
617 292
601 296
583 296
568 293
541 294
527 292
508 292
483 288
470 294
449 293
429 292
409 292
393 293
371 292
352 292
331 292
315 296
297 292
276 290
258 292
236 288
222 296
197 294
178 292
164 292
141 288
120 288
105 292
84 292
656 291
636 289
618 287
598 287
574 287
551 296
537 295
515 291
492 287
476 291
452 287
430 291
410 291
389 293
369 291
350 287
332 291
310 287
292 291
271 291
246 293
227 291
209 293
193 291
172 296
150 291
131 291
103 292
88 287
63 291
656 290
635 287
616 290
593 290
570 290
550 290
530 285
509 287
485 294
465 288
443 290
416 290
399 292
376 291
356 291
331 292
314 290
292 290
270 287
246 292
224 290
198 292
182 292
155 290
138 285
112 292
95 291
75 292
51 287
664 285
651 288
620 290
597 288
580 290
551 288
525 288
501 290
478 288
453 288
429 290
408 288
388 285
360 290
337 285
317 283
291 288
268 288
241 290
220 283
197 288
173 288
147 288
122 285
97 283
79 283
54 283
28 289
672 280
643 291
611 286
588 286
568 285
539 286
513 286
484 285
466 282
432 281
409 286
379 287
353 288
328 280
310 291
276 283
257 288
227 286
195 291
176 291
155 286
130 286
91 291
77 291
42 286
25 283
659 280
634 286
609 289
576 289
542 283
518 283
489 283
458 279
432 280
400 283
373 283
348 283
319 279
283 280
254 283
229 280
198 286
169 283
146 277
111 279
85 286
59 284
31 277
1 283
642 281
609 279
572 276
543 276
512 281
479 279
445 286
413 279
388 279
358 276
316 279
285 286
252 273
227 276
195 276
163 283
127 286
96 280
66 275
30 283
4 273
674 283
634 269
602 279
577 279
536 275
498 276
461 275
425 279
391 268
343 280
314 269
274 275
238 276
205 271
159 277
129 279
93 276
62 268
17 283
670 276
638 279
590 274
557 265
519 266
471 280
425 275
390 273
347 270
310 271
261 279
227 279
175 271
148 271
95 262
55 262
24 262
665 265
617 265
566 265
526 275
472 267
427 253
375 267
338 254
290 265
236 258
179 274
143 275
78 273
48 255
671 254
614 255
550 256
503 266
438 258
380 260
330 261
284 245
221 244
164 266
95 254
44 261
627 249
571 227
494 252
421 244
350 245
281 252
226 245
154 229
88 247
7 243
653 225
561 224
484 210
377 226
273 220
207 210
115 239
16 206
547 197
442 218
302 192
190 214
65 166
448 110
218 71
20 35
