806 177
762 182
734 183
704 182
765 157
731 185
694 181
666 182
766 173
683 182
652 187
824 165
752 137
715 165
664 172
639 185
620 180
601 186
803 143
734 157
645 174
609 173
599 175
566 192
749 136
671 141
644 150
596 169
589 174
562 170
545 182
535 182
525 187
687 118
598 140
556 163
547 166
530 174
507 183
506 187
494 190
491 190
601 85
494 127
483 157
468 160
465 181
410 96
420 79
413 154
422 145
421 172
418 173
431 185
420 189
285 115
301 140
351 141
356 165
370 172
390 183
254 148
302 158
318 177
330 185
360 190
132 156
232 169
273 183
304 190
40 157
98 156
160 169
222 181
234 187
262 183
275 187
42 160
138 177
178 177
221 187
241 186
36 166
87 169
124 158
199 184
