1892 439
1825 440
1853 427
1800 427
1761 440
1879 432
1703 431
1731 429
1777 379
1607 429
1553 443
1844 413
1692 423
1612 391
1570 437
1489 430
1867 407
1567 428
1509 424
1438 427
1831 379
1557 426
1507 429
1471 389
1441 434
1395 425
1824 374
1703 376
1546 418
1468 402
1438 381
1346 440
1307 443
1607 320
1544 388
1484 398
1432 404
1380 427
1328 432
1282 439
1238 437
1438 394
1334 409
1273 421
1240 424
1199 437
1190 405
1166 413
1249 336
1194 400
1128 422
1122 437
1169 299
1164 376
1136 406
1123 418
1097 402
1087 415
1068 421
1071 423
1049 438
1016 384
1016 407
994 437
984 440
896 397
903 411
919 427
919 430
930 424
917 439
743 317
824 421
828 415
832 435
853 423
861 406
855 444
596 388
692 398
706 412
747 424
763 419
811 440
487 392
512 403
553 414
633 419
657 426
677 431
712 420
325 312
416 387
455 410
498 401
545 427
601 416
630 431
662 438
253 380
430 421
456 421
522 410
341 416
405 423
467 428
491 428
518 425
286 426
329 387
385 426
433 438
496 441
87 407
255 421
297 414
366 436
399 406
430 441
124 424
304 400
403 443
33 417
172 428
295 408
329 430
93 433
174 399
265 432
138 435
71 435
60 434
