34 25
208 12
298 12
464 19
564 9
647 23
738 9
19 62
91 49
177 31
245 50
323 49
395 74
473 32
547 59
619 29
699 37
65 67
124 89
193 87
258 75
328 84
387 89
452 97
523 84
582 73
653 66
716 85
29 109
86 99
144 99
207 111
265 117
322 126
383 92
441 108
497 111
554 117
607 94
672 93
730 101
26 114
76 134
130 120
185 136
236 132
288 114
340 128
391 128
449 137
497 112
554 114
601 137
654 115
708 113
35 147
88 143
139 145
183 144
233 130
278 144
331 137
375 145
426 158
473 152
525 144
570 131
616 145
670 144
717 144
40 161
85 165
125 151
173 158
216 146
258 158
305 151
346 162
389 159
433 165
477 161
522 145
567 152
609 147
654 165
700 159
745 158
29 164
64 170
108 160
145 177
187 160
229 159
272 177
311 159
352 170
390 174
432 177
472 171
510 165
552 171
591 177
633 177
676 171
712 165
7 175
40 181
79 186
120 174
157 175
192 186
234 169
269 180
309 175
344 169
381 181
418 187
459 170
495 186
535 181
570 169
608 187
644 181
681 187
34 183
69 189
103 191
141 189
175 179
214 189
245 189
284 199
317 194
353 188
387 184
421 189
461 189
492 178
532 188
565 188
599 188
638 194
670 192
28 187
62 187
89 196
122 187
159 197
189 187
224 201
257 207
292 197
323 199
356 202
389 206
422 201
455 199
488 191
520 201
556 196
586 199
624 201
654 199
42 207
75 208
106 208
136 204
168 208
197 204
229 208
261 206
289 206
322 206
351 198
382 204
417 206
447 204
478 208
509 203
539 195
567 204
600 195
631 194
61 209
91 209
122 214
152 214
182 201
211 204
240 210
266 210
298 209
325 214
354 201
387 209
414 210
444 210
471 218
503 209
530 201
564 209
590 211
619 205
71 215
99 206
125 210
153 217
180 219
209 219
238 217
265 215
294 215
323 215
348 210
377 223
404 216
433 223
461 215
490 219
514 219
544 219
573 219
598 219
94 219
121 223
145 219
174 212
199 219
227 219
254 220
279 212
304 227
333 219
359 219
383 220
412 212
436 212
462 222
489 220
514 212
545 215
569 227
597 221
104 224
128 228
152 220
179 224
204 232
229 227
253 220
280 226
304 226
329 220
355 224
377 217
404 217
427 224
454 224
479 224
503 224
530 220
555 220
576 217
122 229
147 229
169 225
196 230
218 225
242 229
267 232
289 229
315 222
336 232
360 222
384 228
407 228
430 221
455 224
479 225
505 228
525 222
551 236
574 229
128 236
152 236
175 228
195 239
220 229
241 233
266 226
288 232
311 233
334 233
356 236
378 232
402 233
422 239
446 232
468 233
493 226
515 239
538 232
559 236
138 238
160 239
182 236
204 236
227 239
246 236
270 239
290 239
311 232
335 239
355 232
379 242
400 230
422 239
443 232
464 229
486 239
508 242
530 239
553 236
150 242
170 239
189 240
211 242
233 242
254 239
275 239
296 240
315 239
337 239
359 242
379 236
400 240
421 239
441 233
461 239
483 245
503 239
523 242
544 242
162 244
184 236
202 248
223 242
240 242
263 239
282 242
303 248
321 248
340 245
362 242
381 242
400 236
422 239
441 236
460 236
482 242
500 245
520 236
541 242
173 244
191 239
209 244
230 244
249 239
268 244
286 250
305 244
326 246
345 242
364 244
383 244
402 239
421 247
439 244
461 244
479 247
499 247
519 247
536 244
174 252
193 247
213 248
231 243
250 252
269 243
286 241
306 241
323 250
342 244
360 247
381 249
398 241
418 248
436 250
455 241
472 252
492 248
510 250
527 247
185 255
203 249
219 249
239 246
255 254
273 246
291 254
308 249
328 249
345 252
362 244
381 252
399 244
417 252
435 246
453 244
471 249
487 246
504 249
524 249
191 251
209 251
228 248
243 254
262 249
279 251
296 256
311 251
330 254
347 253
364 252
382 251
400 251
415 254
433 248
451 248
467 248
485 246
503 246
520 254
194 253
211 253
226 253
245 253
261 255
278 256
293 256
310 253
326 248
342 255
361 253
376 253
393 253
409 253
427 253
442 253
461 256
476 256
493 253
509 253
203 255
220 257
235 255
250 255
268 255
284 255
300 250
316 250
333 255
349 260
364 256
382 256
397 260
413 255
430 250
446 250
461 252
477 255
493 256
510 257
208 259
223 252
239 261
253 257
270 252
286 257
302 252
318 252
333 257
349 257
363 261
381 257
394 259
411 252
427 252
442 254
457 257
474 259
489 257
506 257
208 258
225 254
239 255
253 260
269 258
286 254
300 256
315 263
330 260
346 254
361 258
375 255
391 263
405 258
421 258
437 260
452 261
468 263
482 255
497 261
213 257
229 257
242 261
257 257
273 260
286 264
302 255
316 262
330 264
346 264
362 255
375 260
390 264
404 255
421 255
435 260
450 262
465 262
479 261
494 255
222 261
236 261
250 261
265 263
279 263
293 261
307 258
321 258
336 261
350 261
366 261
380 263
394 261
408 263
422 261
436 259
452 257
467 261
479 257
495 257
223 260
238 258
252 262
266 262
280 260
294 262
307 266
322 262
335 266
349 262
363 258
378 262
392 263
406 260
420 262
434 262
447 258
462 260
475 264
489 262
231 264
244 260
259 263
271 261
286 268
300 260
312 264
326 263
340 264
354 265
367 260
381 264
395 264
407 259
422 266
435 264
449 264
462 264
475 260
489 262
234 261
247 263
260 265
274 269
287 265
301 265
313 267
326 267
339 262
353 267
366 261
380 265
393 265
405 267
418 265
432 269
445 265
460 265
472 263
486 269
234 268
249 268
261 266
274 268
287 267
300 266
313 266
325 267
339 270
352 266
364 264
377 266
389 266
404 266
416 268
429 268
442 268
455 264
467 266
481 266
241 269
253 268
266 263
279 269
291 267
304 269
316 267
330 267
342 269
355 263
367 265
379 267
392 267
404 267
417 267
429 269
442 263
455 265
468 265
480 267
