83 49
364 89
542 49
781 51
106 227
239 207
390 227
529 177
745 211
882 234
94 283
171 305
311 277
422 279
550 292
680 273
793 269
927 274
78 337
179 356
289 319
398 348
506 338
600 338
704 322
803 339
889 326
985 338
46 353
125 377
208 358
292 369
378 359
472 368
549 357
645 372
706 358
782 369
873 352
958 352
68 398
109 376
196 391
266 383
320 395
403 406
483 391
542 377
609 398
685 391
753 377
830 390
893 391
960 376
26 400
76 414
143 420
184 395
266 395
314 408
373 396
439 407
489 408
548 407
621 411
681 411
725 396
792 395
846 407
904 408
981 414
38 420
82 409
133 409
194 414
252 420
298 425
358 422
397 420
452 422
511 422
554 423
625 422
671 409
717 420
767 420
832 425
874 420
934 425
22 435
76 433
122 420
175 435
221 430
263 420
318 432
356 430
416 420
463 433
506 430
561 435
612 424
647 420
701 433
747 440
802 430
849 430
897 430
4 438
40 432
83 447
144 429
169 447
220 438
261 438
313 432
355 429
401 429
435 437
486 442
530 437
565 437
617 440
652 442
705 429
741 438
782 429
831 429
869 438
13 444
46 436
86 446
133 439
176 444
209 439
242 444
285 448
328 444
365 444
411 448
444 440
486 452
523 444
562 444
596 444
643 448
684 444
720 444
755 436
797 444
836 436
39 457
78 452
114 453
141 450
190 454
215 450
256 445
288 450
332 450
362 450
402 457
445 451
473 442
516 454
551 446
592 450
623 450
653 453
695 442
729 445
769 450
811 450
25 447
67 447
86 456
115 455
159 455
196 451
215 456
256 450
295 448
320 456
358 451
390 451
428 454
462 451
487 455
520 450
563 450
594 447
623 451
663 458
695 454
724 455
758 454
801 458
7 452
36 452
68 464
94 454
125 452
164 452
189 458
228 458
256 462
281 458
315 462
346 458
382 452
405 460
443 459
473 458
501 454
531 452
566 458
599 461
629 460
654 458
681 454
722 458
745 452
11 462
54 455
70 456
99 468
137 461
155 462
191 462
221 462
245 462
276 456
301 461
330 462
361 462
392 462
425 455
444 462
476 456
503 456
540 462
567 458
594 465
626 462
649 456
677 456
707 461
741 462
2 459
30 465
51 468
78 465
109 468
133 470
155 465
185 465
214 461
240 464
270 468
297 466
323 461
352 466
379 459
403 468
434 461
461 467
491 465
518 464
540 466
565 470
593 465
627 466
648 465
678 465
707 465
734 459
5 464
33 470
56 473
81 467
101 472
128 467
150 470
178 468
211 464
237 467
258 467
280 467
313 467
332 468
360 470
385 468
408 462
431 465
464 469
483 468
509 470
541 464
565 470
588 464
615 462
637 467
664 467
696 468
719 470
28 471
50 469
75 465
97 471
123 473
144 472
173 467
191 473
219 467
246 465
269 465
291 467
318 464
338 469
369 472
385 470
410 464
440 472
459 470
488 465
513 471
535 465
556 470
585 464
608 467
626 473
655 465
680 471
697 464
25 475
44 467
69 477
88 477
118 467
138 472
165 469
189 472
210 472
229 474
256 472
276 472
302 469
321 472
345 474
370 472
395 472
415 474
439 469
459 474
489 477
505 474
527 472
554 469
576 472
601 467
621 473
647 472
667 467
695 467
58 471
77 471
96 474
121 474
143 474
164 474
191 471
208 474
232 474
255 474
276 471
300 474
321 474
338 471
357 477
387 471
408 471
430 472
452 477
473 476
492 470
514 474
538 470
556 477
576 471
605 474
624 474
649 474
665 474
690 470
72 471
93 478
116 477
133 476
157 477
181 471
199 478
215 478
239 476
260 476
285 476
299 476
325 472
345 476
365 476
387 481
407 476
424 479
450 476
473 476
488 478
512 477
529 477
554 476
576 471
596 478
618 472
638 476
662 480
677 476
87 479
112 475
127 477
147 478
168 477
188 477
206 473
225 473
248 473
266 478
287 480
310 477
325 479
342 478
368 473
384 477
405 475
425 480
443 477
466 473
487 477
502 473
525 475
548 477
562 473
585 481
603 480
623 477
640 473
663 473
102 481
120 479
142 481
161 480
179 479
199 481
218 479
236 479
260 474
277 481
295 476
311 476
335 479
352 481
374 479
389 475
412 479
430 479
445 478
464 479
485 483
505 481
521 478
539 480
561 480
578 481
596 479
616 479
635 479
653 479
140 480
153 482
173 482
192 484
207 480
230 480
250 482
265 484
286 480
300 476
319 480
338 480
358 480
372 482
395 477
407 478
431 480
444 476
462 484
483 478
501 482
518 480
539 477
555 482
571 482
595 476
612 481
631 480
646 476
664 483
141 483
157 483
174 481
195 481
212 479
229 479
249 477
265 477
276 483
295 481
316 479
335 477
347 477
365 481
386 485
403 483
422 481
438 482
457 481
474 483
488 477
508 482
525 479
541 482
560 481
575 483
595 481
610 485
632 482
645 482
163 482
176 482
198 480
207 480
229 479
245 482
261 482
277 484
294 486
312 482
329 482
347 482
364 485
381 478
398 482
408 484
428 479
447 485
464 482
475 482
498 479
513 478
526 483
543 482
564 482
576 483
594 484
612 480
627 479
644 483
177 483
195 480
206 480
222 483
242 483
259 483
272 487
288 479
303 486
320 483
335 484
351 479
367 479
385 483
401 481
419 483
433 483
448 483
464 483
482 483
498 481
514 479
532 480
544 483
562 483
575 480
595 484
612 484
626 485
642 484
184 484
205 484
219 484
232 486
253 482
264 487
279 487
298 482
312 484
325 482
343 482
358 484
374 480
387 486
407 484
422 482
435 485
454 482
465 484
481 486
501 480
512 482
528 482
544 484
562 484
575 486
593 482
604 480
621 482
637 484
197 485
213 485
227 488
244 482
260 483
272 485
289 488
304 481
319 488
334 485
349 484
364 488
378 485
394 481
410 485
422 483
438 483
451 487
467 483
480 486
498 483
513 484
526 486
544 486
557 485
570 485
584 485
603 487
618 486
632 481
212 486
226 487
240 486
256 486
271 486
284 486
300 483
316 485
325 487
342 486
356 487
373 487
388 484
399 483
414 487
429 482
441 484
459 486
473 489
488 484
502 486
515 484
531 484
547 486
560 483
575 489
590 486
602 486
620 486
632 487
216 484
229 487
245 486
258 486
273 487
287 484
301 483
311 487
327 487
344 488
357 485
368 490
381 484
397 487
409 487
424 487
438 486
455 483
465 486
483 487
497 490
508 487
522 487
535 487
553 487
568 488
579 489
592 487
608 485
621 484
230 487
246 488
256 487
273 487
283 487
300 489
311 487
327 486
339 484
349 485
363 488
379 487
394 484
409 487
421 487
433 484
448 489
460 486
472 487
490 487
503 489
515 485
529 487
542 490
558 489
572 488
585 484
598 490
609 489
625 487
237 490
250 490
263 488
278 488
291 488
304 487
318 488
332 488
343 491
355 487
371 490
382 490
397 488
410 486
423 488
436 490
451 489
461 488
474 492
489 489
502 486
515 491
529 489
543 489
557 488
571 487
581 490
597 486
607 488
621 490
234 490
248 487
258 492
271 488
284 490
296 488
311 492
325 490
338 488
351 487
363 492
377 487
387 489
402 489
414 489
429 491
439 489
454 489
468 488
479 489
494 490
503 489
517 487
533 489
544 490
556 490
569 491
582 486
595 489
607 489
247 487
260 490
271 490
287 488
294 492
310 492
324 490
334 492
349 491
361 493
371 493
384 491
398 490
411 492
423 491
436 491
449 489
462 491
473 492
485 493
497 489
514 490
524 493
538 493
551 491
562 493
575 490
588 489
600 490
611 488
248 491
257 489
271 491
284 488
296 491
309 492
321 491
336 488
345 492
358 491
368 491
381 494
396 491
408 494
420 494
432 491
443 491
458 489
466 491
482 493
492 494
506 491
516 494
528 491
541 491
555 491
566 492
578 494
592 492
604 489
255 491
267 494
277 492
290 493
304 492
316 490
327 492
340 493
351 489
360 492
375 492
387 489
399 493
411 494
423 489
437 492
446 492
457 492
470 492
484 492
496 492
507 492
518 493
530 493
543 493
555 491
569 490
579 492
590 492
601 492
257 490
270 490
283 490
295 490
305 494
315 491
329 492
341 493
353 493
365 490
374 493
389 493
401 494
409 493
421 491
437 493
447 493
459 493
471 490
481 493
493 494
503 495
518 491
531 493
541 493
554 493
563 491
576 493
590 493
602 491
270 493
281 496
293 493
302 495
314 493
327 496
338 493
347 492
360 493
372 492
385 491
394 493
407 493
417 493
430 490
442 491
453 493
464 494
474 493
487 495
499 492
509 494
522 493
534 491
543 492
556 491
568 493
579 493
589 490
600 495
