28 57
111 57
179 59
254 46
329 58
393 67
467 69
537 69
618 56
683 67
60 107
124 96
183 116
246 127
317 89
376 108
446 100
507 108
574 118
631 119
704 107
47 153
110 151
164 151
223 141
282 151
335 152
397 151
453 134
508 160
567 151
629 167
679 149
736 151
27 169
77 177
124 192
181 192
230 184
278 175
330 185
380 184
435 185
488 185
534 171
587 184
642 185
694 169
745 200
10 199
56 212
101 199
148 204
193 211
239 212
286 213
336 217
384 198
429 213
472 226
523 212
566 219
616 213
663 212
707 212
44 221
88 222
125 234
167 234
214 240
258 227
301 238
343 222
386 241
430 228
470 236
513 222
557 234
602 227
646 247
687 221
733 234
27 266
65 254
108 254
144 254
186 260
226 254
267 266
305 242
347 246
383 258
426 254
467 242
502 260
545 254
582 260
625 242
663 242
703 242
741 254
20 274
60 271
91 259
128 264
170 277
205 271
244 273
279 271
314 282
353 264
392 271
428 265
462 276
500 274
535 264
576 273
613 271
649 259
689 264
723 259
1 285
35 296
73 280
109 286
142 275
176 288
210 280
245 280
281 286
314 279
346 285
381 288
419 275
454 285
489 296
519 286
556 296
587 286
627 296
658 275
692 286
725 275
24 308
61 289
90 308
119 308
156 292
187 292
218 300
253 293
282 298
317 308
346 298
382 298
412 300
443 308
479 303
510 288
541 301
577 300
603 289
641 298
669 301
705 298
733 298
18 300
49 309
81 309
111 300
136 314
170 309
202 300
232 305
262 309
294 314
321 309
354 309
384 300
417 309
443 314
478 300
507 314
539 309
565 300
600 309
626 309
656 300
686 309
723 314
27 315
59 319
90 315
117 319
147 322
174 319
201 319
234 319
260 319
289 319
321 324
347 319
380 310
408 319
437 319
462 311
493 324
525 314
551 319
583 319
613 324
642 324
667 328
696 310
727 319
22 330
50 328
78 328
104 328
131 330
162 328
187 324
215 333
245 331
273 328
301 328
327 320
356 333
381 328
409 328
436 331
464 320
493 320
519 320
547 320
574 320
603 333
633 337
659 330
686 328
712 320
738 320
18 336
46 337
71 339
96 339
123 328
150 328
179 332
204 336
228 328
255 328
283 337
307 336
333 336
359 337
386 337
411 341
440 336
463 336
492 328
518 337
543 345
571 345
598 337
620 328
649 341
675 345
700 337
727 345
7 339
28 344
55 352
81 336
103 344
129 346
156 339
180 344
206 344
228 344
256 344
279 346
303 344
328 340
354 336
380 344
404 336
428 344
455 344
478 336
502 336
530 346
554 339
580 344
604 340
628 348
652 345
679 348
702 344
2 351
25 354
47 351
70 354
98 343
121 346
142 354
169 343
191 351
214 351
237 343
262 351
286 346
311 343
333 346
356 347
382 343
404 343
430 343
452 343
475 343
499 351
523 343
546 354
571 343
594 351
619 351
641 351
665 343
691 358
15 364
39 353
62 353
83 357
108 357
128 358
154 357
177 353
198 359
221 364
244 357
266 350
291 350
314 353
334 360
358 357
382 350
404 357
425 352
448 350
471 357
496 353
516 350
539 357
565 360
587 357
609 357
631 357
655 357
677 353
33 362
54 362
77 362
99 366
121 369
141 362
165 364
186 369
209 359
229 363
254 366
274 365
296 362
319 356
340 356
363 362
384 363
406 356
427 362
449 358
470 366
493 362
516 364
538 369
559 359
580 363
603 356
625 356
646 366
666 358
47 368
68 368
88 374
108 364
130 368
151 368
173 361
192 361
216 361
236 361
256 361
277 371
299 369
320 368
340 371
361 371
381 374
404 371
426 361
445 368
465 364
487 371
508 370
528 361
551 361
572 364
594 368
615 364
635 364
655 368
56 373
76 376
99 366
119 373
140 366
159 374
178 373
200 366
218 366
239 373
259 373
279 373
300 366
322 374
341 373
361 373
381 376
402 373
423 373
442 376
463 373
482 369
502 366
523 369
545 373
565 373
586 366
606 369
624 366
647 376
69 380
88 383
107 379
127 378
146 377
165 377
185 377
207 371
226 371
243 380
266 371
284 378
303 377
323 377
343 379
362 377
382 380
401 380
421 377
441 371
461 380
479 374
499 377
518 377
539 377
560 383
576 383
595 380
617 383
636 383
76 381
95 381
114 383
133 376
152 381
170 381
188 384
208 381
226 381
247 378
266 378
282 384
303 378
322 383
340 384
360 378
377 381
396 381
417 381
434 381
454 378
472 384
492 381
511 376
528 375
549 375
566 384
586 376
604 378
624 384
84 385
103 387
119 387
139 385
157 385
176 380
194 385
212 391
231 382
249 391
266 385
286 385
303 380
321 391
340 391
358 385
377 380
396 388
414 388
431 385
451 380
470 388
485 385
505 385
525 391
540 380
560 385
579 380
597 385
614 380
93 386
111 386
129 389
146 390
165 386
182 386
199 386
217 390
235 391
254 392
270 392
288 384
307 389
323 384
341 389
360 386
376 391
396 386
412 389
431 389
449 395
466 395
483 389
501 389
518 389
538 389
555 384
573 384
590 389
607 389
