681 360
664 358
647 358
630 361
611 361
591 360
578 355
558 358
541 354
528 361
511 355
495 358
477 360
460 358
441 354
427 355
406 358
388 358
371 354
357 354
338 358
324 354
304 358
286 359
271 360
257 355
237 354
221 354
203 356
185 361
683 354
668 355
649 357
632 357
613 358
597 357
577 358
561 359
543 357
522 359
509 355
488 357
473 357
455 359
436 357
417 357
401 354
380 354
362 361
346 359
331 358
314 354
293 355
281 355
261 357
246 356
219 357
208 355
184 355
174 354
694 356
673 353
655 358
640 356
619 356
601 356
585 358
562 353
547 360
524 353
506 358
492 357
471 358
454 360
434 354
415 356
399 358
379 357
357 353
341 353
324 353
301 356
286 353
266 357
249 353
231 354
213 356
193 357
175 360
151 358
715 354
691 356
671 358
653 356
635 356
612 357
592 352
574 356
556 358
534 356
519 358
497 352
480 356
458 358
440 354
422 353
401 356
381 357
363 360
340 360
323 356
303 356
288 356
266 356
245 353
228 352
209 352
193 352
166 358
154 356
710 359
691 352
670 359
648 351
626 352
609 351
586 355
565 355
550 352
527 351
505 355
486 351
464 351
447 352
425 355
406 357
383 351
366 355
347 356
322 355
302 355
286 357
263 353
244 351
226 356
201 355
183 351
159 359
143 357
121 355
731 351
712 354
691 354
663 355
644 354
623 354
601 355
580 351
560 350
540 354
519 351
495 356
474 355
456 350
430 355
412 350
390 354
370 358
349 358
325 351
305 354
283 354
265 350
240 356
220 356
201 354
175 356
157 355
133 354
113 354
738 354
710 353
693 354
665 353
643 353
624 348
598 354
577 353
552 348
537 348
514 350
486 353
468 354
444 357
420 355
397 350
379 355
352 353
329 348
314 348
282 353
263 353
244 353
220 354
199 353
173 350
148 357
129 354
110 348
86 357
747 352
719 354
697 347
670 353
651 353
627 354
601 347
581 353
554 349
528 354
509 353
483 356
461 354
439 349
413 352
386 352
371 352
345 352
317 352
297 352
270 352
247 353
229 352
201 354
179 349
156 352
133 352
113 347
83 354
56 347
760 351
743 353
712 345
682 346
659 353
634 348
612 350
589 346
559 356
538 348
511 348
490 351
467 351
436 350
412 351
386 345
361 351
343 348
310 350
290 351
266 346
235 345
211 350
190 353
169 352
140 351
109 350
85 345
62 345
42 346
768 354
746 349
711 344
696 345
659 349
633 346
613 349
579 343
558 351
527 343
502 352
476 344
446 343
421 344
400 349
374 354
345 343
319 349
295 346
260 349
237 350
211 345
180 350
161 350
128 346
101 346
77 349
49 352
19 349
795 341
765 347
745 350
714 341
679 342
656 347
629 347
600 344
568 347
545 342
513 353
488 341
457 350
427 347
404 350
377 349
349 348
312 350
284 353
262 342
223 349
199 341
175 345
144 350
111 347
89 347
56 344
31 353
1 341
815 340
789 352
760 347
729 352
699 351
670 345
637 352
614 345
577 346
552 348
515 351
492 349
454 342
431 340
395 348
370 347
338 345
308 339
276 348
251 342
217 345
185 348
155 342
124 340
89 345
68 346
33 351
4 346
838 343
808 346
774 345
738 339
702 346
671 347
645 343
604 350
572 343
547 343
506 343
480 340
445 350
414 350
381 337
343 343
318 343
283 350
260 340
215 337
182 339
161 347
120 337
81 346
59 339
18 343
883 334
848 341
813 334
772 348
744 341
708 341
675 340
633 344
602 341
567 340
526 341
496 344
463 348
428 344
390 337
351 341
312 340
280 340
244 342
220 341
177 334
143 341
103 341
70 333
42 334
7 344
887 338
860 345
815 333
767 330
731 341
692 330
659 339
621 339
576 333
537 333
501 341
465 345
432 338
392 345
347 338
313 345
273 330
227 345
201 338
144 337
120 330
79 334
30 329
0 333
925 330
895 333
846 325
798 336
760 328
715 333
680 333
632 336
584 337
539 329
499 334
453 328
421 337
370 334
337 336
288 334
254 325
203 334
153 338
115 334
83 338
34 342
1007 325
945 330
908 320
862 329
822 329
767 334
709 321
663 335
615 330
568 319
536 332
480 319
430 334
384 331
340 332
293 330
243 325
191 339
151 329
110 330
58 320
7 329
994 327
941 320
882 329
834 325
787 314
729 325
687 327
617 325
578 325
530 319
470 313
416 325
364 325
321 314
272 326
217 315
149 318
104 314
61 331
11 326
1017 322
952 320
882 324
841 317
786 319
715 305
646 310
604 328
538 316
475 323
403 319
355 321
294 309
235 305
185 318
111 328
40 323
1001 315
935 307
883 307
788 309
736 313
671 321
600 307
525 308
440 292
380 298
306 308
231 309
161 308
91 309
38 315
1011 279
922 302
833 293
769 300
657 285
579 278
495 301
417 275
325 300
236 276
151 274
96 312
4 285
987 282
889 250
795 292
687 276
565 270
452 270
346 277
210 246
108 257
920 261
770 236
584 240
455 241
292 213
169 236
4 234
828 123
578 133
373 102
141 197
