132 35
255 70
406 65
564 72
705 65
36 154
156 141
278 126
387 96
493 124
615 91
716 126
21 140
99 136
192 162
281 163
377 164
474 176
566 164
646 136
729 140
81 171
159 193
228 170
311 170
390 171
460 192
542 216
611 192
692 179
71 202
137 203
203 201
277 195
337 203
403 213
464 219
533 205
597 214
670 214
722 195
39 228
97 228
153 229
212 228
273 245
330 229
393 228
445 233
506 228
562 228
623 228
678 228
738 229
19 255
70 239
123 225
173 240
223 242
282 255
331 247
387 225
438 239
485 224
544 231
595 254
647 247
699 247
748 245
2 248
53 255
101 241
149 234
196 248
246 253
297 248
339 262
392 253
437 241
485 248
530 240
583 255
630 249
678 248
726 234
24 269
75 257
114 263
155 263
204 249
247 259
287 243
330 243
378 250
422 257
461 263
509 244
551 263
596 257
641 263
681 257
723 244
25 266
62 275
110 251
143 265
185 257
225 255
269 263
309 269
350 262
386 268
427 269
473 275
511 256
552 269
589 251
630 263
672 251
713 266
4 257
41 271
78 263
116 269
154 269
192 274
232 258
264 269
303 257
342 263
381 269
419 280
453 258
492 269
530 271
564 269
605 272
639 271
682 272
25 273
59 267
96 273
134 273
166 275
201 284
235 278
269 278
305 275
340 273
378 273
414 267
449 262
482 276
517 267
553 284
587 263
621 284
658 263
29 272
58 273
90 278
123 283
159 278
190 278
223 288
258 278
290 268
319 278
353 288
387 268
421 280
450 283
486 278
515 278
552 268
584 278
616 278
650 278
44 287
74 276
104 273
135 282
164 286
197 272
225 282
259 282
287 276
317 282
350 282
378 283
411 286
440 282
472 282
503 282
532 276
563 291
595 272
625 286
65 294
97 288
125 277
152 285
183 285
211 285
239 289
269 281
298 277
326 285
358 290
387 294
413 285
445 276
472 285
502 277
529 285
560 289
586 289
613 277
74 292
102 291
129 283
154 292
184 296
212 280
240 296
266 280
296 292
321 288
347 283
377 288
402 288
429 288
459 288
486 280
512 290
539 292
566 283
593 280
95 299
122 295
148 299
176 295
199 291
226 283
254 291
280 295
306 291
331 293
357 291
381 291
408 295
436 291
462 299
485 283
513 291
537 283
564 295
593 291
113 289
136 295
164 297
188 297
211 297
237 297
259 296
285 301
311 286
334 286
359 293
383 286
410 296
433 301
458 297
482 290
508 290
531 293
557 286
582 293
117 295
139 299
163 299
187 291
211 295
237 296
258 299
284 288
306 292
329 296
352 288
377 288
401 295
424 292
449 295
470 288
495 299
519 296
540 288
566 299
136 301
160 297
183 293
204 291
226 297
248 301
272 299
295 291
318 290
341 297
361 297
385 304
406 297
430 293
452 297
474 293
498 293
520 291
543 297
566 290
141 301
161 299
184 299
206 299
228 299
249 299
272 299
293 301
316 293
337 299
358 292
381 299
402 299
424 299
446 306
465 306
488 299
510 299
532 293
553 295
