227 120
220 119
215 119
210 120
203 119
199 118
192 120
187 120
181 119
176 119
170 120
164 119
158 119
153 118
147 118
142 119
135 119
131 118
126 118
118 119
113 119
107 120
101 120
95 118
91 118
84 118
79 119
74 119
67 119
63 118
230 118
223 119
216 119
212 118
205 119
200 119
194 119
188 118
181 118
175 118
169 119
163 118
158 118
153 119
147 120
141 119
134 119
129 119
123 119
116 119
111 120
106 120
99 119
94 119
87 118
80 120
75 118
69 119
64 119
58 118
231 119
223 117
219 118
211 120
206 120
200 118
193 119
187 117
182 118
176 117
170 119
163 119
157 119
150 118
144 117
137 119
132 119
126 118
121 119
114 119
107 120
102 119
95 118
88 118
83 119
76 119
71 119
63 117
57 119
51 119
235 118
229 119
222 117
217 117
209 117
202 119
198 118
189 119
184 118
178 119
170 118
164 118
159 119
152 117
146 118
139 118
132 118
126 119
120 118
115 117
107 117
101 117
94 118
88 118
81 118
75 119
69 119
62 118
55 118
48 117
237 117
232 119
225 118
217 118
210 117
204 119
196 117
191 117
184 117
178 117
171 118
165 119
157 118
151 119
145 117
138 117
132 119
125 118
118 119
110 117
105 118
98 118
90 119
83 117
77 119
71 119
64 118
58 118
51 118
42 119
240 118
232 118
225 118
217 118
212 119
205 118
197 118
189 119
182 118
176 119
168 119
160 117
155 117
147 118
140 118
133 118
127 118
118 116
112 118
104 118
99 118
93 118
83 118
78 118
71 118
63 118
56 117
50 116
43 117
33 119
243 117
235 117
229 117
220 117
213 116
205 117
197 117
190 116
184 117
177 117
170 117
162 117
153 117
146 118
140 118
132 117
124 116
118 117
110 116
103 118
94 118
86 117
80 118
72 116
64 118
57 117
50 117
42 117
34 116
27 118
246 116
238 117
232 117
224 117
217 116
207 117
200 117
193 117
184 117
178 117
169 117
162 117
154 115
145 117
139 115
131 116
122 115
113 117
105 118
100 117
91 115
84 118
75 119
68 117
59 117
51 117
44 117
38 115
29 117
21 118
251 117
243 115
234 118
226 115
218 116
210 115
202 116
195 115
186 115
176 118
169 117
162 117
153 115
144 117
135 116
126 115
118 117
111 116
103 115
95 115
86 115
77 115
68 116
61 116
54 115
43 116
36 118
28 115
19 115
9 117
262 117
250 117
241 114
233 114
224 114
216 114
208 114
199 116
189 116
180 116
172 116
163 117
153 116
146 114
136 116
127 117
120 114
110 115
100 115
93 116
83 116
75 116
65 114
56 114
48 114
38 116
30 116
21 116
13 115
4 114
261 116
254 117
244 115
234 116
225 116
215 116
205 115
196 113
188 114
177 115
169 114
159 117
148 116
139 116
129 114
119 116
109 113
101 115
93 115
83 115
74 115
63 115
54 115
44 116
34 113
23 115
14 115
7 115
272 116
260 113
251 115
241 117
230 117
222 113
210 114
200 116
189 116
180 116
168 116
160 113
151 117
140 113
127 113
118 115
109 113
100 115
87 115
78 113
69 115
57 115
47 113
38 113
26 113
17 115
9 113
284 114
271 114
258 115
250 114
236 114
224 112
217 115
202 116
193 112
181 114
170 114
160 116
150 112
138 115
124 114
116 113
102 112
92 113
81 114
69 116
60 112
48 112
36 112
25 114
14 112
4 114
289 111
280 113
267 113
254 113
242 111
232 114
218 114
207 113
196 111
185 113
174 113
162 112
147 111
137 111
124 114
112 113
100 113
90 116
77 113
67 114
53 114
42 113
30 113
17 114
9 112
302 115
287 112
275 110
264 113
250 112
238 113
224 110
211 113
198 112
187 112
173 112
158 110
146 112
134 109
121 111
107 112
95 109
80 112
70 112
58 110
44 113
29 112
15 112
5 113
311 111
296 112
284 111
267 108
254 109
239 108
228 112
213 111
201 112
184 111
169 112
155 108
140 112
127 111
112 111
97 109
84 114
70 112
56 108
41 112
31 111
12 114
0 111
326 108
310 111
295 110
275 106
266 110
249 109
232 111
216 109
201 112
184 111
169 106
151 110
138 109
118 106
104 109
89 108
72 109
59 106
38 109
22 109
12 109
338 104
326 108
304 108
291 107
264 108
247 108
234 107
216 109
198 109
180 107
164 107
145 105
122 111
106 107
86 104
73 107
54 109
35 107
17 111
335 105
315 105
290 109
275 100
249 105
231 107
209 101
188 105
167 105
149 106
127 106
108 106
87 107
65 105
50 103
27 105
326 103
300 101
280 107
257 98
230 99
208 107
179 96
157 101
135 99
106 104
83 102
56 106
34 101
10 96
338 91
311 104
283 98
255 91
225 98
202 92
174 95
138 100
116 92
88 97
63 92
26 95
303 92
274 83
235 95
205 92
172 92
141 85
97 98
72 92
29 90
325 71
282 80
237 87
182 70
141 90
103 74
43 80
321 49
261 53
183 60
112 49
49 49
225 13
90 23
