239 119
233 118
227 118
220 116
212 118
204 117
198 116
192 118
184 118
178 117
171 119
163 116
158 116
150 117
143 118
136 117
130 118
122 118
115 117
108 118
101 116
95 118
88 118
80 116
72 116
66 119
58 118
53 118
45 118
38 119
242 116
235 118
227 118
222 118
213 118
206 117
199 119
192 117
184 119
177 117
169 119
162 116
156 118
148 117
140 116
135 118
126 117
119 116
113 117
104 119
98 118
90 117
84 116
77 117
69 116
62 117
53 117
47 118
39 117
34 118
246 117
237 117
230 117
223 119
214 118
207 116
199 116
191 117
184 117
176 118
170 116
162 118
153 118
147 117
138 117
131 119
124 118
117 116
108 117
102 117
92 119
85 117
77 116
70 119
61 116
56 116
47 118
40 119
31 119
24 117
253 117
244 115
236 117
228 118
220 115
213 118
203 115
195 115
186 115
178 115
171 115
162 117
154 115
147 117
140 117
130 115
124 115
116 117
107 117
98 117
91 117
82 118
75 117
67 117
60 117
50 117
42 117
35 115
27 118
15 117
256 115
247 117
239 116
230 115
222 116
211 116
203 115
194 115
186 117
178 117
169 116
161 117
151 117
144 115
135 114
127 117
118 116
110 116
102 115
92 114
84 116
76 116
67 114
57 114
48 117
43 116
31 116
21 117
17 116
6 116
266 114
257 116
248 117
239 116
230 117
221 114
212 117
202 114
194 117
185 116
175 117
166 116
155 116
148 115
139 114
130 116
119 116
111 114
102 117
94 117
83 116
75 118
66 117
55 116
48 116
39 116
28 116
19 116
11 117
0 117
271 113
265 116
252 115
245 115
235 116
224 113
213 115
205 115
195 117
185 115
176 114
165 115
154 113
147 116
134 113
124 116
117 117
107 115
97 115
88 117
75 115
69 115
57 115
49 115
38 117
28 114
19 115
9 115
275 114
266 114
253 114
243 115
233 113
223 114
213 114
202 115
189 114
181 116
168 112
160 112
148 115
139 112
127 117
116 114
104 113
95 116
86 112
73 112
63 115
54 115
44 114
28 115
19 113
12 112
1 112
284 114
274 114
259 112
249 115
236 114
226 114
215 116
204 111
194 111
181 111
171 111
157 114
149 111
137 112
125 116
112 116
103 111
91 111
79 113
67 114
58 114
44 111
35 116
23 114
13 114
0 114
294 113
283 113
268 113
259 113
246 111
231 110
220 110
207 113
197 113
184 113
169 111
160 113
146 114
136 111
122 115
111 115
96 113
86 110
74 113
63 113
47 111
39 113
24 114
14 114
2 110
305 114
289 112
277 112
265 112
252 111
237 112
225 109
211 112
197 114
182 109
172 110
156 109
145 113
130 113
118 110
106 112
90 109
77 112
62 112
49 112
37 112
23 110
8 113
325 110
309 110
294 113
276 107
261 110
250 112
232 111
216 113
203 112
189 107
175 111
157 109
144 110
127 112
111 107
100 113
82 107
69 110
53 113
36 107
26 109
12 107
326 109
315 107
299 109
283 109
265 110
247 109
230 112
214 107
201 106
185 105
169 109
149 105
132 109
116 111
101 105
81 109
71 106
53 111
34 109
18 106
1 106
333 104
307 107
294 105
269 103
255 109
239 106
214 108
201 107
177 104
163 110
141 104
123 104
103 108
87 107
70 107
49 107
30 109
12 107
327 106
307 106
279 102
258 106
235 106
218 106
193 106
172 104
152 106
132 104
113 104
90 104
71 104
47 106
23 104
333 100
317 100
281 100
263 105
235 103
210 102
185 97
160 100
131 95
104 100
76 95
57 95
24 101
3 100
316 96
281 97
250 96
212 101
182 94
149 97
116 93
86 94
47 89
26 94
336 89
298 90
255 79
219 89
173 84
135 92
91 88
47 92
322 82
268 76
230 79
163 66
109 70
43 71
280 36
193 41
82 39
