1390 594
1365 593
1330 596
1305 592
1274 589
1240 593
1209 599
1174 596
1138 593
1119 592
1085 596
1051 589
1020 593
988 594
953 596
922 590
900 586
867 596
833 593
804 589
773 594
739 594
710 593
681 592
644 592
615 593
590 586
549 592
524 593
490 586
1451 591
1413 587
1389 587
1354 587
1324 594
1282 591
1254 591
1225 584
1193 591
1150 593
1126 591
1089 591
1060 584
1024 591
997 591
957 591
929 591
890 591
861 591
824 591
797 591
768 591
731 593
695 588
661 591
632 584
602 591
565 584
528 594
500 591
1476 589
1429 591
1398 589
1365 593
1337 589
1295 596
1261 589
1231 589
1191 589
1156 593
1115 586
1094 593
1049 582
1015 591
984 589
949 597
910 589
885 596
850 582
806 596
779 582
743 589
709 585
674 590
636 593
604 586
571 593
541 586
497 591
468 589
1489 587
1452 587
1420 587
1387 589
1345 582
1307 591
1275 587
1241 579
1194 589
1157 591
1120 595
1097 595
1049 591
1011 583
983 587
942 584
907 595
869 587
828 591
791 579
759 595
718 587
687 580
641 582
614 587
569 587
544 580
505 589
461 587
1467 577
1428 577
1393 593
1358 585
1316 593
1276 577
1229 588
1198 589
1157 585
1125 580
1079 585
1049 577
1008 585
971 585
928 585
891 577
850 588
806 593
775 589
733 585
694 585
658 587
621 585
579 577
542 588
498 585
458 585
425 578
1467 575
1433 587
1391 591
1359 587
1306 583
1260 575
1231 583
1185 583
1138 587
1095 575
1068 585
1028 583
973 574
940 583
896 575
851 585
810 575
771 587
735 587
686 585
646 583
613 587
563 587
526 575
493 583
450 583
408 587
1458 575
1417 571
1389 574
1334 571
1291 575
1258 580
1208 580
1165 580
1116 580
1082 589
1028 580
990 589
936 589
894 571
844 582
814 571
768 582
726 580
681 589
627 580
587 571
540 589
499 571
450 571
418 575
1496 577
1439 571
1406 582
1351 572
1298 587
1250 578
1193 568
1170 571
1120 582
1058 568
1020 568
973 587
924 577
877 568
823 582
789 572
727 568
688 568
648 577
592 578
537 577
493 587
456 579
410 587
361 580
1488 577
1435 574
1383 569
1329 568
1284 574
1235 568
1189 579
1125 574
1079 579
1037 575
972 580
922 574
881 574
823 579
773 564
727 570
686 579
635 563
587 564
519 584
471 574
432 580
379 564
334 579
1466 575
1401 582
1351 574
1296 576
1236 576
1180 570
1135 571
1082 572
1035 581
964 559
919 559
868 560
818 570
754 573
705 560
644 581
589 570
541 573
476 581
432 570
369 576
318 570
1470 577
1406 559
1358 552
1278 559
1230 564
1170 570
1107 552
1043 552
999 565
925 565
875 557
810 558
747 565
693 576
627 565
579 564
503 557
458 565
381 552
330 571
261 565
1487 558
1407 552
1375 571
1290 565
1232 549
1163 551
1078 563
1022 559
948 559
890 559
817 557
750 557
681 544
634 561
558 559
501 562
413 572
365 558
290 564
228 558
1445 540
1360 536
1282 542
1225 565
1147 565
1083 550
990 551
921 535
839 534
777 534
683 550
610 565
539 550
476 559
399 558
312 535
248 556
162 534
1484 542
1394 525
1300 546
1241 559
1133 526
1080 540
972 523
903 524
814 558
716 542
644 540
562 540
479 559
396 522
306 542
234 524
111 540
32 540
1434 519
1365 517
1276 525
1152 532
1072 506
945 525
852 528
751 536
673 527
542 506
447 505
355 530
261 526
162 517
74 527
1444 510
1344 508
1190 516
1082 518
956 506
847 515
714 496
617 518
510 512
377 491
250 511
118 514
11 485
1445 500
1328 487
1167 510
1044 486
890 456
758 493
593 481
458 460
335 488
129 509
39 498
1468 428
1297 446
1110 435
959 466
794 464
579 450
413 450
246 416
28 467
1424 431
1132 419
854 384
604 408
397 337
116 389
1447 307
1066 251
631 220
287 201
