3 111
181 128
375 109
554 112
746 116
927 121
85 192
259 132
400 194
538 172
697 145
839 199
980 219
74 247
197 228
312 230
425 244
557 208
684 238
801 209
916 237
7 231
116 234
203 267
318 293
413 263
525 261
621 267
719 291
827 247
928 278
82 270
161 286
247 298
347 287
436 300
522 269
611 286
702 286
802 286
882 260
978 269
40 311
124 293
194 318
285 309
359 305
441 304
516 304
603 316
678 309
759 318
843 304
924 305
1000 282
9 327
75 343
155 301
226 320
293 321
375 300
443 320
509 300
584 321
656 331
728 343
805 321
868 332
942 321
59 334
128 315
191 340
255 334
319 333
388 315
452 324
522 325
588 334
648 333
718 335
786 314
844 333
916 333
978 324
5 329
60 328
114 355
170 345
229 345
291 337
350 334
412 346
467 329
527 328
586 345
647 334
708 354
766 335
832 354
885 355
946 335
1006 327
39 358
94 355
151 339
206 356
257 345
309 355
368 345
420 364
479 355
532 372
583 355
639 339
695 371
749 339
803 355
858 355
913 345
961 356
11 379
61 348
114 355
165 363
214 363
263 363
317 366
365 349
413 349
467 379
518 354
566 363
619 348
664 364
717 371
768 364
818 355
871 363
920 367
41 369
87 361
141 356
183 369
228 372
277 370
326 370
368 372
415 356
466 384
512 362
562 372
606 372
652 372
699 376
747 369
796 377
841 376
891 384
18 382
62 374
110 382
155 375
201 375
241 377
284 381
331 375
377 374
420 377
464 375
510 381
553 375
600 375
644 381
685 374
730 377
776 375
819 374
861 375
56 380
98 368
141 380
184 380
221 393
265 380
307 380
346 386
390 373
431 368
469 380
512 380
555 380
597 380
640 386
681 373
724 372
762 380
803 386
848 386
82 385
121 385
162 373
197 388
236 373
276 387
313 385
352 397
392 373
430 373
469 379
509 373
552 385
589 373
626 397
665 391
704 391
746 385
785 391
826 391
110 389
150 383
188 378
219 389
259 389
294 391
333 377
371 391
408 377
445 400
480 378
520 400
554 378
589 389
630 389
664 382
704 389
739 378
779 400
816 394
131 382
168 382
201 382
239 382
270 393
309 387
345 386
376 393
412 387
447 387
481 382
519 382
553 393
591 396
622 382
656 382
694 403
729 393
767 393
800 395
151 401
186 386
220 390
250 406
283 396
320 390
351 386
386 386
418 396
450 401
485 401
516 386
552 399
582 396
615 386
652 386
688 401
717 396
751 401
785 390
166 389
197 399
226 393
262 389
290 399
324 399
357 389
389 403
417 399
450 403
484 409
516 401
548 404
578 401
612 402
645 389
676 402
710 399
738 399
772 408
172 411
202 401
234 401
261 406
294 392
326 406
355 401
384 392
416 401
448 406
478 392
506 396
537 396
569 401
600 404
633 406
663 401
691 401
721 392
752 392
190 404
218 406
247 413
276 400
304 408
337 395
365 408
395 404
426 413
452 395
484 406
513 404
544 413
570 404
599 404
630 404
660 399
688 406
719 408
748 395
