142 71
354 82
517 153
713 108
974 107
104 267
241 247
379 251
474 218
609 225
763 225
888 255
995 233
103 294
198 305
323 317
439 306
555 307
654 307
733 322
888 306
965 291
1 346
117 357
201 347
275 335
377 346
469 349
532 335
632 352
710 347
803 329
890 366
1003 346
25 373
101 374
159 377
249 381
315 373
401 388
464 376
553 374
616 377
691 388
769 359
839 365
926 374
991 359
46 400
109 393
176 386
246 407
308 397
369 380
440 381
495 394
568 406
618 406
683 397
751 396
803 394
875 393
937 381
1008 380
53 410
94 408
153 397
208 408
274 420
326 414
383 397
438 397
492 408
548 396
605 414
676 414
726 408
779 408
853 408
908 408
956 408
29 420
75 420
125 420
167 409
216 420
282 425
325 420
383 420
420 420
482 420
531 420
582 425
629 420
673 430
731 425
771 420
829 409
884 430
922 420
971 420
43 434
98 429
145 439
188 420
232 420
266 429
318 429
375 424
406 439
459 424
506 429
553 420
592 429
649 420
688 439
731 429
794 429
835 432
885 432
923 429
974 424
1007 429
25 440
68 433
112 441
148 432
185 437
220 446
266 437
320 437
350 437
401 441
432 437
473 445
516 437
553 439
603 428
635 441
686 446
730 428
761 432
804 428
847 437
888 437
930 432
970 428
1004 437
5 444
38 440
91 447
124 443
157 448
204 443
237 444
270 448
309 439
349 452
391 439
432 436
470 443
499 445
544 435
584 436
621 444
650 446
693 446
731 439
772 439
810 446
852 448
885 435
918 447
961 436
1010 444
20 449
53 449
92 449
128 453
155 453
190 453
231 453
263 457
302 457
332 442
370 451
401 457
449 449
477 457
509 449
553 449
583 449
628 453
660 449
691 449
734 453
770 457
801 456
834 442
867 449
902 449
944 449
972 442
8 456
44 454
83 455
104 447
141 454
175 454
208 454
235 450
277 454
304 447
341 454
370 447
403 457
436 447
471 456
502 457
538 457
573 453
600 453
636 453
668 461
700 453
735 454
765 449
804 454
829 454
855 446
888 453
928 456
959 447
46 465
74 458
100 454
140 452
169 458
203 458
232 461
264 464
287 464
326 458
349 461
384 458
418 451
441 452
477 452
502 458
535 458
564 452
601 451
632 451
662 454
685 458
725 461
753 465
788 458
814 458
842 458
879 461
907 455
933 458
49 462
72 456
104 462
130 463
165 465
193 456
224 462
247 462
279 456
305 463
341 458
372 461
394 462
426 462
450 468
483 462
516 465
546 456
565 458
604 462
628 462
652 463
687 462
719 468
745 465
775 456
801 462
831 458
859 456
890 462
86 471
117 465
144 459
165 466
193 465
227 461
249 459
270 465
306 467
328 461
360 465
382 465
415 468
444 465
463 468
499 459
519 459
545 459
578 462
607 459
627 459
656 459
681 465
717 470
740 465
762 470
794 459
820 461
849 465
881 468
123 467
150 467
172 467
204 469
226 468
253 467
279 464
297 469
333 467
354 467
375 462
407 467
433 464
457 462
478 470
504 470
536 467
559 462
582 469
611 472
630 470
658 468
687 467
710 462
738 472
764 467
790 473
813 467
839 468
862 467
133 467
159 465
191 470
209 465
238 464
258 470
280 470
306 471
327 472
354 469
381 470
401 467
432 470
455 470
477 465
501 469
528 467
548 466
574 467
597 470
617 475
648 470
667 470
694 469
713 469
741 472
766 466
789 467
809 469
835 465
153 471
173 471
191 474
221 472
242 467
260 467
284 467
310 467
334 472
354 471
380 467
403 469
421 474
442 467
467 467
487 472
516 474
535 471
557 467
580 469
603 472
629 467
646 469
676 469
699 472
719 471
741 467
766 471
788 472
813 472
178 473
197 473
219 473
242 468
261 469
283 473
308 473
328 471
348 476
366 469
389 468
410 478
435 469
454 469
480 470
497 478
524 473
543 476
566 473
583 474
610 475
631 476
653 478
671 478
693 473
711 474
738 478
757 473
780 468
803 470
189 477
212 472
230 475
244 471
270 477
290 475
307 475
328 477
354 475
369 473
396 477
414 472
432 479
454 470
471 471
491 470
518 471
537 475
557 475
578 475
597 472
616 475
639 473
661 475
679 475
697 476
715 470
740 477
761 477
781 474
203 474
225 478
245 472
265 474
282 477
302 477
325 476
342 474
363 477
379 472
402 472
420 476
436 474
456 474
476 476
496 476
514 480
533 473
554 476
574 476
599 476
614 476
630 478
654 476
676 474
693 473
712 480
734 472
751 472
768 472
224 480
243 476
258 476
280 478
297 475
318 478
334 478
351 474
370 474
394 474
413 479
428 478
447 479
463 482
482 482
502 478
526 482
541 476
563 478
578 474
597 475
613 480
634 476
654 478
674 478
691 478
710 480
729 482
749 478
766 475
241 481
253 480
270 480
291 479
309 475
325 479
345 479
364 480
381 475
403 480
416 477
433 476
451 483
471 476
489 479
507 480
523 480
543 479
563 475
579 479
598 479
613 477
632 479
650 476
669 479
688 475
705 476
721 481
739 477
757 477
242 482
262 481
280 482
294 479
312 483
331 479
347 483
365 481
379 481
398 479
419 478
432 484
452 477
469 481
486 477
504 481
522 479
538 477
554 481
573 484
590 484
605 481
625 478
644 481
658 477
679 477
697 481
710 481
730 481
746 482
255 482
271 483
288 483
308 482
322 484
338 484
360 482
374 482
388 483
406 480
422 480
442 480
460 478
473 482
489 484
506 484
527 482
540 480
555 480
572 486
594 482
609 482
624 484
643 478
659 479
675 479
693 483
707 480
725 482
742 479
253 485
268 485
283 482
302 484
319 480
333 484
350 484
366 483
384 485
397 485
413 483
429 485
444 484
462 480
479 480
497 485
511 481
530 482
544 484
558 487
576 480
593 483
612 484
626 483
639 483
654 483
674 482
686 480
704 484
722 480
270 485
289 482
304 485
316 485
333 485
348 483
367 483
381 489
396 483
411 483
428 485
446 487
462 485
475 483
489 483
510 486
522 482
538 481
555 485
570 488
585 483
602 483
618 488
631 485
650 488
663 482
680 487
696 483
711 488
730 485
271 489
284 486
302 488
316 486
330 486
347 482
359 489
377 487
392 482
409 486
421 483
440 486
454 486
466 484
482 486
499 484
512 482
527 484
542 486
558 483
575 488
588 487
607 486
620 486
637 487
653 486
666 487
682 489
695 482
712 483
284 487
296 488
313 487
330 487
342 488
356 488
374 488
386 487
404 485
417 485
431 485
446 485
462 487
473 487
492 488
502 484
519 487
534 488
550 488
564 486
581 489
591 487
608 488
621 490
637 488
655 487
667 484
682 488
695 487
712 488
293 489
307 488
324 487
336 489
348 485
362 488
378 491
393 485
405 486
421 488
434 488
449 486
462 489
479 489
494 487
505 484
523 488
536 488
548 487
562 489
580 488
590 489
605 487
622 484
638 488
652 488
666 489
677 489
692 488
707 484
287 486
303 489
318 489
328 486
342 488
359 486
373 490
384 489
401 490
412 488
425 489
441 489
454 490
469 489
481 487
497 491
510 492
524 488
539 490
554 486
564 486
581 487
593 490
606 488
623 491
634 487
650 489
662 492
675 490
690 489
304 489
317 489
332 490
346 491
360 491
375 489
387 489
401 486
415 486
427 490
441 488
454 490
468 489
482 489
493 489
506 489
519 487
536 491
547 487
562 489
576 489
586 489
601 486
615 489
626 486
642 490
657 486
669 491
684 489
697 491
309 490
323 490
337 490
350 490
360 492
376 490
390 493
401 490
414 489
426 488
441 490
454 487
468 487
481 490
496 490
507 490
520 487
534 491
546 488
560 487
570 490
586 490
597 490
611 490
625 490
639 490
652 490
663 491
675 493
688 487
316 490
328 491
340 488
354 490
366 491
376 490
390 489
402 488
415 488
430 491
442 491
454 492
467 488
479 490
491 489
506 491
516 490
529 493
541 488
554 488
566 491
583 489
594 489
608 491
617 489
633 492
643 489
660 491
668 491
681 489
320 489
335 494
344 491
360 488
371 494
383 494
394 491
407 492
421 494
432 493
445 489
457 492
468 488
482 494
492 489
508 489
518 492
530 491
542 489
554 491
568 491
578 492
591 494
605 491
617 491
632 491
640 491
655 492
669 491
678 490
325 493
336 490
351 492
363 492
376 492
387 492
399 492
408 492
424 489
434 492
444 491
458 491
471 492
480 492
492 489
508 491
519 492
532 494
542 490
553 492
565 493
578 492
590 492
600 489
614 489
625 492
639 491
651 492
660 492
676 490
325 492
337 491
348 492
361 492
373 489
383 492
396 493
406 493
417 492
430 492
441 489
455 495
464 489
476 495
488 490
502 491
513 492
524 494
537 492
546 494
561 491
570 492
584 490
594 494
605 493
616 491
629 493
640 492
652 492
662 494
332 492
342 490
351 495
363 492
375 492
386 493
397 494
409 493
421 491
434 492
443 492
454 491
464 491
476 494
489 493
499 493
510 493
521 492
534 494
544 490
557 492
569 490
579 491
591 490
601 490
614 491
626 490
637 493
646 492
659 493
