346 181
338 180
327 179
319 180
311 180
302 181
294 180
285 180
275 181
268 179
259 181
250 180
243 180
235 181
225 181
216 181
209 179
199 179
190 181
183 181
175 181
166 180
157 179
148 182
139 180
133 180
124 180
114 179
105 182
97 180
349 180
340 178
332 180
324 179
316 181
304 180
297 179
288 182
279 182
270 182
259 180
252 180
243 178
233 180
224 180
215 179
208 178
199 180
188 182
181 178
172 181
163 178
155 180
146 179
136 180
127 181
118 180
109 182
101 179
90 181
353 178
341 178
335 180
323 179
315 181
305 180
296 180
287 178
278 180
268 180
258 178
251 179
242 181
232 179
222 178
213 178
203 181
194 180
183 180
174 178
165 179
154 179
146 178
136 180
128 180
118 178
109 180
100 178
89 178
79 181
354 178
347 180
336 181
327 179
318 178
307 179
298 181
287 179
277 180
269 179
257 180
248 180
237 178
228 178
219 179
210 180
198 179
191 180
179 180
171 179
160 178
150 179
140 181
132 179
123 179
114 178
102 179
92 179
82 178
72 179
357 180
346 179
338 178
327 180
316 178
307 179
296 177
285 180
276 181
265 179
255 177
244 179
233 177
222 179
213 181
204 179
194 179
182 179
171 179
163 179
151 177
143 179
133 177
120 180
109 179
100 179
90 181
77 181
70 177
59 179
365 178
356 180
341 176
333 177
321 176
310 179
298 178
289 176
280 178
268 178
255 176
246 178
234 176
225 176
215 178
205 178
190 179
180 178
171 178
161 179
148 178
137 177
127 177
116 178
106 178
93 177
85 177
75 179
64 178
54 176
368 179
354 177
344 177
334 179
323 179
311 178
299 178
289 175
278 179
266 178
255 176
242 176
233 178
222 178
210 178
199 179
185 175
177 178
161 180
153 178
142 176
130 179
117 176
107 175
95 175
82 179
72 178
62 178
48 178
39 178
376 178
363 175
350 175
338 178
327 175
316 178
302 175
293 178
282 178
267 175
258 178
245 178
231 177
220 178
207 178
198 178
185 178
172 178
163 178
148 180
138 177
124 178
112 175
102 178
89 175
78 178
65 177
55 178
43 178
31 178
387 176
371 177
359 177
349 179
335 178
322 179
308 176
295 178
283 176
273 175
259 178
245 177
234 174
223 177
211 176
194 178
181 177
169 177
159 176
146 177
134 177
119 177
108 178
97 174
82 175
72 174
58 177
44 175
31 174
20 178
391 176
376 177
363 177
348 173
335 173
322 173
309 178
297 174
283 177
272 177
255 176
241 178
231 177
215 176
201 177
191 176
176 176
161 176
151 176
138 173
124 177
110 173
95 176
84 177
68 178
53 177
40 178
26 174
18 177
0 178
399 178
387 175
373 176
359 175
342 173
331 176
316 175
301 175
286 175
270 175
256 175
243 178
228 172
216 175
199 178
184 173
172 175
155 175
143 176
130 175
111 176
102 175
83 175
73 175
57 173
40 172
27 175
14 178
409 174
393 175
382 174
365 171
350 174
333 174
315 172
302 172
287 171
269 171
256 175
239 171
224 174
213 172
195 175
179 174
165 174
151 174
132 171
118 174
106 171
89 175
73 174
58 173
42 176
31 174
15 174
415 173
396 173
384 171
369 173
348 171
337 173
319 175
298 173
285 170
271 173
251 174
234 171
221 173
205 169
185 174
171 176
157 171
135 173
120 174
107 175
92 170
73 173
54 171
37 173
26 171
3 174
437 174
425 173
405 168
388 172
371 168
350 168
336 169
314 172
297 170
278 168
260 172
247 174
231 174
211 175
193 172
173 173
157 172
142 172
121 172
104 173
86 172
68 172
52 169
31 172
14 175
443 170
424 166
409 172
388 174
372 174
347 172
329 166
312 170
293 172
272 170
250 166
232 166
214 174
192 170
172 172
151 170
137 170
114 166
97 172
77 166
57 172
40 170
20 170
0 170
486 168
458 164
436 169
415 173
392 164
374 171
356 164
332 173
311 173
290 164
271 169
247 171
225 169
205 168
186 171
160 173
145 171
124 168
100 169
78 168
57 169
35 171
17 173
500 167
474 161
456 171
424 166
397 162
380 166
352 166
333 168
312 169
289 168
263 166
241 164
210 168
187 161
166 166
144 166
119 163
94 166
74 166
46 166
27 166
1 161
501 166
465 161
441 158
414 166
394 166
360 160
336 166
311 165
279 158
255 160
229 163
203 169
174 163
149 158
117 160
98 165
76 158
40 169
23 160
496 160
467 163
438 163
409 166
378 156
341 155
314 160
288 163
253 160
225 167
192 160
162 156
140 160
99 160
78 156
47 161
23 160
507 156
466 149
443 148
400 158
371 155
331 155
302 156
271 151
229 152
196 155
161 162
129 159
88 155
55 155
28 149
500 152
463 152
416 151
380 158
337 151
302 155
253 142
224 146
178 153
140 150
97 146
49 158
18 152
480 145
432 151
377 152
339 149
276 142
235 139
185 142
127 150
72 146
21 140
485 139
423 134
350 130
280 135
212 140
153 117
97 131
27 135
456 107
358 107
280 104
193 122
94 86
16 92
429 5
266 15
117 63
