86 60
197 13
317 37
414 63
532 49
629 46
747 33
841 4
954 34
34 115
135 113
229 111
327 99
426 86
518 121
607 128
709 114
805 130
902 113
988 90
95 158
160 202
256 185
342 194
425 155
510 167
602 192
681 189
772 192
865 190
940 159
59 244
139 242
216 211
301 235
367 235
448 223
523 234
600 234
682 233
759 234
829 225
912 234
983 214
25 280
97 286
163 298
234 280
302 257
377 280
451 280
516 284
584 278
653 259
723 279
795 289
865 280
932 280
1008 300
60 333
127 320
195 315
259 296
328 304
386 316
456 297
521 335
584 315
651 314
708 320
771 316
839 316
914 324
973 334
38 346
99 336
161 329
220 365
279 346
340 329
404 346
461 328
519 350
583 347
639 346
699 346
766 355
825 346
879 365
943 350
999 347
16 358
62 366
122 391
177 379
229 380
284 384
341 383
395 392
453 384
509 375
566 366
615 367
673 365
727 375
788 391
839 383
899 375
948 375
1007 383
2 391
52 383
106 384
161 383
209 399
263 399
314 399
360 399
414 390
467 404
518 399
565 389
618 383
675 399
723 398
773 399
829 399
878 414
929 389
986 406
39 420
86 420
136 405
185 424
233 420
279 427
332 422
377 411
425 435
474 420
524 420
570 427
623 424
667 420
719 434
764 420
813 420
861 405
906 405
957 405
1002 420
15 445
66 424
110 438
157 442
204 431
247 452
288 445
337 438
380 438
430 431
471 438
518 445
566 438
611 452
652 431
697 445
745 438
789 442
832 438
880 431
927 424
977 452
2 456
50 448
90 454
132 461
174 454
214 461
259 467
304 448
347 441
387 461
430 454
476 461
515 446
560 457
603 454
645 441
689 446
730 454
775 456
816 447
859 454
903 454
945 454
992 454
33 468
77 468
120 456
158 456
202 471
242 456
281 456
324 468
359 468
400 456
445 475
486 468
524 472
564 468
604 481
648 468
686 475
728 475
769 472
804 468
847 481
883 462
927 481
971 468
1011 468
23 470
55 484
100 474
131 487
168 493
212 474
252 481
287 493
326 487
363 484
404 484
439 470
481 476
520 481
555 474
597 481
637 487
675 470
709 481
748 474
790 484
825 474
864 474
905 487
942 481
980 493
7 486
41 505
79 482
114 497
151 493
190 487
227 493
262 493
299 482
335 499
372 493
410 504
445 487
480 493
518 482
552 493
592 482
625 499
663 505
700 493
735 493
773 487
813 505
844 482
885 497
922 493
955 493
988 482
36 497
68 498
102 493
136 509
173 504
208 509
244 493
277 504
310 504
345 515
383 497
416 493
451 493
488 493
521 493
554 504
589 507
624 509
660 493
697 509
730 493
766 504
797 493
834 504
867 504
902 504
940 515
975 509
3 524
35 524
72 514
103 519
141 514
171 514
210 503
239 503
272 524
307 503
342 514
372 514
407 514
440 519
473 507
506 514
540 503
573 514
608 524
644 503
673 514
709 507
739 503
775 514
808 519
846 524
874 508
907 514
947 524
6 517
38 532
69 517
103 525
132 518
167 516
199 522
230 533
263 524
295 523
323 532
356 522
388 522
424 524
456 522
484 512
517 517
547 522
583 528
613 523
647 523
679 516
711 512
741 512
774 517
807 523
836 523
870 522
903 516
934 522
23 530
52 521
82 521
111 530
144 535
172 535
203 540
232 531
263 540
293 535
326 526
357 535
388 521
418 521
446 521
481 525
507 530
540 530
570 535
601 531
631 530
665 530
692 521
726 531
755 530
784 531
817 533
847 521
877 530
909 535
42 542
72 541
102 529
132 532
165 529
189 538
220 547
251 542
280 529
310 538
337 538
367 529
394 538
424 540
453 538
482 538
511 541
544 529
573 538
600 542
631 538
659 538
690 538
718 529
746 529
777 538
807 542
834 529
865 529
892 538
61 540
88 545
117 540
146 536
172 539
202 545
230 554
255 545
283 545
311 547
341 549
370 545
398 545
425 536
454 549
481 554
512 554
538 554
567 540
594 540
624 545
652 536
679 536
707 539
735 549
767 554
793 548
823 540
850 547
879 545
76 551
104 554
128 560
156 543
187 543
212 552
239 556
267 551
292 560
321 547
348 552
375 546
404 556
431 543
456 556
484 543
513 546
540 552
567 552
595 552
622 560
649 543
675 560
703 560
733 552
759 552
786 546
813 552
838 546
865 552
96 557
121 566
150 559
174 553
201 549
226 552
253 562
280 557
306 557
331 562
357 557
386 560
411 560
437 557
463 561
489 557
516 557
544 557
567 562
593 557
620 566
646 552
675 557
701 561
727 566
753 566
780 557
807 557
831 549
858 566
104 565
132 563
156 563
181 559
208 567
234 555
258 563
310 567
335 565
361 563
385 564
409 558
461 563
487 563
512 555
539 558
562 559
587 559
614 567
639 563
664 563
692 567
716 563
742 563
767 567
790 558
817 563
842 563
116 564
166 568
189 561
215 564
239 561
263 564
287 569
314 569
338 564
363 561
386 569
411 570
459 564
487 560
511 568
533 564
561 569
583 564
633 564
658 561
683 564
706 569
732 565
757 564
783 569
831 570
249 566
321 566
441 566
463 566
512 569
534 566
560 569
583 566
726 566
799 566
824 566
