115 6
262 32
423 31
569 35
23 90
129 125
259 126
390 80
515 112
632 89
769 130
885 112
1005 77
11 174
126 173
226 142
335 189
444 163
546 149
661 182
760 192
870 176
979 191
41 234
131 220
232 205
324 209
416 220
516 229
607 205
702 231
799 228
886 223
979 206
22 255
104 256
185 269
281 242
355 255
444 261
530 242
612 232
700 235
790 256
863 243
955 262
5 272
73 279
144 298
220 272
290 272
370 290
443 313
522 278
597 302
669 293
742 300
823 303
897 290
964 293
50 339
124 299
199 307
263 306
324 327
400 324
467 320
529 329
601 307
667 299
735 320
799 324
869 306
937 308
1006 318
31 330
92 332
154 341
214 322
273 358
335 346
396 341
460 351
526 324
585 323
649 349
704 342
761 331
827 331
881 324
951 342
1012 341
15 342
67 359
122 359
186 352
236 360
295 367
352 360
407 359
464 364
517 342
575 350
632 343
689 362
741 363
797 342
854 359
907 360
970 363
35 372
93 358
147 374
197 358
251 373
303 358
356 363
407 357
458 377
512 364
564 357
612 377
665 374
720 380
771 357
822 376
873 377
929 378
24 377
72 386
119 386
164 378
216 371
266 378
316 386
364 393
408 390
461 401
510 378
558 386
609 386
655 385
705 372
751 400
802 389
848 377
896 378
16 383
63 410
106 399
160 383
199 410
247 397
296 383
341 383
385 411
429 388
478 383
522 397
565 396
614 396
661 390
703 397
750 404
796 411
843 411
888 397
45 400
86 407
128 407
170 412
215 393
256 399
301 400
343 413
385 419
432 407
475 394
519 412
562 407
605 419
647 400
690 407
731 407
776 419
818 406
863 407
75 408
114 415
154 415
197 415
235 415
274 415
319 409
357 414
400 407
442 415
483 414
521 417
562 415
606 427
643 427
686 415
728 409
768 420
805 417
848 408
91 427
130 427
169 422
209 416
252 410
287 410
324 427
364 422
407 421
443 421
483 425
519 433
563 422
599 428
636 424
675 427
714 422
755 427
795 422
831 421
111 440
153 422
188 434
224 418
263 422
296 432
335 431
370 428
410 432
448 429
486 432
521 440
557 423
594 429
632 433
670 428
704 428
744 423
778 422
815 429
123 437
161 424
196 435
232 429
269 429
302 441
339 440
371 435
410 425
441 429
478 435
516 446
550 425
585 435
619 441
651 436
690 440
723 425
759 425
793 429
149 441
181 442
216 442
250 432
284 442
319 431
348 452
384 447
416 442
452 442
484 442
518 441
552 431
583 432
615 432
652 441
684 442
720 452
753 441
788 441
164 437
195 437
229 437
259 437
292 437
324 452
354 447
388 447
419 451
449 452
483 447
515 447
549 450
578 447
613 452
645 447
675 447
705 449
736 437
772 452
176 443
207 452
235 451
268 452
296 456
326 452
356 451
391 452
419 447
449 461
482 451
511 452
542 452
573 451
601 461
634 461
663 452
693 456
725 451
755 452
186 452
217 456
246 451
276 447
302 458
332 447
362 456
391 461
419 456
449 447
481 465
509 460
538 456
568 451
599 447
628 456
658 456
686 447
718 456
745 456
203 460
230 464
260 451
287 451
312 464
343 460
373 460
402 451
428 460
457 460
486 451
512 469
543 460
570 464
600 469
627 454
653 456
684 461
710 460
741 462
213 464
239 472
268 464
296 468
323 464
351 459
377 465
405 472
431 456
460 468
486 466
514 459
538 468
567 464
595 460
620 464
650 464
676 464
703 472
730 468
222 463
246 468
275 468
300 472
326 467
350 468
376 463
404 463
428 467
455 468
483 459
507 470
534 468
560 469
589 469
614 459
641 469
665 468
695 476
719 468
