105 173
313 195
551 183
780 146
78 263
270 289
441 294
614 285
782 291
964 245
129 364
278 360
421 367
551 335
718 374
849 369
996 364
60 420
182 426
310 435
426 418
547 430
676 419
809 445
915 407
21 461
134 461
228 462
342 464
453 463
559 461
654 449
763 463
870 439
971 462
62 516
162 470
251 498
343 496
440 514
535 499
634 492
731 491
820 504
912 498
1012 515
40 515
136 516
212 515
298 495
387 516
469 495
548 515
640 515
721 505
811 515
890 519
974 515
5 545
81 543
162 516
229 534
314 515
393 518
461 516
536 524
616 543
692 553
775 544
852 553
933 552
994 535
32 560
108 534
171 543
240 551
313 568
384 534
453 533
518 558
593 551
661 550
729 550
804 550
875 558
937 533
30 563
96 564
156 567
288 554
348 555
482 564
679 563
740 548
873 564
930 555
994 548
9 568
69 562
186 561
421 562
902 561
