290 135
282 134
277 134
272 135
265 134
260 133
253 135
249 135
243 134
237 134
232 135
226 134
219 134
214 133
207 133
203 134
196 134
192 133
186 133
179 134
174 134
168 135
162 135
156 133
150 133
144 133
139 134
133 134
127 134
123 133
295 132
288 134
281 134
277 132
270 134
265 134
258 134
252 133
245 133
239 132
233 134
227 133
222 132
217 134
211 135
205 134
197 134
193 134
186 134
179 134
175 135
169 135
162 134
157 134
149 132
143 135
138 133
132 134
127 134
120 132
299 134
290 132
286 133
279 135
274 135
267 133
261 134
254 132
249 133
243 132
237 133
229 134
224 133
216 133
210 132
204 134
198 134
192 133
186 133
180 134
173 135
167 133
160 133
154 133
148 134
141 134
136 134
129 132
122 134
116 134
306 133
300 134
293 132
287 132
280 132
272 134
268 133
259 134
254 133
248 134
240 133
234 133
228 134
222 132
216 133
207 133
201 133
195 134
189 133
183 132
175 132
170 132
163 133
156 132
149 133
143 134
136 134
130 133
123 133
116 132
311 131
306 134
299 133
290 133
283 132
278 134
269 132
263 132
257 132
251 132
243 133
237 134
229 133
223 134
217 132
210 132
204 134
196 133
189 134
181 132
176 133
170 133
161 134
154 131
148 134
142 134
135 133
129 133
122 133
113 134
318 133
310 133
302 133
294 133
288 134
282 133
274 133
265 134
258 133
253 134
245 134
237 132
231 132
224 133
216 133
209 133
202 133
193 131
187 133
180 133
174 133
167 133
158 133
153 133
145 133
138 133
131 132
124 131
117 132
107 134
325 132
317 132
310 132
302 132
294 131
287 132
278 132
270 131
265 132
258 132
250 132
243 132
233 132
225 133
220 133
212 132
203 131
197 132
189 131
182 133
173 133
165 132
160 133
151 131
143 133
136 132
129 132
121 132
112 131
106 133
332 131
324 132
319 132
310 132
303 131
291 132
284 132
278 132
269 132
262 132
252 132
247 132
239 130
230 132
223 130
214 131
206 130
197 132
189 133
183 132
175 130
168 133
158 134
150 132
142 132
134 132
126 132
120 130
111 132
103 133
333 130
325 133
317 130
309 131
301 130
293 131
285 130
275 130
266 133
258 131
251 131
243 130
232 131
224 130
216 130
208 132
200 131
192 130
184 130
174 130
165 130
156 131
149 131
142 130
131 131
123 133
116 130
106 130
97 132
338 129
330 129
319 129
313 129
304 129
296 131
284 131
276 131
268 131
259 132
248 131
242 129
230 131
223 132
215 129
205 130
194 130
187 131
178 131
169 131
158 129
150 129
142 129
132 131
124 131
114 131
107 130
97 129
337 131
330 131
318 131
308 130
298 128
290 129
279 130
271 129
262 132
252 131
242 131
230 128
221 131
211 128
203 130
194 130
184 130
175 130
163 130
154 130
146 131
134 128
124 130
115 130
108 130
97 131
86 131
333 128
320 129
312 131
300 131
290 131
279 131
270 127
262 132
250 127
237 128
228 130
218 128
209 130
196 130
186 127
178 129
165 130
155 127
147 127
134 127
124 130
117 127
104 131
95 129
84 130
338 130
323 131
314 126
302 129
291 129
279 131
268 127
257 130
244 129
235 127
222 126
210 127
200 129
189 131
179 126
165 126
154 126
143 129
132 126
123 129
109 129
97 131
89 129
76 126
335 128
323 126
314 128
303 128
290 127
273 126
265 125
252 129
240 128
229 128
217 130
204 128
193 129
179 129
170 128
156 128
144 129
134 127
119 125
109 128
98 128
87 126
75 128
328 127
313 127
296 124
285 127
274 124
262 125
245 127
235 124
219 127
208 127
194 124
181 128
166 127
155 127
142 128
129 125
116 127
101 127
87 127
74 127
64 127
322 127
308 123
294 126
281 126
265 126
251 124
240 128
222 127
207 123
192 127
182 126
165 129
151 126
136 125
120 122
105 127
91 129
76 128
63 128
51 123
323 125
311 124
290 121
276 124
258 122
242 124
227 121
208 124
192 124
180 124
159 124
148 124
131 124
116 124
98 121
83 124
63 121
46 124
31 124
320 125
301 122
278 118
266 122
247 124
229 122
210 126
189 124
171 126
153 122
137 124
117 120
99 125
81 118
61 124
47 126
24 119
325 121
305 122
288 119
266 118
248 119
222 121
206 121
182 120
162 120
142 115
119 120
100 117
79 119
61 124
37 120
14 120
316 121
293 116
271 111
246 116
224 117
196 116
173 119
151 121
124 113
100 118
73 111
53 116
21 120
4 116
324 110
304 111
281 112
247 109
216 112
193 111
162 112
128 111
102 112
76 112
48 113
18 114
298 106
264 105
231 109
189 98
158 104
129 107
96 99
48 109
22 100
313 88
257 90
215 88
165 93
125 85
77 105
42 97
288 65
233 80
173 73
103 86
35 84
281 25
199 41
46 12
