1494 641
1480 623
1439 644
1503 627
1436 639
1386 637
1481 621
1385 614
1361 639
1303 638
1458 617
1378 637
1329 626
1278 638
1244 636
1496 612
1416 603
1368 620
1305 627
1240 613
1215 635
1163 624
1422 582
1347 596
1303 625
1221 598
1195 623
1155 615
1107 634
1084 638
1394 572
1330 574
1216 574
1165 586
1135 617
1100 620
1079 619
1051 631
1033 637
1411 500
1336 541
1219 549
1142 591
1104 597
1052 594
1041 616
998 627
983 615
968 646
947 630
1378 479
1278 481
1142 497
1084 565
1017 579
1003 574
982 604
931 631
929 628
902 628
896 632
883 643
1351 186
1113 408
1070 454
1012 532
934 566
910 577
892 591
876 584
860 622
840 612
841 626
829 631
827 629
870 373
789 489
817 523
777 546
799 576
771 563
758 604
784 600
768 601
762 624
771 630
759 635
765 627
377 219
568 468
584 509
631 515
657 539
659 560
682 595
690 607
690 614
688 627
691 620
710 633
703 626
41 264
222 451
292 497
396 506
465 572
519 560
531 602
570 589
598 622
613 615
615 632
628 622
644 642
3 491
150 505
263 560
324 552
411 597
432 593
468 615
505 611
526 627
538 639
545 643
66 555
192 576
256 590
320 603
375 598
407 621
429 628
460 633
485 636
19 550
145 571
199 608
253 614
298 605
336 626
377 624
411 637
23 576
92 621
162 611
227 609
263 640
310 624
341 636
33 606
107 623
165 608
213 642
259 633
302 650
94 608
138 628
166 632
209 643
7 630
43 630
129 634
150 641
32 619
97 629
0 648
36 633
