84 134
298 95
499 125
708 120
167 216
307 226
452 192
597 196
54 285
176 295
300 286
408 284
520 311
640 269
34 332
126 333
220 333
323 342
419 343
509 316
607 338
703 342
7 366
97 361
175 360
251 363
341 351
424 343
508 350
582 351
669 366
747 361
39 384
104 391
181 383
257 376
326 384
397 383
472 398
541 383
607 383
674 371
749 392
23 400
96 402
160 389
223 393
279 401
340 413
409 393
473 393
533 401
596 400
663 415
718 387
13 402
67 401
115 415
174 401
231 412
289 413
349 407
404 413
461 414
518 400
577 413
636 420
691 408
743 407
