1177 820
1044 825
995 832
945 826
1163 787
1111 793
1064 795
1014 800
973 794
908 789
867 800
814 789
1239 751
1175 763
1130 763
1070 754
1027 764
975 757
921 754
865 759
1242 723
1126 724
1067 713
1014 717
961 715
780 716
1214 683
1144 686
1025 683
966 681
751 674
1237 642
1186 630
1126 629
1009 637
929 633
886 637
819 638
698 626
1290 584
912 582
833 571
784 595
716 577
1305 533
1144 535
1085 534
1017 533
945 535
812 521
1321 436
1108 462
1024 466
954 473
886 473
813 465
718 465
662 472
1332 385
1255 410
1187 401
1083 381
940 407
697 393
1388 328
1282 327
1132 328
1037 309
862 324
711 316
611 334
1406 227
1222 229
1038 216
969 221
877 208
1495 102
1366 113
1298 109
1202 92
994 91
782 110
599 106
