157 11
401 11
652 2
737 15
15 65
88 34
158 58
235 43
309 33
384 37
458 75
525 58
605 60
674 56
751 64
11 89
75 109
142 107
208 90
271 117
333 115
401 118
463 89
528 106
590 89
658 127
722 95
62 135
116 160
169 168
232 135
283 133
338 141
401 140
453 151
516 155
568 168
626 168
685 159
745 167
25 183
73 175
131 187
181 191
228 188
280 174
338 184
389 190
435 184
490 184
543 187
591 168
646 183
700 190
747 183
15 204
62 212
109 225
161 203
206 212
248 197
298 219
346 202
392 225
437 211
484 219
535 204
577 225
626 197
673 211
720 211
39 222
81 234
123 240
167 234
206 247
252 227
293 240
341 221
383 222
427 221
467 240
512 234
552 227
599 221
640 241
683 221
726 227
25 246
61 253
97 265
141 265
182 241
219 259
260 256
301 247
343 257
383 241
423 259
467 241
507 245
543 253
583 253
622 253
667 247
707 241
743 259
7 276
45 270
86 259
123 273
158 259
195 270
232 275
273 259
309 270
348 281
384 272
424 259
461 270
495 281
532 270
569 258
609 270
646 259
684 263
722 270
6 274
39 290
73 290
107 285
144 290
176 288
212 290
247 285
284 278
321 278
356 274
391 285
425 284
461 274
491 285
531 279
563 274
599 290
635 284
668 284
706 295
741 274
18 297
48 302
80 287
114 287
145 302
183 291
215 292
246 292
279 292
313 302
345 297
379 298
410 288
443 292
478 287
509 298
545 287
577 297
610 297
643 298
675 308
708 287
743 298
8 309
37 309
71 309
102 309
132 304
162 318
193 309
226 314
255 314
288 303
319 300
351 300
381 309
410 314
442 314
474 300
503 309
534 300
569 318
599 300
628 311
659 309
695 318
722 300
751 300
4 328
39 315
65 314
95 310
124 322
151 322
184 310
210 319
242 324
272 319
299 319
329 328
359 322
387 310
414 315
445 322
475 314
505 324
532 321
563 315
591 314
620 310
649 324
678 319
705 319
735 315
20 333
50 328
78 320
107 328
132 333
158 328
186 328
213 333
243 320
270 324
298 328
323 328
354 323
381 331
406 323
436 320
463 328
490 328
516 328
546 324
573 337
602 328
627 328
654 328
683 333
712 328
736 328
16 337
44 328
68 328
93 338
119 337
147 341
174 337
201 337
227 337
254 341
277 341
304 332
331 337
359 328
383 328
412 341
437 337
464 337
489 337
513 328
542 337
568 332
593 332
621 345
648 337
673 345
696 328
723 332
2 344
30 339
55 344
80 340
105 344
130 344
154 336
180 344
203 348
227 344
255 336
278 336
305 336
327 348
354 352
379 340
405 340
430 336
453 344
478 336
503 352
527 352
554 336
578 336
604 352
629 344
652 336
679 344
703 336
0 351
21 351
45 343
72 354
95 347
119 352
139 358
163 358
189 343
212 353
238 343
261 354
286 352
310 354
333 346
357 358
382 351
406 347
429 351
455 358
477 353
501 351
525 351
549 351
571 343
595 343
619 351
643 353
669 354
692 343
15 357
36 357
61 357
82 357
105 361
130 357
152 357
173 361
198 353
220 357
244 357
265 357
290 353
314 357
336 357
358 350
381 359
405 350
430 357
452 350
473 361
495 350
519 357
545 361
568 359
588 359
612 350
634 359
656 353
679 357
28 356
51 363
72 363
93 363
117 363
138 363
164 363
185 366
205 356
228 366
251 363
272 356
294 363
319 363
338 363
361 363
383 363
407 363
427 363
451 370
471 356
493 363
516 365
539 356
561 370
583 363
606 363
626 363
650 359
672 363
39 368
61 368
83 368
102 375
125 368
145 368
167 362
188 371
208 368
229 375
252 368
271 368
295 361
316 362
337 371
359 362
378 368
401 361
422 368
444 361
464 375
486 368
509 364
529 375
549 364
571 368
592 371
612 361
635 368
656 362
49 369
71 373
92 376
112 374
131 373
154 367
172 375
194 373
216 367
235 373
257 373
276 373
298 373
317 373
338 376
358 376
378 367
401 367
420 376
441 373
463 373
483 373
504 374
525 373
544 373
566 373
586 375
605 376
626 370
647 373
65 378
86 381
105 377
122 381
144 377
165 379
182 384
202 378
224 379
242 381
263 371
282 381
301 381
323 371
342 381
362 378
383 374
400 371
422 378
441 374
461 378
481 374
499 381
520 374
541 371
559 374
580 381
598 371
619 379
638 371
75 383
93 382
113 376
130 376
150 378
168 382
189 383
208 376
226 382
245 383
264 382
283 379
302 383
323 382
341 388
361 382
379 378
398 382
418 388
437 388
455 383
475 382
495 378
511 385
532 379
550 382
571 385
588 385
606 382
627 378
84 389
101 389
121 380
138 383
157 386
177 380
194 386
212 383
232 380
250 386
267 380
286 380
304 386
323 389
341 386
360 386
378 382
398 386
414 386
434 389
452 388
472 389
489 386
506 380
525 386
545 387
562 389
582 386
599 388
620 392
95 390
116 389
132 395
149 384
169 384
185 389
204 392
223 387
239 392
257 390
276 390
293 392
312 386
329 389
346 390
364 392
384 391
399 395
418 392
436 386
454 392
473 390
489 392
507 395
526 389
543 395
561 384
578 384
598 391
614 391
