408 428
439 422
504 426
491 427
473 427
457 427
438 423
424 427
402 424
388 422
370 428
352 425
507 417
490 418
475 417
453 415
437 418
423 418
403 415
385 407
370 414
351 418
520 408
505 406
488 409
469 408
450 409
434 409
412 408
398 405
376 408
357 409
521 400
502 399
481 400
468 398
444 399
428 398
409 398
388 398
371 400
354 400
530 390
508 388
490 391
472 390
454 388
431 386
414 391
392 389
372 389
353 391
537 377
515 377
496 380
477 377
455 379
435 376
413 378
391 374
376 378
351 373
543 367
519 364
501 365
476 363
459 368
436 357
413 366
396 366
371 363
352 354
541 353
519 352
494 351
477 348
455 354
431 341
411 353
385 347
362 353
337 350
546 339
523 340
504 339
476 338
456 325
431 334
410 339
384 337
358 335
334 337
539 321
517 326
494 323
463 322
443 321
419 312
393 322
367 320
342 323
319 326
566 305
534 303
515 305
489 306
461 302
434 305
405 304
386 306
360 309
328 302
564 291
538 285
508 290
485 286
462 286
433 286
402 289
376 282
351 281
321 288
566 261
534 264
508 266
480 263
450 265
424 266
397 266
365 259
336 264
311 259
579 246
551 238
525 238
495 241
461 239
430 244
401 240
371 243
344 240
306 241
603 211
566 211
539 207
505 203
468 208
442 208
402 206
375 205
339 210
313 210
595 178
563 175
524 173
494 180
462 183
421 175
387 173
350 180
317 178
285 165
629 134
591 132
546 141
513 128
467 140
439 141
389 131
363 137
324 128
280 139
642 91
608 88
562 74
517 83
471 83
435 86
394 79
346 84
317 79
269 87
654 29
618 31
572 31
533 33
488 34
436 23
385 28
337 22
298 23
258 22
