336 144
329 139
317 144
331 141
318 140
307 140
328 139
316 140
307 141
297 144
286 145
328 132
316 138
304 136
292 142
282 142
274 143
321 134
302 132
292 138
279 140
271 144
264 142
256 140
324 130
303 135
293 133
273 134
265 139
261 141
253 139
248 143
314 126
290 131
281 135
263 133
255 137
246 139
240 141
233 142
231 143
332 115
307 119
275 132
262 130
245 134
235 132
231 140
227 143
220 144
217 145
214 140
297 102
266 114
257 121
234 128
230 130
221 134
215 136
209 135
205 140
202 138
200 142
198 143
319 42
246 83
229 115
213 121
209 131
204 129
200 135
190 132
188 141
186 135
186 142
186 144
182 141
165 63
160 106
166 114
170 121
169 127
164 125
171 134
169 134
168 138
170 143
170 141
166 143
169 140
19 21
82 87
104 108
121 117
133 127
138 134
137 129
141 137
145 134
146 139
147 143
153 142
151 143
38 89
74 112
81 120
99 126
109 131
117 134
124 136
128 138
130 141
134 142
138 139
142 140
17 115
52 115
64 126
86 130
93 128
103 138
111 134
111 139
119 138
124 142
124 144
3 110
26 125
47 124
67 138
78 135
86 139
93 141
103 141
108 143
108 145
26 132
41 135
58 135
71 134
80 143
84 141
92 142
100 144
6 134
31 131
45 141
55 135
69 142
73 140
83 143
13 133
26 136
35 137
47 141
58 142
67 143
1 139
15 135
28 140
43 140
47 142
14 137
25 143
38 140
1 141
14 142
24 143
7 141
