53 16
355 63
509 34
814 21
42 106
179 126
296 118
418 90
526 104
653 125
787 123
895 140
1011 104
92 205
205 189
296 188
399 191
510 163
606 190
715 161
818 203
917 159
85 238
171 240
259 242
349 251
442 241
530 243
624 245
712 247
795 216
887 241
979 241
40 280
126 250
206 283
279 282
372 250
449 283
524 271
610 257
688 286
765 296
845 272
931 284
1002 274
33 305
102 303
175 282
248 315
322 304
390 305
458 313
536 292
612 309
682 292
750 309
825 324
892 291
959 305
57 307
119 337
189 307
257 309
314 330
387 347
447 328
518 326
580 330
642 345
711 317
775 337
838 333
909 337
969 347
37 346
99 345
160 345
223 335
276 345
334 353
400 346
459 354
517 334
576 345
637 345
703 345
757 328
820 334
883 345
938 328
998 327
18 361
69 368
130 351
184 365
241 353
290 370
353 364
404 361
461 360
513 360
573 369
626 364
683 370
740 360
797 361
849 345
908 360
971 368
44 374
97 359
149 380
196 391
254 361
305 374
354 375
412 361
461 375
509 360
563 375
614 383
666 391
721 375
767 383
820 375
872 366
929 366
37 373
78 402
128 395
175 388
227 373
273 392
321 387
368 387
419 373
467 380
518 381
567 388
611 387
663 388
713 373
756 387
809 387
855 380
908 387
34 386
68 406
125 386
168 386
208 407
251 399
296 399
343 393
388 391
435 400
477 386
522 386
567 399
614 391
660 406
703 391
754 405
794 406
840 391
885 385
54 409
98 416
144 412
187 409
231 396
273 410
313 401
353 410
399 402
439 416
485 410
526 422
566 409
610 397
653 422
695 397
737 409
779 409
822 401
860 410
78 406
114 431
155 406
195 412
236 418
275 418
314 419
356 421
394 407
432 407
476 431
515 411
553 418
595 406
631 419
673 425
714 419
754 412
796 418
835 421
95 425
133 425
169 419
213 414
247 425
282 428
322 426
361 426
395 428
433 414
474 437
511 420
552 427
586 427
623 427
661 431
700 425
740 431
776 431
816 437
108 437
144 431
183 437
220 431
258 432
291 433
325 437
364 432
401 431
436 433
472 432
509 437
544 432
583 432
619 437
652 431
689 434
726 431
761 431
796 432
134 438
170 428
204 438
240 439
271 449
307 438
342 438
374 443
410 432
445 428
476 438
511 438
547 438
582 438
617 444
650 432
686 432
718 438
751 443
789 443
152 444
184 444
219 434
247 447
281 434
314 446
345 444
378 454
411 434
443 434
475 439
509 435
545 444
576 434
606 454
639 449
672 449
707 444
740 449
774 449
171 449
205 445
238 440
264 449
298 449
327 451
360 439
392 451
424 439
454 459
485 440
518 459
546 440
577 449
611 449
640 443
673 449
703 439
737 459
768 454
187 445
218 445
246 445
279 445
305 454
338 449
369 449
395 454
426 450
456 450
485 445
517 445
546 454
579 457
605 445
634 445
667 463
697 454
729 454
757 456
201 463
231 450
260 453
286 467
314 458
346 453
373 450
403 450
430 459
458 463
488 463
514 450
546 461
572 458
600 450
631 450
662 463
687 458
717 463
747 453
212 454
239 462
264 457
295 454
319 462
349 462
377 453
404 466
429 462
458 466
487 471
515 464
543 466
569 464
598 465
626 453
654 465
683 462
707 462
737 471
214 474
241 466
268 466
292 470
321 457
349 470
374 466
400 457
428 466
456 470
482 457
507 461
533 461
561 466
588 468
617 470
643 466
667 466
693 458
721 457
229 469
253 471
278 477
304 465
329 473
358 461
382 473
408 469
435 477
459 461
487 471
512 469
539 477
562 469
588 469
615 469
641 465
666 471
694 473
719 461
