42 119
219 120
414 142
633 152
844 108
72 194
224 223
388 202
539 204
705 230
861 186
7 235
147 250
280 276
400 295
532 282
661 264
806 265
931 267
21 272
136 298
239 282
360 298
467 303
573 297
678 299
793 271
898 274
72 318
155 317
260 319
358 318
450 320
536 298
643 328
729 324
827 319
928 318
27 323
119 317
203 336
286 340
374 346
452 335
534 344
622 335
710 354
787 326
876 346
952 336
19 349
89 332
165 349
244 349
311 349
391 350
469 350
544 349
612 340
688 350
766 333
834 349
912 333
981 349
56 359
126 345
189 376
256 344
322 364
389 363
459 375
527 365
598 360
669 359
732 368
799 364
868 376
928 361
1003 360
42 368
103 383
164 368
234 368
291 368
352 354
419 368
479 354
537 368
605 368
665 360
731 368
788 371
851 368
914 368
971 369
14 378
71 367
133 382
190 382
248 362
299 375
362 362
421 363
472 362
529 368
588 382
644 389
707 382
763 389
822 388
871 375
935 375
991 378
37 381
94 381
148 388
203 369
252 375
305 381
361 394
413 369
466 369
516 387
572 382
624 381
675 381
731 381
785 387
835 369
891 387
944 374
37 389
91 386
141 386
192 387
238 389
288 398
339 380
385 380
434 392
488 387
538 398
585 398
638 386
687 375
740 392
788 387
832 380
882 375
937 386
26 392
72 402
120 385
166 381
207 391
257 380
302 403
349 394
397 397
440 381
486 391
534 397
580 392
627 397
672 403
720 393
767 402
815 380
859 392
905 381
58 396
95 386
141 386
184 399
229 396
272 390
316 396
360 386
401 386
448 386
490 396
533 390
578 396
616 390
660 401
705 398
751 386
792 401
839 396
883 399
73 400
118 399
157 390
200 394
240 390
284 395
322 400
360 395
402 409
447 394
484 402
527 400
570 390
607 400
647 394
692 400
731 390
774 402
814 395
851 390
87 403
128 403
169 403
203 408
242 403
281 394
323 398
362 403
400 394
438 403
476 406
517 408
552 403
593 397
629 403
671 406
709 408
748 394
785 403
822 403
115 415
152 397
188 406
226 402
265 398
301 406
337 406
372 415
408 397
446 398
483 397
522 406
554 414
595 397
628 406
667 410
704 406
738 397
779 410
812 408
136 417
168 409
207 401
238 409
273 409
306 409
345 401
375 410
410 409
446 404
482 409
514 409
552 417
588 413
620 401
654 410
689 409
724 417
762 401
795 401
151 408
184 419
216 412
251 419
284 412
319 412
349 412
382 412
418 415
450 411
480 413
517 416
546 404
581 408
616 414
648 412
682 412
713 419
746 415
777 404
167 414
199 406
230 414
261 417
294 414
326 415
359 418
386 414
419 414
450 421
480 414
515 414
547 418
575 418
608 414
640 407
673 414
703 410
732 406
764 418
184 409
213 416
246 416
275 416
303 416
334 416
363 409
395 409
424 409
454 416
483 416
514 417
543 409
573 419
604 412
634 423
666 416
694 416
723 417
757 409
203 418
233 414
259 425
289 419
319 421
347 415
375 418
405 418
431 421
463 425
489 411
520 425
550 419
578 418
605 411
633 418
664 420
691 420
720 418
751 418
211 413
239 426
268 413
294 416
320 423
349 426
377 426
405 420
430 416
458 420
486 413
516 420
544 420
569 423
597 416
624 413
651 420
678 420
709 420
736 423
231 418
256 423
283 424
308 423
337 424
365 415
388 428
417 415
441 415
469 421
494 423
523 421
548 415
573 421
600 428
627 421
654 424
681 423
705 415
732 421
234 424
259 417
286 417
312 417
337 429
362 423
388 417
412 423
438 419
465 423
488 426
517 429
539 419
567 423
592 417
617 417
641 423
669 423
692 423
719 426
254 419
275 424
298 430
325 427
350 419
372 421
398 427
422 430
446 419
473 419
497 426
520 421
546 421
568 427
594 424
618 421
643 425
665 419
692 427
715 424
255 420
277 427
303 431
326 420
351 422
372 425
395 425
422 425
445 422
468 422
490 425
514 427
538 425
561 427
586 422
609 420
633 425
658 428
682 420
707 425
262 427
285 427
309 428
330 427
354 427
375 432
399 427
422 421
446 427
466 429
492 429
514 423
536 424
559 428
582 421
604 423
627 428
650 428
673 427
698 432
278 428
296 433
321 422
343 424
366 433
388 422
408 433
431 428
453 430
475 422
498 422
520 428
541 428
565 428
587 428
608 430
631 430
653 429
676 428
695 422
278 429
301 429
323 429
343 430
364 430
386 426
409 430
429 429
451 430
472 424
493 429
516 429
537 430
558 424
580 429
601 424
622 431
643 424
665 431
687 426
289 430
308 430
331 430
352 427
371 432
394 427
413 430
433 430
455 432
476 430
497 431
516 425
536 432
559 430
580 430
599 430
620 435
642 432
662 425
683 432
295 435
317 426
335 431
356 426
374 431
396 431
415 431
436 433
457 431
477 431
495 431
517 431
536 426
558 428
576 428
598 428
618 433
636 428
656 431
678 431
