60 43
135 21
240 22
3 167
42 121
96 116
166 119
223 115
312 95
410 52
534 37
35 181
69 183
111 165
154 166
225 145
277 131
359 89
445 113
563 88
690 12
15 195
39 196
71 209
105 183
143 189
186 182
237 162
285 171
348 155
415 157
498 130
582 92
703 101
16 229
38 222
65 220
94 219
123 208
164 187
197 198
239 191
287 205
341 160
397 177
456 140
533 137
617 124
727 125
16 237
39 226
61 232
88 215
113 211
141 207
169 219
206 213
239 200
281 203
322 202
372 202
425 186
479 168
551 150
624 162
705 164
37 232
53 229
77 243
100 224
118 232
145 229
173 219
201 216
238 220
270 223
308 227
350 192
394 203
445 199
494 201
553 169
624 160
701 159
72 239
89 242
111 240
137 244
162 225
187 237
213 225
245 234
275 229
310 209
344 218
383 214
433 218
473 190
532 185
582 204
647 173
714 164
96 257
117 237
138 247
159 243
179 244
207 238
236 236
261 234
292 220
322 228
359 219
395 223
436 232
480 222
530 210
579 191
633 202
702 195
133 253
150 249
172 257
196 248
221 249
243 236
270 240
299 227
327 235
360 226
392 233
429 228
466 231
508 223
553 203
605 206
657 195
715 213
161 248
181 252
203 245
221 249
247 238
269 251
295 234
322 232
353 245
382 227
414 235
448 236
486 236
525 227
565 218
613 221
661 224
716 220
182 252
200 251
218 254
240 257
264 245
287 245
309 252
338 236
363 244
395 237
422 229
456 238
490 241
530 221
568 236
613 227
655 211
707 228
204 258
223 253
243 256
263 256
286 253
309 243
335 250
357 249
386 256
414 250
443 243
475 236
507 239
548 237
580 223
627 231
668 229
712 226
228 253
247 252
263 258
283 249
308 256
328 246
352 257
378 260
404 250
431 250
460 251
491 255
521 248
557 243
592 233
630 242
674 234
714 235
244 265
263 265
282 264
301 259
322 262
342 257
366 260
391 256
413 256
441 254
466 245
496 249
529 249
561 245
595 248
631 241
669 229
707 237
261 264
279 263
299 266
319 265
339 253
361 255
383 258
403 257
429 255
452 258
478 244
510 251
538 250
569 248
600 256
636 244
671 233
715 240
273 266
290 259
307 260
326 266
346 266
367 265
388 263
410 259
435 258
460 257
483 251
511 263
537 255
568 260
599 250
632 253
664 252
702 250
742 248
293 267
311 270
327 266
347 258
365 264
387 263
408 262
428 254
451 268
476 259
501 258
524 257
554 247
580 246
611 255
643 251
674 241
714 242
748 256
305 269
322 272
338 264
357 267
376 273
395 267
415 260
437 265
458 264
481 257
506 260
527 252
555 250
580 257
610 255
640 254
671 253
705 247
740 244
322 271
340 270
356 266
375 270
393 264
412 267
433 269
452 265
475 257
495 267
518 255
542 261
566 260
592 251
621 253
650 252
683 255
710 246
747 261
331 275
349 274
365 267
381 276
400 266
417 269
437 261
457 267
478 266
500 265
522 268
543 263
569 263
591 269
618 260
646 260
675 250
707 265
738 256
343 275
359 276
375 272
393 272
411 274
426 270
447 272
465 272
484 264
506 270
526 262
551 272
574 258
599 267
622 258
648 254
676 264
704 267
734 262
356 277
371 274
385 274
402 276
420 275
438 271
456 271
475 271
493 269
514 269
535 271
556 264
580 267
603 265
627 258
651 264
680 270
704 261
732 264
369 277
385 270
400 280
416 274
431 273
450 270
467 272
487 277
504 277
523 273
545 269
565 269
585 261
610 264
633 260
656 259
684 264
708 267
735 255
380 276
394 271
409 275
426 275
442 269
458 274
475 279
492 272
513 273
532 268
552 271
572 270
593 263
615 271
636 268
662 267
686 269
712 268
740 267
385 282
399 277
415 278
430 273
447 281
463 272
479 269
497 268
515 276
533 269
552 272
574 274
592 265
616 272
637 272
660 262
682 274
709 268
734 269
397 283
411 278
424 277
441 274
455 282
471 273
488 281
504 275
523 274
541 277
559 268
579 275
599 266
620 274
642 267
663 264
686 269
708 265
732 268
404 279
419 279
434 275
448 280
465 275
480 277
497 281
511 276
530 278
546 276
565 275
584 274
604 273
622 275
644 268
665 268
686 267
710 264
734 263
410 280
424 280
436 279
452 279
467 280
483 280
497 280
513 277
528 272
546 278
566 276
582 275
601 275
619 274
640 273
659 273
683 275
704 274
727 271
749 270
420 281
434 283
447 280
460 280
476 279
491 279
506 273
521 273
539 277
556 282
572 278
592 277
610 281
627 275
647 269
668 268
687 270
710 273
732 273
426 284
438 277
453 285
466 280
480 275
496 279
510 274
527 274
542 278
559 278
574 282
594 277
609 279
629 271
648 270
667 272
687 274
710 276
729 273
429 282
443 278
456 279
468 283
483 281
498 276
512 278
528 284
543 281
558 274
575 278
590 275
609 282
625 277
645 276
665 278
684 278
705 280
723 271
744 276
435 280
449 280
461 283
474 280
488 282
502 285
516 276
531 283
546 285
562 284
578 274
594 279
611 283
627 273
647 272
665 277
684 279
704 278
723 276
744 269
445 283
457 283
470 283
483 284
497 284
510 282
524 279
537 278
553 281
569 280
585 280
602 282
618 279
635 281
652 278
669 275
689 272
709 277
726 271
749 270
447 282
461 280
474 283
486 283
500 280
513 282
526 286
542 282
555 286
570 281
584 276
603 280
618 281
634 276
652 279
669 278
685 273
705 275
724 280
743 277
457 284
468 280
482 284
494 281
509 287
521 279
534 283
548 282
562 283
579 283
592 277
608 281
625 281
639 276
657 282
674 279
693 280
709 278
727 273
747 275
461 281
473 283
485 285
499 288
511 284
525 284
537 285
550 285
564 280
579 284
594 278
610 282
626 281
640 283
656 281
674 285
689 280
709 279
726 276
746 283
464 288
477 287
489 285
500 287
514 285
526 284
539 284
552 285
567 287
581 283
594 280
609 282
623 282
640 282
655 283
672 283
689 283
705 278
722 280
742 279
472 288
483 287
495 282
508 287
520 285
532 287
544 284
559 284
572 286
586 280
600 281
613 283
629 283
643 282
659 282
675 284
690 277
708 279
725 278
743 280
