967 423
1012 429
962 419
931 423
981 412
954 416
924 428
1013 401
972 423
929 422
898 426
884 428
965 412
915 420
882 431
844 430
822 429
1003 397
952 405
903 424
854 407
834 426
803 429
773 424
966 398
893 415
860 411
808 403
787 421
765 418
751 427
728 429
991 371
904 401
829 387
804 395
779 423
743 416
723 425
703 419
692 430
681 431
925 370
848 367
798 398
749 393
731 403
695 410
683 422
660 425
648 424
639 422
634 431
969 284
821 313
754 362
705 383
672 394
651 383
635 394
632 405
607 408
611 422
593 425
594 429
845 144
681 248
675 313
618 346
609 378
597 398
589 400
572 401
570 413
560 419
562 423
555 428
544 433
435 161
488 258
505 343
517 327
489 368
498 369
500 411
510 392
504 413
503 416
506 426
510 425
509 429
173 157
294 304
346 341
396 360
395 389
402 390
424 399
433 409
448 415
458 418
463 414
461 422
464 437
126 284
258 345
266 364
317 385
349 411
379 407
386 404
394 416
401 420
410 424
421 423
431 434
85 344
180 366
223 387
278 395
306 417
330 399
344 404
353 420
370 425
369 427
392 423
34 348
105 397
166 376
217 407
256 415
283 410
298 419
310 423
331 435
344 422
21 377
91 409
132 401
190 398
222 405
242 420
268 433
290 427
301 426
14 411
74 403
134 404
168 410
194 421
208 424
247 420
254 430
43 412
89 414
113 418
149 418
184 431
206 429
34 420
83 423
120 425
131 435
171 422
30 409
66 424
100 427
127 425
59 418
76 437
3 421
30 437
16 430
