523 300
513 300
499 301
490 300
478 301
464 300
453 302
442 298
429 300
420 297
404 298
393 298
384 300
371 300
359 301
347 300
337 298
324 300
313 297
302 297
288 298
276 302
263 301
252 300
239 297
229 298
217 300
207 301
195 302
185 300
524 299
513 299
501 298
486 300
476 299
465 300
453 297
439 297
427 298
416 299
401 299
388 298
376 298
365 297
355 299
340 297
329 297
316 299
303 299
292 298
279 297
269 300
256 299
244 298
229 300
219 302
208 297
193 299
181 300
170 297
536 299
525 299
511 299
497 299
484 300
474 299
460 301
448 300
434 297
423 296
409 299
397 301
383 299
371 296
357 299
344 299
334 299
323 300
308 300
298 299
282 300
269 299
259 299
245 299
234 299
220 301
207 296
196 300
184 300
171 301
540 298
527 297
514 298
498 297
489 299
476 297
462 298
448 295
437 301
421 300
409 298
393 297
381 300
368 298
354 298
341 296
330 300
315 301
304 299
290 300
277 298
265 298
250 295
238 301
223 299
209 297
197 299
184 298
170 296
158 296
548 301
536 295
521 295
509 296
493 298
483 298
465 296
456 298
443 301
427 296
412 298
400 296
387 295
373 301
359 301
344 296
333 295
316 299
301 299
289 299
273 298
263 298
248 298
235 295
222 301
204 298
196 298
179 296
165 298
151 299
556 298
544 297
530 297
515 298
498 294
487 298
469 295
456 298
440 297
430 298
411 298
401 300
384 295
372 297
357 295
342 298
327 300
314 299
299 299
282 297
270 299
256 294
239 297
227 297
214 297
200 297
184 297
167 298
154 297
140 298
579 297
562 293
547 300
534 296
514 294
501 294
487 296
472 295
457 294
443 296
427 298
410 293
397 296
382 296
365 298
351 298
339 296
318 293
303 294
290 298
274 293
259 296
242 297
232 293
216 299
199 298
183 298
172 296
152 294
138 293
590 296
573 299
553 297
541 299
525 296
508 299
490 292
475 296
462 296
442 292
430 295
410 297
397 292
380 294
362 292
349 294
334 295
314 299
301 296
285 292
266 295
254 295
239 292
221 294
204 295
188 296
170 299
159 294
143 299
124 293
604 291
586 296
572 291
552 291
533 291
518 291
502 295
485 295
472 296
455 293
436 291
421 291
404 291
387 298
366 295
352 298
334 295
320 295
305 295
283 295
269 296
250 293
237 295
218 297
204 295
185 293
169 296
154 291
134 293
117 296
619 290
603 297
580 290
567 294
549 290
533 294
510 296
497 294
478 294
461 294
443 295
422 294
405 294
389 290
372 294
353 296
332 294
313 295
295 295
278 294
261 294
243 295
230 294
213 292
190 296
178 290
156 294
136 294
122 294
104 298
636 289
620 294
603 293
582 289
564 289
546 289
523 293
511 293
490 293
468 295
450 293
434 294
414 293
394 290
378 293
354 289
341 295
321 290
298 290
283 293
265 295
246 289
223 295
205 293
189 293
171 289
151 293
129 294
113 297
95 293
658 293
636 291
614 291
595 289
569 287
554 291
531 291
514 292
494 287
470 292
450 291
433 289
414 292
390 294
369 296
356 291
335 293
314 293
291 292
274 287
253 291
232 294
213 291
193 292
174 289
154 289
128 291
113 291
93 294
71 291
660 285
641 294
621 285
598 290
575 288
556 290
529 287
508 292
486 292
464 290
443 286
426 287
405 292
378 290
360 286
337 290
318 295
293 290
273 290
252 290
231 294
205 290
189 290
164 291
145 290
121 290
102 291
79 287
54 288
662 288
633 283
614 285
589 288
565 283
541 291
521 293
492 283
470 293
450 288
428 288
405 288
382 293
357 293
334 288
311 290
282 288
265 291
235 285
215 284
191 283
170 288
147 288
124 283
96 288
79 285
57 284
25 290
670 286
638 286
615 281
590 286
564 281
541 281
511 281
485 286
467 286
439 291
417 286
388 283
360 286
334 281
314 291
283 286
264 286
238 289
206 289
182 281
159 286
135 289
103 283
87 289
53 289
34 286
0 286
654 278
623 278
604 286
572 285
546 289
517 281
491 280
465 284
431 289
406 284
382 284
348 278
323 289
295 290
266 289
238 284
210 289
183 284
156 280
132 287
95 286
70 284
48 278
4 284
666 277
630 275
603 275
571 275
545 281
508 288
482 284
449 281
423 281
390 278
364 281
325 282
296 278
262 281
242 281
212 278
170 282
147 277
109 282
84 278
55 281
22 281
674 270
641 277
612 285
570 277
533 277
500 285
469 280
435 273
405 277
364 270
326 277
300 277
259 277
220 284
195 278
158 277
122 270
95 278
53 285
12 277
631 264
594 263
556 272
522 264
485 272
446 276
405 280
355 264
327 276
285 273
240 264
208 273
164 271
118 272
84 274
47 274
649 261
590 272
547 261
501 267
462 267
406 267
363 269
330 270
280 261
239 270
183 270
144 268
88 269
66 258
15 267
642 271
589 260
528 256
485 259
427 265
371 249
321 255
266 253
224 248
173 260
112 253
56 260
10 259
634 248
565 248
504 252
435 235
372 248
315 249
250 260
200 242
128 249
51 248
609 216
536 240
454 215
398 216
317 236
230 213
126 235
69 233
623 198
472 211
362 202
276 199
160 196
51 208
605 106
435 121
248 135
80 113
