138 63
327 83
541 47
720 23
934 106
1135 52
1334 79
82 131
249 143
388 165
565 180
743 167
893 165
1067 151
1218 127
1377 125
4 255
145 251
280 271
440 216
570 249
711 258
844 213
995 219
1125 213
1278 236
104 306
234 326
358 326
475 302
605 327
729 290
850 344
971 345
1088 305
1218 362
1325 294
50 386
167 371
262 367
383 338
492 353
608 352
718 356
828 368
937 383
1038 369
1157 401
1259 370
1367 337
11 380
102 407
206 408
303 409
400 422
497 381
594 381
695 383
800 378
905 408
1000 410
1095 421
1196 393
1291 409
68 469
159 427
251 445
344 443
427 455
526 426
618 440
711 423
796 441
887 416
976 414
1068 413
1157 439
1255 465
1336 413
32 451
109 473
192 478
278 443
363 467
442 453
537 444
618 479
693 467
777 456
864 465
947 467
1025 452
1113 478
1203 466
1287 466
1368 454
20 494
97 512
186 492
256 501
329 514
411 468
485 498
563 502
638 503
722 497
798 501
878 492
949 468
1030 479
1114 501
1184 501
1262 491
1343 501
47 508
115 530
193 487
268 514
337 509
409 508
484 508
558 531
629 489
694 520
773 510
846 509
912 487
991 520
1056 532
1124 510
1208 519
1278 530
1340 510
35 515
90 526
159 536
234 508
305 508
366 506
435 516
499 527
567 527
632 527
697 536
768 533
838 546
903 538
961 516
1029 516
1101 526
1170 528
1229 508
1296 527
1368 527
18 523
70 560
135 542
203 552
261 542
328 524
393 543
451 552
517 542
573 543
639 542
703 541
761 523
824 530
894 543
953 531
1013 552
1079 561
1144 523
1203 531
1268 531
1334 546
48 554
110 560
169 554
224 554
293 538
345 554
405 560
465 544
519 573
582 563
642 572
704 556
762 555
815 555
874 538
939 564
1000 555
1059 544
1116 564
1175 564
1232 545
1291 564
1358 572
32 569
78 585
142 552
196 558
253 559
308 551
361 558
416 577
470 560
531 568
581 552
637 551
698 559
749 551
802 567
859 559
919 558
969 559
1023 551
1082 576
1142 569
1191 558
1250 552
1307 568
1364 558
20 579
73 570
121 579
181 580
226 587
285 572
332 594
386 580
441 587
496 588
542 579
594 595
651 564
700 563
755 563
808 572
859 594
915 563
963 580
1018 587
1071 570
1126 579
1181 586
1226 571
1279 563
1335 582
1383 580
1 597
59 573
107 574
154 589
200 604
250 589
303 573
350 589
404 604
449 597
502 589
552 596
602 592
649 596
705 588
749 581
798 597
852 589
902 589
948 589
996 574
1055 588
1100 573
1147 604
1200 597
1247 581
1299 573
1353 596
50 598
95 598
140 605
191 598
238 598
287 583
332 590
377 613
427 598
471 605
519 598
568 584
616 598
663 605
708 602
760 583
803 605
854 605
897 598
947 590
993 605
1041 612
1090 597
1132 589
1185 602
1237 602
1276 584
1331 605
29 609
75 613
120 598
166 598
210 598
258 606
299 613
349 593
389 592
433 606
479 598
529 606
569 620
617 593
664 598
707 606
749 599
798 593
838 620
887 609
932 613
975 606
1020 606
1069 620
1112 613
1159 610
1203 610
1245 592
1289 613
13 613
60 613
98 613
144 600
187 600
225 612
274 613
316 605
359 615
404 613
444 615
492 600
531 600
573 600
615 599
661 613
705 605
747 615
792 600
832 605
880 615
918 605
963 606
1005 613
1047 606
1095 613
1138 606
1176 600
1221 619
1264 606
32 611
69 632
113 618
153 625
202 611
241 606
278 624
325 611
363 610
405 605
446 611
488 621
531 619
572 619
613 621
658 611
694 619
738 625
782 621
823 618
864 606
901 606
946 632
986 611
1031 619
1069 631
1112 605
1152 606
1198 625
1234 606
55 626
100 624
142 612
178 636
219 628
258 624
302 624
339 617
380 630
421 624
458 624
503 624
540 624
580 612
624 624
660 636
698 630
742 617
783 612
824 624
861 612
904 624
943 626
977 612
1023 611
1060 630
1105 624
1145 624
1178 612
1221 611
73 629
112 622
152 633
188 629
231 629
271 622
307 641
348 624
383 629
425 629
461 622
503 617
538 630
576 635
617 622
654 629
696 617
734 624
770 629
810 641
846 629
883 617
928 635
967 641
1001 622
1038 622
1080 629
1119 629
1156 635
1194 618
103 635
135 640
176 640
216 627
255 623
290 634
329 628
361 640
397 646
438 627
477 627
510 635
550 634
583 635
622 623
660 623
696 634
735 640
773 635
810 629
843 638
884 623
921 637
956 640
995 635
1031 638
1070 623
1109 634
1146 634
1179 628
134 639
168 639
202 650
236 639
273 644
313 634
347 639
382 634
417 632
454 639
489 639
524 645
561 639
598 633
634 639
668 639
706 634
742 650
776 628
814 634
848 641
885 633
922 639
957 632
991 639
1028 628
1061 633
1102 639
1140 650
1175 641
143 655
178 637
212 633
246 644
282 638
317 633
352 633
386 633
419 644
453 646
487 655
522 644
558 649
594 649
626 647
660 644
697 646
732 647
764 647
798 633
833 643
870 644
902 633
941 654
974 644
1007 633
1040 633
1077 647
1111 637
1146 655
164 642
195 648
231 650
267 648
297 648
331 648
366 650
399 650
432 648
463 642
498 648
534 649
565 658
600 638
630 648
663 654
698 638
733 648
766 642
797 659
829 642
865 650
895 642
929 642
964 638
996 638
1030 650
1066 648
1097 648
1128 642
188 653
221 652
250 658
285 663
319 647
353 643
380 655
411 655
447 657
480 652
512 652
545 653
573 657
607 652
637 647
673 653
701 653
733 646
767 653
798 658
830 653
865 653
895 643
927 663
960 647
993 655
1023 643
1056 653
1085 643
1123 653
201 656
237 656
264 656
296 656
330 647
359 650
388 651
421 661
451 661
482 656
517 656
543 666
575 656
608 652
638 666
672 647
702 656
734 656
765 656
796 656
827 652
855 657
887 659
918 659
951 651
981 652
1014 656
1045 656
1076 656
1107 652
213 665
239 669
273 654
302 654
334 660
364 650
394 659
426 669
456 650
487 655
517 663
545 660
576 655
606 660
635 655
664 669
697 664
725 650
757 650
785 650
818 660
849 660
877 660
906 650
936 664
971 669
997 659
1027 654
1058 654
1093 669
231 663
262 665
289 657
317 672
348 667
375 672
408 667
436 653
466 667
494 663
523 667
552 662
582 667
613 653
644 663
674 653
702 663
731 658
759 657
789 663
817 662
849 658
878 663
907 657
938 662
967 662
996 663
1027 667
1055 664
1085 653
242 668
269 675
299 666
329 657
357 666
386 670
413 666
442 670
472 657
497 666
527 666
556 657
582 666
613 657
640 666
670 666
700 666
726 657
755 666
785 657
811 675
843 666
869 670
898 670
929 666
955 657
985 661
1012 666
1043 670
1069 657
254 668
281 668
309 668
337 673
363 677
393 668
421 660
446 663
473 663
501 668
530 677
558 664
585 673
612 673
640 671
670 668
697 670
725 663
753 673
781 660
807 660
834 663
865 673
892 668
918 668
947 668
978 673
1001 663
1029 660
1058 669
267 671
294 671
317 671
346 671
373 666
399 671
427 675
453 674
484 671
509 663
534 679
563 674
590 667
617 675
646 671
673 666
697 679
725 674
754 663
781 671
805 671
835 673
859 663
890 675
916 675
944 662
969 663
995 663
1024 675
1049 671
275 678
303 668
327 665
353 673
381 682
406 669
432 673
458 673
486 678
512 673
537 673
566 668
593 682
619 675
644 669
669 673
695 673
724 682
748 673
776 674
802 673
828 673
853 669
882 674
907 673
936 673
958 665
985 669
1013 668
1040 673
282 684
309 676
333 680
357 677
384 668
411 676
437 671
462 671
486 684
516 668
538 676
566 680
591 684
617 668
642 677
669 671
696 678
720 671
745 676
772 676
797 668
821 668
849 676
876 680
900 672
926 680
951 668
978 676
1002 668
1027 668
295 678
322 670
345 682
372 674
397 678
422 680
446 682
471 673
496 671
523 671
548 670
573 681
599 678
623 678
648 681
671 670
696 680
723 678
747 671
772 681
796 670
824 670
849 680
873 681
899 678
922 678
950 678
973 674
997 682
1023 678
306 684
331 688
358 684
383 673
404 680
429 680
456 684
479 684
504 680
529 684
553 676
577 684
602 676
625 673
650 688
673 677
700 680
724 684
747 677
773 684
797 682
822 688
846 681
869 680
895 673
918 673
943 682
966 682
990 676
1016 673
