96 218
364 265
679 216
915 158
34 272
226 323
425 312
635 316
848 271
110 382
272 349
430 380
587 409
743 393
899 379
63 391
189 415
320 427
443 405
577 390
701 417
826 403
961 399
27 443
128 443
241 430
348 455
456 448
569 445
679 420
798 450
899 421
1011 444
82 453
185 464
271 464
369 464
467 474
564 469
646 465
743 444
845 470
939 468
30 485
119 495
200 486
280 495
368 478
462 460
543 494
627 478
716 495
794 477
881 494
964 486
15 489
95 497
175 482
244 505
323 474
404 480
473 489
557 505
633 505
707 498
781 489
859 494
931 482
1010 489
45 507
122 500
183 507
253 500
319 500
390 491
460 499
529 486
596 499
663 514
735 485
800 500
866 493
944 499
1011 503
46 514
113 515
174 512
239 515
302 502
356 500
426 508
484 496
544 515
606 508
671 515
730 521
798 508
862 508
922 500
983 501
