0 10
336 16
442 4
786 26
57 84
148 97
255 79
337 72
424 74
527 97
615 58
696 54
782 56
52 111
120 130
200 142
272 133
350 134
417 142
495 133
570 131
642 110
730 141
35 172
94 172
157 171
217 175
285 169
356 158
420 186
484 169
544 177
605 155
670 179
737 160
5 191
62 190
121 192
172 207
226 214
284 199
345 199
396 199
455 207
515 199
564 193
628 206
677 184
730 201
788 185
14 221
66 211
118 213
166 213
217 208
265 206
311 222
366 211
417 228
467 234
517 220
565 221
614 221
668 236
719 227
761 207
8 225
45 238
88 237
133 251
187 224
231 229
274 225
321 224
362 231
411 223
458 237
504 238
549 237
597 251
637 226
685 238
731 245
774 242
25 251
64 263
111 252
154 251
196 240
239 251
280 240
321 264
362 252
403 239
445 255
488 252
529 240
572 244
608 245
653 255
698 253
739 258
776 252
26 264
65 257
102 252
143 252
175 269
215 268
253 263
294 269
335 257
372 258
408 267
447 269
486 257
524 263
563 263
602 270
639 263
678 263
712 257
753 257
790 264
16 269
53 274
87 279
121 279
158 279
192 263
228 284
267 264
301 274
333 268
373 262
405 273
441 279
476 284
511 263
547 263
585 263
622 273
656 264
689 267
726 267
761 263
2 282
34 283
65 283
101 293
135 282
166 273
200 284
230 292
265 285
300 286
331 277
365 288
396 278
433 292
465 285
499 277
529 293
561 273
597 288
628 283
661 273
696 276
732 282
763 273
2 293
32 300
67 282
99 286
130 291
158 291
189 282
220 294
254 286
281 300
312 291
345 292
374 294
403 293
436 291
465 291
499 291
529 282
562 294
590 287
620 286
652 291
681 282
712 282
743 282
777 294
1 302
29 299
57 298
88 298
117 289
149 289
175 298
204 298
232 292
262 307
289 302
319 293
349 293
378 290
406 307
435 298
464 298
493 292
521 290
552 298
580 293
608 307
638 298
666 293
697 292
727 298
755 292
780 289
22 307
53 304
76 303
106 303
132 307
158 303
191 304
215 304
241 307
269 308
297 304
325 308
352 308
378 298
408 311
436 312
464 307
489 304
514 299
543 303
572 306
600 298
625 304
655 312
682 303
707 304
738 307
765 311
10 304
31 312
60 308
86 308
112 304
137 312
165 304
189 310
216 308
243 316
268 312
295 310
321 312
346 304
373 309
399 310
426 310
451 313
476 304
500 300
526 304
554 308
579 300
608 308
634 308
662 316
683 304
713 312
735 301
6 317
31 314
51 313
77 313
104 306
128 317
152 313
175 313
201 313
227 315
249 315
275 313
302 306
324 306
348 309
375 313
399 317
423 309
450 317
471 306
497 309
524 313
548 309
573 313
597 313
621 313
645 314
670 313
696 309
718 313
19 321
45 321
67 321
94 311
114 317
139 321
162 320
185 317
212 311
234 321
259 318
280 321
304 317
328 314
353 311
374 321
397 313
423 318
443 313
468 311
491 314
515 317
540 325
563 321
588 325
610 313
634 318
658 325
682 317
703 321
42 321
64 321
89 321
109 325
131 328
157 314
177 314
201 325
223 325
246 328
266 321
291 315
312 328
336 315
356 328
379 321
402 314
425 321
447 321
470 314
491 321
514 321
538 321
560 321
580 321
606 321
628 323
650 323
674 317
694 315
57 325
79 319
102 318
119 328
142 328
165 319
186 318
206 332
230 325
248 325
271 325
293 331
314 321
334 319
358 321
379 328
398 325
421 321
442 319
463 328
486 325
508 325
527 325
552 331
573 331
593 332
612 318
637 331
657 325
680 327
71 328
90 328
113 322
131 331
152 328
174 328
195 325
215 324
236 325
256 322
275 331
298 322
316 328
339 324
358 322
379 331
401 328
420 331
440 322
460 331
483 328
503 328
522 328
545 324
563 322
584 328
607 328
626 331
645 328
668 331
87 331
107 328
130 325
145 334
168 325
188 328
205 328
225 333
245 331
266 332
285 332
303 325
323 332
343 328
363 326
383 328
403 331
423 331
442 328
459 326
482 334
500 332
521 328
538 335
561 333
577 332
597 332
619 333
637 334
657 337
100 331
119 334
136 337
156 334
174 334
194 334
212 331
233 334
249 335
269 337
287 334
309 334
325 328
344 337
364 331
382 337
402 331
420 337
441 328
458 340
478 334
497 328
515 331
534 334
554 334
571 334
589 328
612 340
627 334
646 328
106 334
126 334
142 338
162 333
178 339
195 339
214 337
234 337
251 337
271 331
287 337
306 342
325 342
342 331
360 339
379 331
396 338
416 331
433 331
451 337
470 337
488 333
505 337
523 331
542 337
561 337
578 338
597 331
617 342
633 331
121 334
136 342
155 339
171 336
188 337
207 336
225 334
241 339
258 345
276 341
294 339
312 337
328 339
345 339
362 345
380 337
398 340
417 339
434 339
451 337
468 341
486 339
502 339
519 339
539 342
554 336
571 337
591 336
608 334
624 339
131 339
146 347
162 339
178 344
197 337
214 342
229 344
245 344
263 342
279 342
297 347
312 342
330 342
348 343
364 339
380 342
397 347
413 342
432 342
448 342
465 342
481 344
498 342
514 342
532 342
548 342
565 342
581 337
598 347
616 339
142 347
160 344
174 345
193 344
206 349
224 346
240 339
255 344
273 349
288 344
305 339
320 344
336 344
353 347
370 346
386 339
401 339
417 344
433 341
449 346
466 339
481 347
498 342
515 344
530 344
546 342
562 347
580 344
596 344
612 344
148 347
164 346
180 346
195 346
211 348
226 346
243 343
258 343
272 346
289 346
305 341
320 347
337 346
351 343
367 348
383 351
397 346
415 346
429 347
444 341
461 351
477 341
491 341
507 341
522 346
540 346
555 346
569 346
586 348
602 348
160 346
175 345
190 349
203 349
220 345
235 345
250 350
266 346
281 348
296 343
310 349
325 343
340 348
355 350
370 348
386 348
400 349
415 348
430 348
446 350
462 348
476 343
490 350
506 343
522 350
536 348
551 348
567 348
581 343
596 349
167 350
182 350
196 352
213 345
227 350
241 345
255 352
271 354
284 351
299 350
314 354
329 352
343 350
358 350
373 350
388 350
402 350
417 345
432 345
445 345
460 347
475 350
489 350
505 350
518 345
534 352
549 352
563 350
576 354
590 347
170 356
185 356
200 349
213 351
227 349
242 351
254 353
269 353
283 351
299 351
313 347
326 354
340 351
355 347
369 354
383 353
396 351
411 347
425 353
440 353
452 354
468 349
481 347
496 351
510 351
524 351
537 347
553 356
567 356
581 354
179 353
193 357
206 357
221 353
234 353
247 357
260 353
274 349
289 351
302 349
316 350
330 354
344 349
358 353
370 350
385 349
397 349
412 353
426 353
439 349
454 353
466 354
480 357
494 350
508 353
522 355
536 357
549 357
563 349
576 353
188 352
201 354
214 354
227 356
242 352
253 356
266 354
280 358
293 356
306 354
321 356
333 350
346 354
359 354
373 354
386 350
401 350
413 350
427 359
441 356
454 354
466 350
479 356
494 354
505 352
519 354
533 354
547 354
558 350
573 358
193 358
204 356
219 352
231 352
244 353
256 358
270 352
282 354
295 352
308 356
322 353
335 356
348 353
360 352
372 354
385 356
398 356
412 360
424 356
438 358
450 352
464 354
476 358
489 356
502 358
514 356
528 356
539 352
553 358
565 352
200 353
212 359
225 355
237 355
249 358
261 357
274 357
287 359
298 358
311 355
324 353
337 357
349 359
363 357
375 355
387 355
400 353
412 357
424 353
437 357
449 355
463 357
475 359
488 357
501 359
512 361
526 357
537 357
550 355
562 359
205 360
217 360
228 360
240 362
253 362
266 358
278 358
290 358
303 360
315 358
326 359
339 358
352 359
363 360
376 358
388 362
401 362
413 358
424 358
436 360
450 356
462 359
474 360
485 358
498 356
510 358
522 358
535 356
548 358
560 358
207 359
217 359
230 361
243 361
255 357
267 357
278 359
289 361
301 359
314 356
325 359
338 356
349 359
362 357
372 359
385 359
398 357
409 356
421 356
432 359
445 363
457 359
468 357
481 361
492 361
505 363
516 357
528 359
541 359
552 359
211 360
222 362
235 360
246 360
257 357
269 362
280 360
293 360
304 360
315 360
327 357
339 360
351 359
362 357
373 361
385 358
397 357
408 362
420 360
431 358
444 364
455 357
467 364
478 360
491 362
502 361
514 361
526 362
537 360
549 362
216 359
227 361
238 359
250 361
261 359
271 359
283 361
294 361
306 361
318 363
328 361
339 363
351 362
363 359
374 361
385 358
397 365
408 361
420 358
431 363
442 358
454 361
466 363
477 363
488 362
499 358
511 361
522 361
533 362
545 361
