1700 430
1603 443
1847 415
1647 437
1612 432
1560 431
1521 441
1830 399
1676 377
1614 423
1574 432
1534 426
1483 405
1457 441
1868 378
1615 422
1571 409
1523 430
1490 432
1797 360
1688 388
1621 388
1491 425
1402 429
1357 443
1319 439
1709 389
1618 332
1532 410
1430 410
1324 432
1282 407
1568 376
1461 400
1340 418
1219 442
1361 360
1335 395
1281 389
1155 434
1200 370
1131 411
1127 413
1105 417
1093 428
1068 435
1030 412
1049 423
1020 413
1015 419
1002 436
915 387
933 404
918 416
916 412
924 427
940 436
925 424
933 434
937 444
761 379
782 394
826 409
842 424
867 427
875 434
597 395
720 397
753 428
775 434
786 431
791 427
814 408
402 386
524 398
577 397
600 406
672 423
691 431
303 361
495 409
552 426
596 414
657 433
659 404
687 434
210 310
268 396
371 390
489 427
516 421
610 423
640 413
101 387
414 424
548 443
173 406
315 420
492 410
385 422
426 440
2 414
110 429
239 431
325 438
385 443
