787 446
770 446
754 452
737 450
722 451
702 446
687 453
667 450
650 450
630 448
614 451
593 452
576 451
561 451
542 450
524 450
508 453
489 446
471 450
452 446
435 453
417 450
397 451
386 450
367 446
348 450
327 446
311 451
296 450
279 448
799 449
784 447
763 445
745 449
728 449
709 445
694 449
677 453
656 445
637 447
619 450
602 453
581 451
564 449
543 449
526 450
506 449
488 451
474 450
454 447
432 445
419 450
399 449
379 447
362 449
345 451
323 449
305 449
288 445
268 447
808 448
795 444
773 444
758 452
738 444
718 445
697 448
677 447
659 449
639 444
620 448
600 452
586 449
566 450
545 448
528 449
507 452
492 448
468 448
449 447
430 448
414 450
396 448
374 448
354 444
337 448
315 452
300 444
279 452
258 446
817 450
797 448
776 449
753 445
736 448
712 445
696 448
670 448
650 448
636 445
615 452
594 448
575 448
552 447
537 447
514 449
492 449
477 443
455 448
433 445
415 443
397 443
375 447
357 447
339 448
316 448
295 450
277 448
259 452
234 448
829 446
809 444
789 446
761 444
742 446
723 442
699 444
683 444
660 444
639 446
615 442
596 444
575 449
555 442
533 447
513 447
490 447
471 447
455 444
432 442
409 447
387 442
367 446
349 446
328 446
305 447
288 442
262 449
240 444
217 451
853 441
834 448
813 445
786 441
769 442
744 443
727 447
702 445
679 443
657 441
638 445
608 446
592 441
566 445
543 443
524 448
500 441
478 441
456 448
439 445
415 446
389 448
368 441
348 445
327 448
303 446
285 450
261 450
233 445
215 447
878 440
851 439
827 440
805 446
780 444
762 440
736 445
712 447
695 444
671 441
645 449
621 449
595 445
577 444
551 449
528 444
504 447
482 441
457 447
440 440
412 445
393 444
367 447
347 445
323 444
303 449
282 440
253 444
234 440
211 445
886 440
867 443
840 443
821 443
791 438
771 449
745 440
718 438
698 440
677 446
647 445
628 448
600 438
579 446
555 448
531 449
505 443
484 441
459 439
436 438
414 438
382 445
362 446
342 444
311 443
293 441
267 441
241 448
216 443
194 444
896 442
868 442
847 443
823 442
796 437
765 437
741 439
723 442
696 437
672 442
640 437
618 443
593 445
568 437
540 445
518 445
495 443
466 439
445 445
415 448
395 440
370 437
338 444
318 437
293 442
265 445
238 439
212 442
185 442
162 442
917 437
894 441
863 438
831 444
803 438
777 441
755 443
727 435
702 444
675 443
652 441
622 436
590 441
569 435
542 435
510 435
489 435
463 444
432 441
406 435
383 441
353 438
328 437
297 444
269 441
245 441
219 441
191 438
166 441
139 441
953 439
924 433
894 439
869 439
839 433
809 439
778 436
750 439
726 436
693 435
663 435
637 441
609 433
577 433
549 439
523 439
498 442
467 433
444 439
410 445
379 445
349 442
319 441
295 433
269 439
243 436
213 435
177 445
156 439
125 445
990 441
957 437
928 437
892 441
864 438
833 441
811 437
772 431
742 438
717 440
684 444
650 444
628 437
599 441
561 437
538 440
508 438
479 437
444 438
413 434
384 437
349 439
325 437
298 441
263 441
234 437
210 441
168 439
144 437
104 444
1007 437
978 435
942 429
910 435
876 435
843 436
815 429
780 439
750 439
719 428
685 435
654 436
620 437
584 429
559 436
521 435
493 435
460 437
425 429
394 435
368 438
334 428
293 435
266 436
228 442
207 429
164 435
130 435
105 435
82 432
1014 426
990 437
946 429
920 433
877 433
848 435
811 433
775 426
744 437
708 433
675 426
643 427
605 430
574 427
542 426
509 440
476 437
441 430
401 429
373 433
331 435
294 440
269 434
227 433
200 441
165 429
133 429
89 433
60 426
996 430
961 439
922 427
891 423
841 431
808 423
778 438
735 422
700 434
667 434
623 431
584 423
547 423
513 431
485 423
447 438
397 422
362 435
329 431
288 431
262 430
221 427
178 425
145 430
106 432
65 432
36 430
1000 428
952 423
919 432
878 436
842 423
805 432
769 419
729 435
690 419
637 420
601 428
565 419
517 427
481 419
434 427
399 432
354 427
314 419
282 432
243 427
200 429
167 428
119 420
82 427
40 427
995 424
939 414
900 424
847 424
803 428
772 424
718 429
683 424
637 418
597 424
541 415
502 424
465 414
415 432
363 424
325 428
290 429
236 433
187 432
155 418
95 428
64 424
12 428
992 419
943 408
898 407
842 412
805 418
742 424
701 407
649 418
605 418
554 407
508 418
455 419
408 408
355 423
310 408
263 409
200 428
161 418
112 413
54 424
9 421
966 413
903 407
856 406
784 414
740 424
688 413
637 418
586 401
521 412
459 406
414 407
354 402
308 402
239 413
181 405
139 425
89 413
21 401
1011 404
939 405
858 412
821 404
741 393
689 418
613 417
551 418
486 405
419 404
365 391
309 405
234 393
183 412
95 404
45 408
965 399
886 381
802 398
745 403
654 382
579 383
515 387
441 397
386 386
305 398
234 395
175 402
75 402
25 402
922 374
831 365
732 374
669 375
579 382
477 364
403 386
311 392
230 374
151 384
73 387
942 362
852 364
730 345
629 361
536 363
428 366
331 364
203 368
119 365
27 366
855 316
739 322
583 343
474 330
338 330
194 331
35 303
1004 250
782 264
617 276
404 288
146 219
551 5
