34 93
142 92
255 72
352 66
470 100
589 93
712 76
807 85
928 94
62 172
159 156
243 192
358 185
438 175
516 180
633 174
719 161
818 168
889 169
30 231
113 245
195 220
261 238
346 217
416 241
496 252
577 226
639 220
715 238
790 240
873 238
972 234
3 277
49 269
136 291
191 286
268 281
320 268
387 294
469 288
516 276
601 291
665 284
729 281
790 293
871 295
941 281
988 281
47 322
111 318
170 325
232 307
284 319
341 313
409 320
468 316
515 323
585 324
628 316
689 319
740 308
817 327
866 319
933 315
971 307
20 345
57 353
130 345
185 346
231 339
278 353
333 333
396 336
436 336
500 335
539 342
603 342
658 339
701 338
760 343
823 343
877 342
908 355
974 345
1015 350
1 370
45 366
101 366
154 358
190 366
248 356
290 368
345 366
393 372
427 365
480 374
528 357
573 365
622 367
677 355
721 358
772 372
823 370
864 365
908 367
966 365
1001 368
13 385
55 386
105 380
133 393
185 385
226 386
262 385
310 393
346 393
388 380
432 387
487 384
530 379
571 390
606 376
656 385
700 388
728 382
779 387
828 385
857 390
902 381
959 379
997 385
21 391
57 403
113 404
155 404
195 392
229 405
266 404
310 400
341 400
394 392
429 396
460 392
504 404
540 400
583 396
629 399
670 400
706 392
742 396
774 400
820 394
857 405
892 395
939 399
982 395
1018 400
7 421
44 413
72 413
111 417
155 406
197 414
233 414
266 413
302 405
328 405
373 414
413 413
450 413
486 416
521 405
549 417
589 408
633 417
662 413
695 406
739 417
779 417
802 414
842 420
878 406
914 417
948 413
987 406
6 432
39 428
75 424
107 425
150 424
184 425
210 427
253 425
271 431
307 426
349 425
380 417
419 427
454 418
480 417
512 424
554 424
587 431
617 424
656 420
688 426
720 427
757 428
787 425
811 418
852 420
880 425
919 424
953 427
27 428
47 436
77 428
109 431
143 441
169 436
207 428
234 430
269 428
291 434
331 431
356 441
392 441
422 434
447 438
479 434
518 435
543 435
581 428
612 434
643 430
670 434
699 428
730 434
755 428
791 428
824 437
860 434
882 434
916 434
58 439
84 446
117 443
140 437
171 439
196 439
226 449
260 439
286 442
312 439
346 440
377 439
406 445
434 449
463 442
484 449
521 449
548 436
572 446
610 439
635 449
659 439
693 446
725 443
753 444
783 449
808 449
836 437
871 443
897 443
90 450
122 446
144 450
171 444
207 453
235 450
259 453
286 452
309 450
344 450
361 453
392 447
422 444
451 450
477 444
502 453
533 447
555 453
587 450
617 456
644 450
666 447
699 446
720 456
756 446
774 452
803 453
833 452
859 446
886 447
102 456
128 451
154 453
187 456
211 451
237 451
267 451
294 456
318 453
343 456
368 457
394 459
419 451
446 462
470 456
500 451
526 456
547 451
575 453
596 456
625 459
649 459
684 456
704 453
728 459
754 457
787 456
804 453
839 456
861 453
130 459
154 459
179 462
201 467
233 463
258 457
283 464
299 465
328 462
351 463
375 465
403 467
429 465
452 459
475 463
500 463
523 465
547 457
572 463
594 457
627 462
647 459
675 462
698 464
721 457
745 462
772 462
798 462
822 463
848 462
142 467
167 462
193 470
218 462
235 468
261 462
279 470
305 470
333 467
356 462
382 467
405 470
423 465
449 465
470 465
493 472
519 470
539 462
569 467
593 469
611 465
638 464
660 462
687 470
710 464
734 470
757 470
774 464
806 467
823 464
163 475
186 469
209 472
234 472
249 472
273 477
296 477
320 472
336 473
361 472
387 472
409 467
427 469
456 472
473 472
501 472
523 472
543 467
564 472
584 467
608 474
629 475
651 472
674 469
699 477
721 467
743 474
769 472
788 477
814 474
183 477
207 474
229 476
247 476
267 474
287 474
311 472
332 479
355 476
375 472
396 472
419 474
438 481
461 476
478 472
505 472
525 478
546 478
563 474
588 474
610 476
628 472
653 478
674 476
691 476
716 476
732 472
754 476
776 476
802 476
189 485
208 476
232 481
249 480
271 478
288 480
309 485
330 478
349 480
368 480
391 476
408 480
433 476
452 478
469 480
494 476
512 480
535 478
552 480
577 482
597 480
615 483
635 483
653 482
674 478
699 483
718 480
738 481
761 480
773 482
200 486
220 484
237 486
265 486
282 481
301 488
319 484
337 484
356 484
376 481
401 481
421 480
435 484
459 485
478 480
498 480
513 484
537 481
556 485
574 484
597 486
613 486
632 484
649 481
672 484
689 484
710 486
731 484
751 488
767 484
214 488
233 485
248 487
272 487
289 483
311 487
323 487
346 489
366 483
382 483
403 487
419 487
438 487
455 487
473 492
496 489
514 485
533 487
554 491
568 487
588 492
606 489
630 491
645 483
663 488
687 487
704 483
721 483
741 485
759 487
232 487
251 488
268 494
287 491
306 488
325 491
341 490
361 488
377 491
392 491
417 487
429 491
449 490
467 491
483 494
506 491
524 491
538 495
562 487
580 487
593 491
613 488
634 487
651 487
666 487
685 487
704 495
727 495
741 495
758 491
235 489
251 494
272 497
284 495
304 495
319 493
341 493
354 490
372 490
389 490
410 495
424 490
442 493
462 490
479 490
493 493
512 493
532 495
551 493
566 495
585 493
600 497
619 491
637 491
656 493
669 491
686 493
704 493
723 495
739 493
250 492
261 500
281 500
300 496
317 496
334 496
349 496
361 496
380 492
400 499
417 497
433 498
449 492
464 492
485 496
497 496
516 498
532 492
550 499
567 496
584 496
603 500
617 496
633 496
651 492
669 496
682 498
701 497
715 496
736 496
265 499
277 498
296 495
311 502
327 498
339 498
358 500
374 498
393 499
408 496
424 498
438 497
455 498
474 502
489 498
502 498
522 498
537 500
554 498
570 495
587 496
601 498
618 495
636 499
652 496
664 499
681 500
696 498
714 495
732 498
262 501
278 499
294 502
310 502
324 504
340 501
354 501
370 501
389 497
401 502
421 503
437 501
452 497
465 501
483 499
499 502
511 499
528 499
545 502
560 502
578 499
594 501
606 504
624 502
637 502
656 499
669 497
688 501
702 499
714 497
280 503
292 505
312 504
326 501
339 500
354 505
371 503
386 504
403 504
417 503
431 503
448 501
459 506
477 505
492 504
505 503
520 501
539 501
550 499
569 503
580 506
599 504
612 500
627 503
645 506
659 505
671 503
686 503
703 501
718 503
