261 150
254 150
249 150
243 150
236 150
231 148
224 151
220 151
213 150
207 150
202 150
195 150
189 150
184 148
177 148
173 150
165 150
161 149
155 148
148 150
142 150
136 151
130 151
124 148
119 148
112 148
107 150
101 150
95 150
90 148
265 148
258 149
251 149
246 148
239 150
234 149
228 149
222 149
214 149
208 148
202 150
196 148
190 148
185 149
179 151
173 149
165 150
160 149
154 150
146 150
142 151
136 151
129 149
124 150
116 148
109 151
104 149
98 149
93 149
86 148
268 150
259 148
255 148
248 150
242 150
235 148
229 150
222 148
217 148
211 148
204 149
196 150
191 149
183 148
177 148
170 150
165 149
158 148
153 149
146 150
139 150
133 149
126 148
119 148
113 149
106 150
101 149
93 148
87 150
80 149
274 149
267 149
260 147
254 147
247 147
239 149
235 149
226 149
220 148
215 149
206 149
200 149
194 149
187 148
181 149
173 149
166 149
160 149
154 149
148 147
140 147
134 148
127 149
120 148
113 149
107 149
100 150
94 149
86 149
79 148
277 147
272 150
265 148
256 149
249 147
243 150
234 147
229 147
222 147
216 147
208 149
202 149
193 149
187 149
181 148
174 147
167 149
160 149
153 149
145 147
139 149
132 148
124 150
117 147
110 149
104 149
97 148
91 149
83 148
74 149
282 149
274 148
266 149
258 148
252 150
246 148
238 149
229 150
221 148
216 150
207 150
199 147
194 147
186 149
178 149
171 148
164 149
155 147
149 149
141 149
136 149
128 148
119 148
114 148
106 148
98 148
91 147
84 147
77 147
66 150
287 148
279 148
272 148
264 148
256 146
248 148
239 148
232 146
226 148
219 148
211 148
203 148
193 148
186 148
180 148
172 148
163 147
157 148
149 146
141 149
132 148
124 148
118 149
110 146
101 149
94 148
87 148
78 148
70 146
63 149
292 146
284 147
278 147
270 147
262 146
251 148
244 147
238 147
228 147
221 147
212 147
205 148
197 146
188 148
181 146
172 146
163 146
154 148
146 148
141 147
132 146
124 148
115 149
107 147
98 147
90 147
82 147
76 146
66 147
58 148
300 147
291 145
283 149
274 145
266 147
258 145
249 147
242 145
232 145
222 149
215 147
207 147
198 146
188 147
179 146
171 146
162 148
154 147
147 146
138 145
128 145
119 145
110 147
103 147
95 145
84 147
76 149
68 145
59 145
49 147
314 147
302 147
293 144
285 144
274 144
267 144
258 144
249 146
238 146
229 146
221 146
212 147
201 146
194 144
183 146
175 147
167 144
157 145
146 145
139 146
129 146
120 146
110 144
101 144
93 144
82 147
74 146
64 146
56 145
47 144
317 146
310 148
299 146
289 146
281 146
269 147
259 146
249 144
241 144
229 146
221 144
211 148
201 146
191 146
179 144
170 147
159 144
151 146
142 146
132 146
123 146
111 146
101 146
92 147
81 144
70 146
61 146
54 146
43 147
31 147
332 146
319 143
311 145
301 147
289 147
280 144
267 144
259 146
246 146
237 146
225 146
216 143
207 147
196 143
182 144
173 145
163 144
153 145
140 146
131 143
122 145
108 145
99 143
90 143
77 143
67 145
59 143
46 146
37 145
26 145
336 144
323 145
314 144
301 145
287 142
280 145
265 146
255 142
243 144
232 144
221 146
210 142
198 145
184 144
176 143
162 142
150 143
139 144
128 146
118 142
104 142
92 142
81 144
70 142
60 144
46 144
33 146
26 144
13 142
336 143
322 143
310 141
300 144
286 145
273 143
261 141
251 144
240 143
227 142
211 141
201 141
188 144
176 143
164 143
152 146
139 143
128 145
114 144
104 143
90 143
77 144
69 142
53 141
41 143
32 144
21 141
8 143
324 142
311 144
296 139
284 143
271 142
259 142
245 142
228 140
216 142
204 139
191 141
176 142
165 139
148 142
138 142
125 140
110 143
95 142
82 143
70 144
56 140
44 142
28 142
14 142
0 142
335 139
319 138
308 142
292 141
282 142
264 141
247 142
233 138
218 142
204 141
188 141
174 139
161 144
145 142
130 138
115 142
104 141
85 144
73 141
55 141
40 138
25 142
11 144
338 139
322 141
305 139
292 142
274 141
257 136
238 140
225 139
204 136
190 139
173 137
156 139
142 136
121 139
105 139
94 139
71 139
60 139
43 139
27 139
9 136
333 137
316 139
299 139
279 137
262 137
243 135
221 141
204 137
182 133
169 137
149 139
131 137
112 141
90 139
72 141
55 137
38 139
16 135
321 130
303 135
278 135
263 135
240 135
217 136
196 137
176 134
158 133
136 134
108 136
93 136
70 135
49 135
28 130
7 135
313 125
291 131
264 128
237 134
211 131
185 136
163 131
140 126
115 131
92 132
64 131
42 134
19 136
325 124
296 129
265 122
240 127
211 122
175 124
147 126
126 126
96 124
65 127
34 126
5 126
323 114
287 127
258 121
224 119
183 112
151 127
109 120
73 120
42 124
0 113
335 103
291 109
247 110
199 107
153 103
105 106
58 102
13 104
320 100
278 79
206 92
139 79
86 91
8 77
236 38
127 49
35 34
