1687 652
1634 661
1557 670
1527 670
1494 672
1453 675
1423 673
1695 651
1648 653
1523 658
1490 668
1450 673
1417 672
1385 677
1718 634
1622 646
1584 656
1498 656
1460 664
1398 673
1643 646
1513 656
1472 660
1435 666
1403 665
1369 670
1701 634
1591 639
1500 644
1468 653
1396 658
1359 663
1716 618
1657 627
1563 638
1514 635
1393 653
1355 661
1329 656
1649 624
1553 624
1417 644
1657 616
1593 622
1541 624
1455 642
1402 620
1329 651
1291 658
1673 575
1511 619
1458 632
1412 624
1338 640
1294 641
1267 652
1555 611
1502 619
1450 625
1401 617
1358 635
1322 632
1285 636
1252 646
1705 579
1647 583
1583 593
1526 580
1411 614
1286 627
1245 632
1595 585
1423 611
1200 628
1666 547
1539 580
1471 583
1421 599
1321 606
1228 622
1621 543
1369 593
1265 594
1220 605
1187 610
1150 627
1617 533
1533 541
1478 556
1403 571
1302 585
1239 599
1199 604
1161 609
1112 613
1559 516
1413 548
1350 554
1147 596
1606 477
1431 529
1346 545
1291 559
1222 552
1144 579
1086 593
1611 465
1437 491
1240 548
1116 568
1566 447
1453 479
1353 480
1235 523
1152 537
1057 523
1484 421
1396 459
1311 458
1169 509
1117 519
923 571
1326 423
1170 475
1095 498
994 535
938 540
892 557
1304 382
1124 427
1038 469
933 513
845 541
1453 269
1200 380
1125 370
1020 433
959 462
905 476
823 517
782 531
1419 212
1279 233
1151 308
1068 353
971 396
904 399
840 447
806 455
740 488
1098 194
999 251
911 331
827 338
782 349
689 406
631 470
606 497
