348 60
692 56
109 218
350 254
602 219
805 225
77 320
236 320
417 314
602 313
757 290
931 290
103 388
251 372
396 373
542 389
675 354
808 383
952 353
67 419
177 409
294 423
413 408
524 411
652 423
772 408
885 383
994 394
26 421
130 412
226 434
326 423
430 436
524 435
631 412
723 434
833 447
923 441
5 475
96 476
188 458
281 434
357 444
455 455
541 456
619 459
719 454
798 454
885 455
977 455
70 459
143 468
224 451
307 473
376 475
462 469
542 478
616 488
702 459
777 472
852 468
937 469
1009 460
35 482
103 498
183 482
244 481
321 464
390 485
468 473
533 482
601 486
670 481
746 471
816 481
882 485
961 482
28 492
82 508
152 493
213 507
278 484
343 499
410 496
477 484
532 482
601 483
668 476
732 499
796 477
854 493
920 492
983 484
6 501
68 501
120 508
181 501
244 503
303 508
362 508
417 515
476 515
537 487
596 494
653 501
712 515
769 501
824 505
888 508
946 508
1002 487
33 520
86 499
147 494
197 510
249 494
300 520
356 494
410 520
466 511
520 514
580 514
634 494
689 507
741 520
796 499
851 513
899 494
963 514
15 512
68 513
120 505
176 513
221 513
273 505
324 501
378 513
428 517
479 513
527 501
579 513
628 513
683 513
736 513
783 505
835 513
885 501
931 507
3 518
45 520
100 518
146 511
191 518
241 521
288 518
332 520
383 518
431 522
481 518
526 511
574 524
620 512
665 518
716 507
764 518
809 524
857 506
912 529
21 533
72 523
117 528
158 522
202 522
251 526
297 522
340 528
381 522
430 528
472 522
521 522
561 516
608 512
653 522
699 522
741 523
787 525
832 525
880 516
64 527
108 517
144 537
194 517
233 521
272 527
317 517
360 527
400 517
439 516
486 527
525 521
566 527
610 527
650 537
690 516
734 517
773 521
819 537
862 532
