1034 948
976 943
914 952
803 940
751 945
1256 915
1131 904
1083 920
1020 923
942 919
891 919
828 884
769 931
707 926
1307 884
1265 877
852 872
785 885
1260 810
1201 837
1126 851
1043 835
966 844
913 837
764 840
692 829
1366 793
1208 795
1041 792
978 781
891 800
807 790
734 798
669 746
1387 700
1228 737
1165 732
971 718
651 736
1423 679
1328 691
1070 677
961 696
882 651
1504 593
1363 584
1293 601
1175 597
1077 573
909 557
776 586
706 610
592 606
1349 519
1119 512
1018 536
938 479
807 509
700 536
1388 441
1249 443
1140 417
671 424
545 416
456 432
1539 326
1402 300
1293 341
1164 328
1057 327
941 330
790 295
682 342
500 329
405 326
1701 139
1511 158
1390 143
1226 160
1078 133
918 124
753 133
