77 11
185 23
738 0
847 0
53 87
150 99
250 86
345 114
432 101
528 93
620 62
720 87
824 101
903 61
23 137
109 153
192 152
284 140
371 153
455 128
541 154
627 152
710 128
791 168
871 154
965 154
55 185
129 216
209 217
288 184
362 206
437 206
511 193
584 211
672 203
744 181
818 184
901 205
970 217
29 234
100 236
168 246
232 247
309 247
380 247
448 236
515 246
591 267
659 228
726 258
804 268
874 246
932 227
997 228
21 284
84 284
150 290
210 274
275 267
340 284
400 273
471 273
530 265
597 266
660 265
725 303
792 272
850 285
914 304
977 294
37 324
97 319
156 315
214 320
273 332
333 297
393 320
448 318
508 315
565 315
626 332
691 324
751 315
810 314
865 296
929 314
981 315
14 349
64 340
124 340
175 344
231 348
285 340
347 340
397 340
457 340
508 340
567 340
624 340
677 331
732 349
783 331
843 357
903 348
947 331
1000 341
50 363
103 355
154 372
201 371
252 348
305 355
352 364
408 364
459 364
509 379
559 364
612 349
664 379
712 367
769 363
815 379
867 379
922 364
963 356
40 369
85 398
129 387
181 376
228 398
275 384
326 384
372 398
421 384
463 384
511 375
562 384
608 376
660 384
708 384
751 384
800 398
845 377
894 398
942 384
989 370
32 388
75 402
119 409
166 402
205 408
251 406
297 404
341 409
383 394
433 389
477 415
520 388
560 402
608 394
650 388
700 402
739 402
786 394
829 408
878 409
920 402
967 415
1012 402
10 417
54 404
94 404
135 417
180 417
222 417
266 417
306 417
350 404
388 417
431 424
471 409
513 409
561 417
598 417
641 423
687 417
725 417
768 417
812 417
851 404
896 417
942 430
979 404
8 431
43 437
84 431
127 431
166 437
203 437
242 424
284 431
325 435
362 435
404 443
443 431
485 424
523 437
566 419
604 431
645 437
684 437
721 424
764 431
803 431
845 443
885 431
925 443
958 424
999 419
29 432
61 455
99 443
139 449
181 432
214 443
256 449
292 443
327 443
368 446
405 443
441 455
483 443
517 455
556 443
594 449
631 438
673 449
710 455
745 449
785 455
826 443
857 436
901 443
936 438
972 436
1014 436
11 455
49 455
83 460
119 455
155 444
192 466
230 448
265 466
302 460
333 449
373 455
406 466
444 455
479 458
513 444
553 455
587 466
622 444
660 444
696 460
732 444
768 457
803 455
840 444
877 455
912 455
947 460
982 449
0 467
30 475
70 454
105 467
138 465
172 458
204 465
241 454
273 460
308 465
343 454
379 465
411 476
445 470
479 465
517 460
552 465
586 458
617 475
656 475
688 467
723 470
755 470
792 465
826 465
857 458
893 458
928 470
964 458
30 464
59 464
92 474
124 476
155 479
189 469
221 468
255 479
291 464
320 474
352 474
385 474
421 479
450 468
485 474
518 468
549 474
584 484
614 464
647 464
679 464
714 468
747 468
778 464
813 484
848 484
879 479
913 477
944 484
9 484
40 487
70 487
100 492
131 492
165 492
195 473
227 482
258 473
289 487
320 482
352 482
382 478
414 482
448 477
477 487
510 476
539 487
572 477
604 473
634 487
663 482
694 482
727 482
757 482
792 487
820 492
852 487
885 492
915 484
32 484
61 499
92 494
124 484
155 484
183 484
215 493
241 495
272 494
303 492
334 494
361 493
394 481
420 490
453 485
479 490
512 495
541 499
573 490
599 492
632 495
661 490
692 495
721 490
751 492
780 490
807 490
841 495
868 490
898 490
51 491
81 497
113 488
138 499
164 488
196 497
223 497
250 493
279 501
309 497
336 492
368 497
393 501
422 497
454 492
482 488
510 497
539 501
568 488
595 499
623 488
651 497
684 497
709 488
738 492
769 502
795 501
826 506
853 488
883 499
74 512
106 503
133 506
161 499
188 503
215 503
243 495
270 512
296 503
326 503
351 503
380 505
406 495
434 508
463 512
491 495
517 503
545 503
573 512
602 508
627 498
654 508
683 506
710 495
739 503
764 503
794 495
819 495
848 512
874 503
91 510
115 510
146 504
170 514
198 501
223 518
249 501
277 518
303 510
330 510
353 512
384 509
410 514
436 518
461 510
490 518
514 509
542 518
566 509
593 505
620 518
647 509
674 512
701 512
728 509
755 509
778 509
805 510
835 510
859 518
107 515
133 517
159 507
184 515
210 519
235 515
262 507
288 515
312 511
337 515
364 507
388 507
414 507
441 519
466 519
491 523
518 515
543 507
567 519
592 519
620 523
644 510
672 515
693 510
720 515
748 510
773 515
796 515
823 510
849 515
123 513
148 513
170 522
196 524
221 516
247 520
269 516
293 516
317 520
345 516
367 522
395 524
418 520
444 516
466 522
491 520
516 520
541 523
567 528
592 522
614 520
639 513
663 520
690 524
712 516
738 522
765 524
789 520
812 520
836 528
130 525
154 525
175 525
201 518
228 517
249 525
273 525
297 527
321 525
345 518
367 532
392 527
417 529
438 525
463 529
488 532
512 517
537 525
559 521
583 525
606 518
631 529
654 529
678 525
703 518
727 518
748 525
774 525
797 529
822 521
