154 49
392 97
645 45
909 46
202 163
378 158
550 184
734 136
936 191
5 213
142 263
294 223
444 259
575 224
733 243
877 247
1011 245
79 253
188 277
320 254
436 292
548 307
678 295
796 308
913 252
21 307
120 293
220 307
331 292
427 306
532 331
630 282
741 308
845 315
949 314
12 325
103 313
195 330
287 313
370 347
465 347
565 335
645 346
735 326
823 326
924 326
1002 337
60 321
140 339
212 340
300 349
382 328
465 343
542 358
625 340
707 358
783 346
871 339
952 358
17 342
78 368
156 341
230 352
308 343
384 342
454 352
522 368
596 342
668 351
744 335
817 342
892 351
963 351
4 371
74 363
138 370
209 355
271 366
341 348
404 367
463 348
534 355
596 370
662 362
729 365
799 370
867 347
930 362
994 378
4 371
64 371
122 358
178 385
240 371
300 371
362 357
423 364
476 371
542 357
599 378
662 371
725 371
780 374
835 358
902 385
963 378
33 371
83 385
144 378
198 392
254 370
311 379
362 371
423 366
477 372
527 378
586 379
639 385
695 382
748 391
808 379
857 379
913 366
970 379
22 377
78 384
124 396
177 384
231 390
281 384
332 396
381 396
435 390
482 396
535 386
590 390
639 377
693 384
740 384
793 384
843 390
896 390
948 372
46 377
95 394
143 389
196 378
244 389
289 378
338 389
387 392
434 382
480 389
533 382
580 389
627 389
676 389
727 391
773 389
824 400
869 382
919 394
24 393
76 382
119 404
164 404
207 382
257 396
301 398
347 393
387 404
435 388
483 382
525 383
570 393
615 398
663 404
710 382
755 398
798 383
841 383
890 393
50 387
92 402
133 391
179 397
220 387
266 397
307 399
346 387
390 397
434 407
475 402
520 399
565 391
603 402
649 397
694 387
732 397
774 397
821 392
858 391
80 400
120 402
158 405
204 391
238 410
282 401
321 400
360 391
403 401
444 401
486 401
526 400
563 391
604 410
645 401
684 400
726 402
767 400
806 402
843 401
95 395
132 395
175 395
209 395
246 405
288 404
325 395
362 413
404 398
439 395
477 406
517 398
555 395
594 404
629 408
666 395
705 405
747 404
782 408
822 406
123 415
160 398
194 407
230 411
264 415
304 398
341 407
375 402
411 398
450 407
487 407
520 398
555 407
591 415
632 415
664 407
702 411
735 398
772 408
814 415
140 401
171 417
206 409
239 412
274 413
314 401
346 413
380 401
413 409
449 414
484 405
518 409
553 413
588 413
621 405
657 410
691 414
724 413
757 405
795 409
157 404
190 416
224 412
251 412
284 412
321 404
351 404
387 414
419 412
449 412
484 404
516 412
550 404
583 407
616 412
645 412
681 408
715 407
749 419
777 408
175 416
206 410
239 414
271 407
299 421
333 421
365 421
397 416
424 409
460 416
491 414
522 414
550 421
585 416
615 421
645 414
678 421
709 417
744 417
771 410
190 416
221 416
251 419
282 409
313 409
343 419
373 419
402 412
432 416
465 412
492 409
522 416
551 412
582 416
613 409
643 416
673 418
703 418
732 416
765 416
201 419
231 411
261 424
289 411
319 411
348 418
376 421
404 414
433 424
466 411
493 421
521 418
552 414
577 418
606 418
635 414
667 411
694 418
722 418
751 411
206 426
237 419
265 419
293 419
319 423
349 413
373 419
402 426
430 423
456 415
484 421
512 413
541 419
567 419
597 426
624 423
649 419
681 421
704 413
737 419
224 421
250 421
278 415
301 417
329 417
357 421
382 427
410 427
437 424
462 418
490 415
518 424
544 424
569 421
595 417
624 421
651 415
676 421
702 415
728 421
235 422
260 428
286 428
310 422
339 416
366 425
390 422
415 419
443 422
466 422
492 422
518 422
543 419
570 428
595 425
620 424
646 422
672 419
697 416
724 416
246 420
272 424
296 424
319 418
345 427
369 424
396 427
418 430
445 420
470 424
493 424
518 418
544 418
569 418
592 424
619 427
643 424
665 430
690 425
715 418
251 423
276 425
298 428
322 420
346 428
369 425
393 428
417 425
443 422
464 425
489 425
514 420
536 428
561 431
586 420
610 425
631 425
657 425
678 428
704 420
267 423
290 421
311 426
334 421
358 426
380 429
405 428
427 432
448 429
472 429
495 432
520 426
543 432
565 426
589 423
612 423
633 426
657 426
682 429
704 423
267 429
289 427
314 424
335 427
358 422
380 433
404 424
427 429
447 424
470 430
493 428
515 427
536 425
558 422
581 424
604 422
626 427
648 424
670 422
693 422
274 424
297 431
318 425
338 428
362 423
381 430
404 429
424 429
447 430
468 428
488 428
512 423
533 428
554 426
577 425
598 428
618 425
640 429
661 431
683 431
282 429
302 432
323 430
345 432
366 429
385 431
405 430
428 425
449 430
471 432
489 432
511 430
531 430
552 427
576 427
595 427
616 425
637 427
658 425
679 425
292 435
314 428
334 435
355 426
374 430
395 430
416 433
435 426
455 433
476 426
496 426
515 428
537 428
558 430
576 430
598 426
617 430
637 432
659 432
679 432
