830 16
17 142
181 141
359 159
543 141
728 95
922 148
99 267
262 257
404 226
559 248
707 251
839 248
1001 248
68 329
185 332
305 345
432 309
555 296
682 298
793 331
931 339
107 381
204 383
312 377
415 397
533 379
632 366
732 349
838 354
950 383
71 393
147 418
246 433
344 416
438 430
533 393
622 394
717 432
813 393
914 432
992 404
80 455
167 448
252 450
344 456
424 450
510 423
591 448
676 451
758 450
843 426
943 448
62 476
129 488
209 483
295 454
364 490
446 464
521 478
603 477
669 453
754 487
824 463
914 487
977 462
28 499
96 476
172 476
229 497
308 498
376 509
447 478
517 508
582 476
654 476
732 497
793 484
869 502
940 507
6 506
71 498
129 522
199 498
258 517
324 519
388 518
451 507
510 505
580 524
637 527
708 517
774 537
834 527
898 518
962 538
1 527
53 523
105 535
164 539
227 535
286 517
340 554
408 536
466 535
518 524
579 534
637 543
699 516
756 535
817 552
870 517
935 524
997 538
22 556
83 547
133 546
192 556
247 538
302 537
358 529
412 547
468 548
520 565
572 536
632 555
688 547
740 553
791 531
845 537
905 537
962 564
65 542
158 562
208 557
264 557
366 547
420 566
471 550
518 548
573 558
623 542
729 557
778 548
831 567
884 558
935 558
30 568
127 559
224 568
271 559
370 553
416 561
511 568
564 569
607 559
710 568
755 569
805 561
855 569
10 568
60 569
107 563
332 563
375 563
465 562
510 563
556 563
696 569
