476 199
466 201
458 203
444 202
434 199
423 201
416 202
402 201
393 199
384 202
371 201
363 201
351 202
341 201
329 202
320 202
308 200
300 201
289 199
278 201
266 201
255 200
246 200
235 203
225 202
214 203
204 201
193 200
181 201
170 202
484 198
474 201
459 199
448 198
439 201
427 198
417 201
404 201
391 201
384 201
372 201
362 203
348 203
338 198
326 202
315 202
304 199
293 201
282 201
273 199
261 198
251 201
239 201
228 200
216 198
206 199
195 200
184 201
171 201
162 203
504 201
494 199
477 199
471 199
455 200
445 200
434 200
422 200
410 201
399 200
388 200
374 198
362 201
352 198
343 201
328 199
319 200
307 200
295 199
284 200
272 201
259 202
246 202
235 198
222 201
211 201
201 201
188 202
177 200
167 200
511 200
494 197
484 197
473 198
461 201
449 200
437 197
423 202
412 202
399 200
385 200
376 200
362 197
351 198
339 201
328 201
315 197
304 201
290 198
277 199
267 199
255 197
242 200
228 201
215 197
204 201
191 201
179 200
169 200
156 198
509 197
500 202
482 200
472 200
460 199
445 202
431 200
418 199
406 199
396 199
381 200
368 196
353 199
342 196
332 199
316 199
304 199
293 196
279 197
265 199
255 199
240 200
226 199
212 196
202 199
188 199
176 197
163 198
150 199
501 195
487 198
475 198
458 198
448 198
429 198
422 198
404 198
392 199
375 198
363 196
348 198
339 195
323 195
308 198
297 195
281 195
267 199
253 199
238 195
225 201
214 199
201 198
185 198
172 195
159 201
144 198
502 197
488 197
472 197
461 197
446 200
428 194
412 194
399 200
388 197
369 195
354 194
341 195
324 197
311 194
294 194
283 196
268 197
252 198
237 199
223 198
208 200
195 198
177 194
163 194
150 194
134 197
498 196
487 196
476 199
453 194
440 196
421 197
407 196
391 198
374 193
362 196
347 196
328 196
309 193
297 196
281 196
262 194
249 194
234 196
219 199
202 198
185 198
169 196
151 196
140 193
120 199
505 197
489 195
473 193
456 195
437 195
418 198
402 193
387 195
369 195
354 197
336 196
320 191
300 195
287 196
271 196
251 193
232 197
215 196
201 191
181 198
164 198
151 195
129 197
113 195
503 190
493 195
466 195
453 193
435 193
414 194
395 194
378 194
359 197
344 194
323 195
308 191
287 196
267 194
251 192
234 192
213 198
197 194
178 194
162 198
139 192
121 195
106 194
487 192
472 193
448 192
427 192
407 192
395 194
367 190
353 192
328 192
309 192
291 188
274 190
252 192
231 192
214 192
190 193
170 192
152 190
133 192
111 188
92 190
498 186
474 191
457 190
432 188
411 186
391 190
364 190
345 192
321 190
305 191
280 190
260 191
239 190
215 186
197 195
170 186
153 193
126 190
109 191
85 190
488 189
468 188
442 191
418 194
392 193
374 188
347 184
326 191
301 189
277 184
250 189
226 189
204 189
178 191
156 188
133 184
107 185
87 184
57 186
490 186
455 186
439 185
408 186
379 186
357 191
323 180
297 188
275 185
243 191
215 182
190 185
168 180
135 180
115 187
88 183
60 187
29 182
482 182
449 182
411 182
391 175
360 176
327 181
300 181
261 182
231 176
203 185
173 179
141 175
116 178
82 181
45 182
20 175
509 176
461 170
434 184
396 176
359 181
329 180
284 173
248 177
214 176
179 172
146 178
107 173
67 176
43 177
3 179
487 163
452 162
412 176
369 173
318 162
288 164
244 168
205 164
155 171
122 175
72 170
29 171
450 161
397 171
340 164
276 171
235 166
182 151
127 162
67 162
28 161
475 150
418 141
319 146
269 148
191 142
110 135
41 139
460 89
350 121
277 107
160 124
32 106
161 29
