30 160
153 58
290 19
506 31
33 250
116 170
216 183
332 175
461 146
650 128
870 53
29 276
84 274
151 275
230 251
321 199
420 176
528 221
678 163
859 114
35 284
80 284
127 269
169 289
243 294
312 241
384 225
489 213
592 235
721 220
873 184
18 315
53 319
85 330
133 310
177 310
221 299
287 274
343 267
410 269
487 267
579 233
677 247
786 235
928 219
9 343
31 334
61 344
99 328
137 316
176 334
224 308
265 319
322 290
376 300
440 283
509 276
588 283
673 248
772 261
881 254
1011 221
61 347
90 345
120 336
158 333
197 318
234 327
275 331
316 304
372 306
428 315
482 322
550 309
617 293
708 285
797 278
900 291
125 346
154 338
189 334
222 338
256 323
300 332
338 316
387 326
433 313
494 318
550 316
611 308
680 304
757 278
844 272
939 262
159 350
190 348
222 346
259 349
292 341
328 351
373 335
410 332
463 329
513 325
569 322
621 304
689 321
753 313
834 304
922 297
201 349
229 352
264 352
295 358
327 348
364 337
406 329
449 338
494 338
545 339
591 329
644 332
708 322
775 332
843 306
926 317
1003 304
247 348
272 357
304 344
335 355
370 350
403 337
442 345
485 343
523 341
574 338
625 335
677 332
730 321
792 326
861 307
925 318
1010 298
274 360
306 363
334 353
368 346
396 353
431 342
467 360
503 337
545 348
587 346
635 352
686 342
741 335
799 332
858 336
925 328
996 336
308 365
340 365
367 359
396 358
429 366
460 355
501 353
535 351
574 338
621 347
663 333
709 342
765 339
820 330
879 334
938 333
1007 327
335 360
357 363
387 364
416 356
451 364
483 362
517 347
551 354
591 342
635 341
672 338
718 340
767 350
818 353
879 345
936 349
1000 346
355 367
379 366
404 365
435 363
466 367
498 352
528 355
563 358
602 366
640 345
679 343
720 356
769 349
815 347
864 344
922 342
981 345
383 370
409 369
438 366
467 365
498 364
527 364
560 370
595 355
628 353
665 361
709 355
751 363
794 362
843 349
893 337
949 350
1004 343
407 371
433 377
460 364
488 360
513 366
545 357
578 372
611 364
646 366
680 351
717 358
760 361
802 355
847 358
894 362
944 351
999 358
429 373
450 365
477 363
505 372
534 369
563 363
594 366
626 357
658 356
696 354
731 361
770 355
812 358
849 351
894 360
944 355
996 341
442 374
468 373
492 366
519 367
546 363
577 366
604 369
633 364
667 374
702 360
735 366
774 363
814 353
852 360
892 353
942 357
986 345
453 376
478 375
504 374
527 377
553 373
580 365
611 367
642 370
671 361
703 368
737 369
774 369
806 364
847 358
884 362
931 363
974 363
474 384
496 370
521 376
546 372
573 368
600 373
627 372
656 379
684 363
716 362
749 361
786 367
817 374
858 357
894 364
937 367
980 361
491 385
512 378
537 371
559 377
585 376
609 375
638 368
663 375
693 373
724 368
756 371
786 370
824 376
860 371
895 359
933 367
974 364
504 377
527 386
548 379
573 384
597 378
624 377
648 376
675 375
706 378
733 374
761 374
797 375
825 364
861 366
899 371
935 368
975 367
1014 374
518 382
539 375
561 380
584 383
609 379
633 379
660 381
683 377
711 376
740 382
768 375
801 374
834 376
862 375
898 371
934 363
973 369
1011 364
531 377
553 382
576 381
598 381
620 380
644 380
667 373
695 372
720 371
748 377
776 376
806 377
835 368
867 377
900 369
935 379
973 371
1007 370
548 384
569 380
590 388
613 383
636 384
659 378
682 380
708 380
732 382
762 384
786 371
817 383
848 377
879 375
908 368
940 374
978 375
1012 374
556 380
578 390
599 378
619 380
640 385
665 388
688 387
712 381
735 377
761 380
788 373
819 378
848 378
875 380
905 372
936 369
970 375
1003 374
574 383
593 387
614 387
634 386
658 386
681 378
702 388
727 376
749 376
777 381
801 381
831 380
857 373
885 378
916 384
947 377
979 379
1014 377
579 388
598 381
619 381
639 380
661 390
682 384
704 378
727 383
751 379
776 382
800 384
830 387
852 377
883 380
911 373
940 372
969 378
1004 377
596 383
613 387
632 392
654 389
675 381
694 382
718 387
740 390
762 379
788 378
813 384
836 379
864 378
890 384
919 380
947 376
978 380
1005 372
599 384
617 389
638 392
657 382
678 384
697 386
717 386
742 385
764 382
787 381
809 384
835 385
859 383
885 383
914 378
940 375
970 380
1002 383
607 389
626 389
646 389
663 388
683 388
703 392
724 387
745 381
769 386
789 388
815 387
838 381
861 381
887 385
913 377
939 379
967 383
996 382
622 390
637 394
657 384
676 386
697 393
716 383
735 392
757 387
779 389
800 381
824 380
848 385
871 385
898 384
923 384
948 386
977 385
1004 384
624 391
643 390
662 390
679 390
698 390
718 386
739 389
758 388
779 388
801 382
822 387
846 386
869 387
893 380
919 385
943 379
970 386
995 378
635 391
651 391
671 390
689 388
706 392
727 387
745 389
765 389
787 391
808 388
830 388
850 382
872 389
898 386
923 386
945 385
972 390
999 387
642 396
660 387
676 391
694 387
711 390
732 390
750 390
770 392
791 389
812 389
831 388
855 388
875 383
900 384
921 384
947 383
973 388
995 382
