24 40
92 40
150 40
213 33
276 40
332 42
398 41
458 25
518 48
580 41
650 52
700 35
9 88
60 96
108 110
168 109
221 101
273 93
327 105
380 102
439 104
495 103
542 93
600 100
658 105
710 88
38 153
89 143
136 148
182 151
231 154
281 155
334 158
384 140
432 154
478 167
532 152
578 159
629 155
679 153
726 152
29 180
76 181
112 191
155 192
205 197
252 184
297 194
341 181
387 198
433 187
475 193
519 181
567 193
613 185
663 203
701 180
751 192
7 240
50 229
95 229
133 228
176 234
218 227
261 239
303 217
346 220
383 232
428 229
470 218
509 234
553 227
593 235
635 217
675 217
716 217
2 261
45 259
80 247
118 251
160 265
197 258
237 261
275 259
311 269
352 252
393 258
431 253
466 265
506 262
542 252
586 261
624 258
660 247
702 251
737 247
18 295
61 280
98 286
134 276
167 288
203 280
240 280
277 285
312 279
345 285
381 288
421 275
458 284
494 296
525 286
565 295
596 286
639 295
668 274
706 285
737 275
7 317
51 298
77 318
107 318
148 302
180 303
212 310
249 303
279 308
314 317
345 308
382 308
414 309
446 318
484 313
514 298
547 311
585 309
611 299
651 308
682 311
718 308
747 308
7 317
37 327
69 327
103 318
126 331
161 326
196 317
227 323
258 326
291 332
319 327
353 327
384 318
418 327
446 332
481 317
513 332
545 327
571 317
609 327
636 327
665 318
698 328
738 331
15 339
47 344
80 340
108 344
138 347
166 344
194 343
228 344
256 344
286 344
319 348
346 344
380 335
410 344
439 344
465 335
498 349
530 338
557 344
590 344
623 348
653 348
680 353
706 334
741 344
9 361
38 359
67 359
94 360
122 361
154 359
181 355
209 364
240 362
269 360
298 360
326 351
355 364
381 360
411 359
438 362
467 351
497 351
524 350
552 351
580 351
612 364
644 368
670 361
697 360
722 350
749 350
6 374
34 374
60 377
86 376
116 365
144 365
172 369
198 374
224 366
251 365
279 374
305 374
332 374
358 374
386 374
412 378
442 374
466 374
496 366
523 374
549 383
579 382
606 374
627 366
659 378
686 383
711 374
741 382
16 387
43 395
73 379
94 387
120 390
149 382
173 387
200 387
223 387
252 387
275 389
300 387
327 383
354 379
380 387
405 379
430 387
458 387
481 379
506 379
535 389
560 382
587 387
611 383
637 391
661 389
689 391
713 387
14 403
36 399
59 403
90 391
114 394
134 403
163 391
185 399
209 399
234 391
258 399
283 394
309 391
332 394
356 395
382 391
405 391
431 391
455 391
477 391
503 399
527 391
552 403
576 391
601 399
626 399
650 399
673 391
703 407
3 417
29 406
54 405
74 409
100 409
120 411
147 409
172 405
192 412
216 417
240 410
263 402
289 402
312 406
333 413
358 409
382 402
405 409
426 405
450 402
474 409
499 406
520 402
544 409
571 413
593 409
617 409
639 409
663 410
685 405
23 419
45 419
69 419
134 419
159 421
204 415
225 419
271 421
294 419
318 412
339 412
363 419
385 419
406 412
429 419
451 415
496 419
520 421
564 415
586 419
608 412
631 412
674 415
168 421
188 421
213 421
233 421
253 421
427 421
532 421
556 421
