1891 431
1808 434
1750 431
1890 410
1817 432
1753 438
1689 434
1642 442
1771 415
1699 429
1611 442
1743 423
1676 428
1615 438
1572 435
1531 441
1796 401
1641 410
1599 424
1513 429
1464 437
1859 386
1652 412
1587 402
1451 428
1415 440
1395 429
1716 395
1558 393
1414 424
1624 392
1506 406
1446 408
1387 431
1341 391
1284 438
1267 445
1503 312
1321 410
1293 429
1259 411
1225 431
1209 428
1199 441
1276 411
1237 422
1225 426
1189 410
1183 434
1165 426
1158 429
1140 441
1268 369
1245 373
1198 391
1188 360
1133 415
1086 426
1087 429
1066 401
1040 427
1018 429
916 354
946 405
945 404
940 425
936 426
935 438
773 373
850 426
866 417
866 428
878 428
888 445
652 379
676 386
719 401
728 418
780 422
788 435
808 434
812 437
814 438
511 378
597 410
640 408
728 435
294 358
451 414
525 419
567 428
592 412
649 430
669 440
101 386
322 388
494 427
568 432
44 378
175 404
270 389
389 419
446 423
497 397
72 409
162 391
326 418
377 418
514 440
157 420
255 423
363 438
400 434
426 443
57 397
138 424
288 433
362 442
6 424
97 431
176 426
278 440
324 441
54 434
148 418
206 433
89 400
141 437
220 439
