1080 532
1042 520
1019 527
986 520
955 526
917 526
888 526
860 526
827 526
802 526
768 520
740 526
703 528
675 520
647 526
619 526
580 526
553 532
522 529
493 526
459 526
434 532
398 529
363 522
338 526
300 526
276 526
245 523
214 529
180 519
1071 520
1039 524
1014 524
980 520
943 518
919 531
885 528
854 521
820 524
783 524
757 525
720 520
683 524
654 524
617 524
594 521
559 526
526 531
492 524
457 524
428 518
394 526
364 518
328 524
295 526
270 520
239 531
203 524
160 518
138 524
1114 523
1073 524
1045 523
1009 526
969 523
940 518
912 516
867 519
836 524
804 523
773 519
737 530
704 523
665 530
638 523
596 526
567 516
532 530
502 524
464 516
428 516
394 523
365 519
336 516
292 516
261 523
233 523
187 519
159 520
133 523
1124 523
1091 523
1059 523
1021 521
984 521
953 514
908 521
880 517
842 518
809 521
770 521
740 521
701 529
660 517
622 521
589 525
560 514
524 521
480 528
451 514
410 525
374 525
344 525
304 514
270 522
235 528
201 521
168 514
131 522
90 514
1138 521
1103 512
1067 520
1028 520
993 519
963 522
921 520
878 511
838 527
807 522
770 520
727 519
688 512
647 519
619 523
577 515
545 523
496 519
462 519
428 520
384 515
353 519
308 519
274 515
244 516
200 515
160 519
118 519
84 515
44 523
1161 512
1128 517
1085 517
1042 525
1004 509
964 520
914 513
874 509
834 509
801 525
753 517
712 517
672 512
635 512
598 525
553 517
518 517
475 517
434 509
385 517
356 518
316 517
269 508
229 512
200 517
155 517
104 517
79 509
26 517
1185 516
1139 505
1093 514
1052 509
1013 505
967 523
919 523
874 514
830 523
799 514
741 506
700 514
661 516
619 518
577 514
538 514
495 509
451 510
410 509
354 519
307 509
263 518
235 516
182 523
144 506
94 514
46 514
11 509
1235 516
1193 505
1134 506
1089 506
1061 511
1000 521
949 511
905 513
864 501
823 520
767 520
717 502
672 516
632 502
577 520
539 511
489 505
447 502
395 506
351 516
300 502
252 502
210 511
169 516
115 516
65 520
19 513
1260 508
1226 507
1170 501
1118 507
1078 501
1011 511
971 507
917 507
860 517
816 507
760 513
711 512
658 498
611 507
560 503
523 502
467 512
415 497
360 513
321 508
262 512
206 517
159 512
114 511
55 502
10 498
1301 504
1268 509
1205 504
1140 498
1097 504
1043 504
975 515
930 509
876 509
826 498
761 503
718 507
656 504
609 493
551 498
484 514
433 515
384 503
322 503
261 492
215 505
168 506
118 509
53 504
0 496
1403 504
1343 498
1284 504
1223 498
1140 501
1096 499
1040 510
969 498
910 504
853 499
788 498
728 487
678 485
604 501
561 492
491 498
431 505
367 487
311 487
251 498
182 498
119 486
75 499
9 486
1446 506
1380 496
1307 493
1251 493
1192 480
1135 478
1072 495
996 478
923 499
857 506
783 493
723 497
668 493
602 492
522 500
470 480
389 499
324 479
268 487
194 506
129 479
86 497
15 506
1460 470
1403 491
1331 469
1252 488
1170 485
1091 493
1020 485
959 499
875 485
792 493
719 486
645 491
577 485
493 477
410 484
364 471
279 499
202 492
132 468
71 471
1507 493
1436 476
1342 484
1255 468
1166 467
1085 478
1005 484
920 478
838 459
760 475
688 461
588 476
524 477
419 481
358 477
258 478
181 475
92 476
33 486
1504 464
1379 444
1297 442
1210 444
1121 462
1027 471
918 453
807 442
713 462
617 464
515 473
420 472
344 467
238 473
129 443
14 472
1458 448
1342 445
1225 446
1094 449
996 468
895 436
785 448
644 470
554 459
427 445
311 445
177 469
79 455
1497 451
1312 407
1209 395
1026 455
895 427
750 433
651 456
484 428
352 456
239 401
96 437
1471 427
1234 395
1116 412
957 385
732 397
563 385
386 428
233 390
57 395
1426 288
1164 342
945 365
740 335
457 345
243 346
84 299
1318 224
918 231
608 149
251 158
948 17
