116 372
336 343
521 322
682 365
849 389
963 389
20 351
192 375
348 385
495 390
624 412
752 417
870 385
962 414
20 383
157 418
304 422
435 400
547 403
657 409
756 438
846 429
918 413
1010 416
61 402
179 420
298 436
405 433
511 412
607 416
692 420
785 430
857 444
937 446
1012 458
91 433
193 436
300 449
393 442
490 427
566 448
647 453
725 435
800 459
861 440
936 466
989 445
28 454
128 447
214 449
308 460
390 454
460 455
546 461
617 459
681 461
746 462
809 464
864 480
928 467
980 475
76 462
158 456
246 458
317 444
396 461
467 453
540 456
603 466
668 467
727 455
782 470
839 471
891 472
944 480
990 478
3 459
83 453
165 470
243 464
306 466
383 467
446 468
513 476
568 473
632 476
690 466
737 467
786 463
839 469
893 483
931 467
29 458
104 475
176 455
243 470
314 471
368 479
438 474
495 479
551 480
600 489
653 478
709 490
749 473
802 481
845 476
888 483
40 464
111 473
173 462
232 481
296 464
359 470
414 467
467 482
521 491
568 475
616 482
669 476
716 486
755 486
801 495
844 486
