200 23
337 32
475 1
605 58
720 74
98 115
211 124
326 164
444 170
539 146
641 139
732 157
94 185
202 191
296 193
393 174
480 229
569 207
639 184
721 225
792 216
30 240
120 235
209 263
299 229
377 266
452 223
535 270
598 256
663 240
730 242
789 236
66 273
150 274
219 280
293 256
369 268
436 268
505 281
568 282
621 265
686 294
734 267
791 287
34 301
113 282
183 291
248 323
315 293
378 306
433 295
496 289
547 290
602 308
661 309
705 327
756 293
64 313
131 316
195 315
250 326
311 326
365 318
422 327
479 311
530 344
579 344
630 329
674 313
716 329
769 334
10 353
72 349
136 344
193 348
249 349
304 329
351 352
402 360
455 345
501 352
543 348
591 330
636 345
675 336
720 345
760 331
41 345
99 351
146 367
202 367
252 345
301 374
346 345
390 366
439 351
481 362
519 345
565 352
604 359
644 358
683 371
723 361
760 371
15 359
58 374
110 359
157 365
206 373
254 359
299 386
343 359
387 372
423 378
464 371
504 384
548 370
585 374
621 358
656 376
693 358
727 362
763 375
792 363
31 400
79 392
124 388
174 371
216 384
257 390
297 387
340 395
383 382
418 384
460 374
497 369
533 374
568 369
602 383
640 386
667 380
701 373
734 379
769 379
3 403
50 399
94 395
133 407
177 400
216 394
260 395
298 398
337 386
371 380
406 391
446 390
482 390
513 390
548 379
580 384
615 391
644 399
677 393
706 387
734 397
762 381
15 405
53 416
98 404
138 403
177 408
216 408
254 402
290 401
322 406
360 403
395 394
429 399
463 398
495 393
527 403
558 391
591 402
618 401
648 386
677 395
706 385
737 395
763 394
788 384
34 412
72 401
111 411
149 411
187 399
221 399
258 398
290 398
325 418
359 407
388 412
422 400
455 400
486 395
515 395
547 406
573 394
602 394
630 408
659 412
688 402
712 401
741 410
764 405
790 400
11 431
52 414
85 419
122 423
154 418
191 417
225 426
259 418
291 405
325 419
355 408
388 416
416 414
448 412
474 417
504 406
532 415
561 420
587 404
613 404
642 413
670 399
693 399
721 409
744 402
768 406
22 429
57 428
90 430
128 424
161 424
191 423
222 432
255 431
289 421
317 411
346 425
379 410
406 428
433 418
462 419
492 408
518 421
545 420
573 410
597 419
621 423
647 414
672 405
695 413
720 416
743 416
769 420
790 411
13 437
50 431
84 425
115 439
148 429
176 430
209 428
240 427
266 417
295 430
327 420
353 425
383 428
409 423
435 418
461 422
489 422
516 425
539 421
566 420
589 419
616 423
638 421
663 422
684 409
710 417
729 408
752 408
773 416
29 439
59 445
91 426
124 425
151 434
185 424
211 435
241 423
270 426
297 430
324 432
350 424
379 428
405 423
431 436
455 427
480 426
506 422
528 425
553 433
578 416
598 424
622 423
646 426
670 426
690 422
713 421
735 416
754 413
30 437
61 441
91 431
119 444
150 441
179 438
206 438
234 428
260 438
288 439
316 436
342 430
366 434
392 433
417 432
443 436
466 431
490 423
511 422
538 430
559 433
580 428
605 428
625 427
647 427
670 428
688 418
709 425
730 418
75 445
106 439
159 443
187 442
213 433
241 441
267 440
294 439
319 431
343 431
365 438
390 437
415 429
437 440
463 435
485 435
509 434
531 433
553 435
574 425
595 428
617 438
636 423
659 437
677 430
698 433
720 422
110 444
189 443
214 441
240 437
264 444
287 445
338 443
382 437
406 433
430 444
453 436
476 432
496 438
516 433
541 437
561 429
582 443
602 435
623 442
644 436
663 434
681 433
701 433
309 442
334 438
357 441
399 444
423 443
445 444
466 445
487 435
508 437
527 436
549 440
568 440
588 442
606 435
628 431
646 431
666 433
684 436
226 445
340 442
381 441
403 443
446 439
467 445
487 445
508 437
544 443
567 442
586 442
605 444
621 434
641 440
659 440
676 435
391 443
433 445
550 445
568 445
588 444
605 437
641 443
657 442
455 444
528 442
583 441
618 442
636 439
653 439
588 443
623 443
