335 142
327 146
338 138
323 142
312 144
322 140
315 142
300 143
331 137
318 141
305 143
295 142
286 144
327 133
307 135
293 136
288 140
277 138
268 140
330 134
314 131
298 140
283 138
277 140
265 144
259 143
249 143
321 128
300 126
287 130
272 133
262 140
257 142
245 140
242 144
235 142
323 119
302 118
281 135
265 129
252 140
248 141
238 141
232 141
230 139
223 143
318 113
280 115
269 131
251 133
240 133
230 134
228 135
218 139
214 141
212 145
208 143
298 96
280 109
252 119
232 126
226 130
217 130
213 136
205 133
204 139
199 137
198 141
197 143
265 43
233 72
225 113
203 119
197 130
194 131
192 132
189 136
185 141
183 140
181 138
183 141
181 143
162 33
157 92
164 110
162 110
169 125
166 125
169 132
170 136
168 133
166 136
167 141
169 143
169 143
41 60
98 97
110 109
120 125
135 128
138 130
142 129
145 135
145 135
150 136
150 142
151 142
155 145
25 83
70 105
85 127
102 126
115 126
119 130
122 136
128 139
131 139
137 138
136 143
141 144
11 97
36 117
64 118
79 135
91 130
101 131
111 135
115 143
119 141
122 142
124 144
17 117
43 129
65 133
76 137
85 138
96 139
97 139
107 139
107 143
12 126
41 129
51 131
64 139
72 139
82 138
90 139
93 145
6 135
19 139
41 135
54 136
62 140
73 142
79 143
7 138
28 138
40 140
49 141
60 142
69 143
1 140
15 143
30 137
39 145
48 141
8 144
23 142
34 144
10 140
18 143
1 143
