480 236
470 236
455 238
440 236
425 234
417 239
400 236
385 237
375 233
361 239
343 238
333 233
319 233
303 236
290 237
277 238
263 239
252 236
234 236
222 236
207 236
195 236
179 237
168 234
155 236
141 238
127 236
111 236
100 237
85 238
483 234
467 236
456 236
439 235
428 233
411 233
399 233
382 237
367 233
353 237
339 234
326 235
311 236
298 234
281 237
266 233
252 236
241 237
226 237
211 233
195 235
181 235
167 236
153 238
136 237
124 236
107 235
92 233
78 237
65 236
483 235
470 235
458 235
441 238
426 235
414 232
394 232
384 235
364 235
353 236
336 235
319 238
304 235
288 236
274 235
260 235
245 232
231 235
216 233
201 235
183 236
169 236
153 232
137 238
127 232
110 233
95 236
78 235
65 235
50 233
494 233
483 236
466 231
449 231
432 235
416 232
403 231
384 234
368 231
354 231
338 237
321 235
305 234
289 234
276 234
258 235
242 231
227 234
211 234
198 234
178 236
164 235
150 234
134 237
114 231
100 233
85 234
68 235
52 234
39 231
516 230
501 237
484 234
464 233
446 232
433 233
415 233
401 237
383 230
366 233
349 230
332 234
315 234
297 233
280 233
264 231
251 230
230 230
216 234
199 230
181 232
167 235
152 234
131 233
113 233
96 230
85 237
65 232
48 231
36 231
523 229
504 232
488 231
466 229
453 232
435 234
416 229
400 232
379 236
359 233
345 229
329 232
308 232
290 232
273 230
254 232
240 232
223 232
202 232
184 232
166 234
146 236
129 234
115 234
92 236
79 229
64 232
46 230
29 229
9 232
526 229
510 228
489 233
474 232
454 228
438 229
416 232
399 233
379 228
360 232
338 232
325 229
304 231
284 231
266 232
247 233
230 233
208 233
191 230
174 232
151 231
135 229
114 232
95 233
83 228
62 229
40 231
23 233
5 232
543 230
520 228
503 232
474 226
454 230
441 226
419 230
398 226
380 230
360 231
335 226
319 226
294 232
275 228
255 232
234 230
214 230
197 226
175 226
156 228
141 226
115 230
96 226
76 234
56 230
31 230
13 226
549 229
534 229
507 231
483 226
464 230
444 233
425 229
396 225
377 233
356 231
336 225
313 229
295 231
273 229
247 233
228 229
203 229
190 225
164 233
142 231
125 226
105 227
79 229
58 229
35 233
12 229
577 224
558 227
532 228
513 227
485 232
460 227
442 229
418 227
393 227
368 228
344 222
322 222
302 232
277 228
254 227
227 227
204 232
183 227
160 224
137 227
119 227
86 227
66 227
44 222
23 223
596 231
573 222
550 228
524 225
498 220
475 220
447 223
426 225
393 223
368 225
347 225
318 228
293 228
267 225
247 225
218 225
193 220
174 225
145 228
114 225
94 225
72 222
40 225
20 225
624 222
593 217
562 228
529 219
507 223
479 223
454 222
419 223
393 223
369 223
339 222
311 223
280 228
247 224
223 223
198 217
166 225
134 225
112 223
83 226
52 217
33 226
4 217
643 226
618 222
586 220
552 220
520 221
491 213
457 220
431 222
405 213
364 223
338 217
305 213
279 226
249 213
215 220
180 216
145 226
119 220
89 220
50 220
18 219
670 216
634 220
599 216
566 217
536 218
496 213
460 212
431 223
391 217
362 220
325 210
286 213
253 219
224 220
189 209
156 217
118 210
80 220
54 217
5 217
662 208
631 214
587 212
547 208
504 212
470 205
430 213
385 212
350 212
311 213
269 208
226 212
189 204
149 204
118 213
69 216
40 208
6 215
628 208
579 199
552 209
505 211
455 208
407 211
365 206
314 208
273 207
234 199
177 197
145 210
85 206
50 209
8 202
631 199
575 191
538 189
486 198
428 206
374 190
314 199
274 195
217 206
155 192
101 198
51 200
651 179
562 189
495 196
447 194
386 195
311 196
260 194
192 196
126 193
58 201
623 171
519 158
451 163
381 180
277 170
200 170
140 160
47 156
629 158
508 141
388 143
282 134
149 154
31 157
657 52
532 45
289 58
84 53
