766 14
203 18
310 31
414 41
507 57
593 69
659 62
740 106
18 26
110 80
218 64
304 113
393 126
471 100
544 107
609 127
666 132
736 151
791 159
29 107
133 114
215 104
293 122
360 152
436 135
498 140
554 168
610 176
673 189
718 177
757 180
53 138
140 148
212 169
285 155
347 177
405 182
462 188
517 196
569 200
618 204
664 211
711 218
742 205
791 230
23 167
95 178
160 180
226 195
288 193
347 199
397 191
452 201
503 221
546 210
586 224
630 232
671 223
712 248
748 239
785 250
49 194
121 201
178 206
233 201
286 218
339 220
387 211
439 228
483 219
525 240
563 247
602 246
640 241
672 239
707 242
743 255
774 247
5 192
66 199
121 203
171 237
223 241
276 231
322 221
369 232
412 235
452 246
496 237
531 251
566 243
607 258
641 260
673 263
702 272
731 269
763 265
35 226
95 217
139 241
187 238
239 242
285 245
325 255
370 264
407 257
445 258
481 265
519 263
553 260
587 269
617 260
652 273
676 275
707 267
731 270
762 281
783 274
5 238
58 229
107 247
154 251
201 255
241 258
284 257
324 249
362 263
404 260
437 258
472 273
501 263
537 271
571 277
596 275
626 287
658 288
683 286
707 282
732 289
757 291
780 287
25 252
74 257
119 271
163 264
202 263
242 255
281 275
317 277
356 264
388 276
421 278
456 280
488 272
516 284
546 286
573 287
603 289
629 291
649 284
680 295
704 297
727 298
751 299
773 309
33 264
75 256
117 263
157 277
193 284
233 282
266 278
304 285
336 292
371 294
402 295
430 288
462 290
489 287
517 284
543 289
571 301
597 294
622 304
647 305
668 311
691 312
710 297
733 298
756 308
776 311
18 263
54 275
92 282
132 279
172 275
206 288
240 285
273 287
306 279
336 292
365 301
396 289
424 295
453 301
479 298
506 300
530 305
557 303
578 299
605 309
626 307
648 312
673 309
692 310
712 303
734 316
756 321
769 315
38 272
71 289
113 276
146 289
182 280
214 282
247 287
277 294
307 296
333 297
364 303
390 300
419 297
444 303
470 305
494 306
520 311
544 312
567 311
586 315
608 314
632 313
649 307
673 315
692 313
710 317
729 318
749 319
766 323
8 278
39 298
73 290
108 292
141 299
177 287
207 297
236 300
265 300
297 298
323 303
351 296
375 297
402 310
429 312
452 301
476 314
500 304
521 313
543 310
565 308
586 309
607 320
627 318
646 312
667 321
684 321
703 315
722 322
740 323
28 299
61 291
93 298
126 299
155 309
185 306
215 303
243 304
274 298
301 307
326 312
354 302
378 311
402 319
424 313
450 318
473 315
495 317
515 317
536 318
556 320
580 323
598 324
617 329
635 329
654 323
669 318
689 325
709 332
726 330
39 304
74 302
105 312
137 304
165 298
192 307
223 301
247 302
276 310
302 308
324 317
348 310
372 322
396 309
419 324
442 318
465 315
485 320
505 314
526 323
546 322
566 324
584 324
601 319
620 322
640 329
657 321
675 329
691 329
708 336
47 306
72 315
104 308
132 309
160 313
188 319
213 313
239 314
265 311
291 309
314 310
338 325
359 312
384 327
405 323
426 318
446 319
467 323
489 324
507 325
528 326
548 328
564 324
580 322
600 329
616 323
636 332
651 334
669 333
683 334
57 311
85 319
114 306
143 315
166 315
193 319
216 321
243 322
267 323
291 324
315 314
337 322
357 319
378 330
399 324
422 325
439 322
462 320
480 334
499 322
517 323
535 324
555 334
568 325
588 332
604 336
621 336
637 337
653 335
667 335
69 308
96 317
122 313
148 319
173 319
198 320
222 321
245 322
266 326
289 320
313 325
333 325
355 330
375 327
395 322
415 332
433 330
452 330
471 327
490 333
508 338
524 336
543 334
559 331
576 338
592 335
606 330
624 339
639 332
653 338
75 323
101 314
126 329
152 316
174 323
199 320
222 328
243 326
266 328
286 324
307 328
327 335
347 330
368 331
387 331
407 338
426 338
443 333
461 328
479 329
495 338
514 335
528 331
546 333
561 332
577 332
593 338
607 334
622 334
638 338
93 320
113 325
137 326
162 320
183 327
208 322
228 322
248 330
269 327
290 334
309 333
329 332
348 329
368 330
386 340
403 338
422 338
438 333
456 338
474 339
489 338
505 336
520 334
538 340
554 343
568 335
583 338
599 342
611 342
626 343
100 327
123 328
145 329
167 330
188 336
209 331
231 328
250 329
269 333
288 334
309 329
328 331
345 336
363 336
382 337
399 338
415 341
433 339
450 337
467 340
483 346
499 341
513 346
528 337
544 344
558 344
572 344
587 340
601 346
616 344
99 324
120 327
141 332
161 332
185 330
203 328
224 340
243 335
262 336
282 331
298 342
319 340
336 332
353 344
372 334
387 334
404 337
421 343
437 338
453 338
468 342
485 345
499 338
514 341
528 344
542 345
557 340
571 343
584 347
599 349
112 333
130 334
153 334
172 335
191 336
211 336
231 337
249 337
268 338
287 339
303 339
321 342
339 340
356 341
373 341
389 342
404 342
421 340
436 343
452 344
467 344
482 345
497 345
512 346
524 346
539 346
552 342
566 347
580 348
594 350
115 336
136 333
155 331
175 343
194 338
213 344
231 336
251 334
268 335
285 335
302 341
318 344
336 347
352 339
370 340
385 344
400 346
415 344
430 347
445 350
461 344
474 342
490 347
503 347
518 345
531 343
546 348
558 350
570 344
583 354
116 343
135 335
155 339
175 340
192 340
211 340
230 341
248 341
264 339
281 347
300 338
314 344
330 346
347 344
364 345
378 343
394 348
408 341
424 347
438 347
453 347
466 348
482 353
494 346
509 351
520 349
535 350
547 350
559 346
572 348
123 335
142 335
160 336
178 336
195 342
211 347
231 343
247 338
264 346
280 344
297 340
312 345
328 341
345 344
360 342
375 348
391 350
404 349
418 343
433 346
447 346
460 345
475 352
487 350
502 352
514 353
528 351
540 354
552 356
565 354
125 337
141 343
160 343
178 339
194 346
211 344
229 340
246 345
262 346
278 342
293 342
309 347
324 348
340 348
354 346
369 351
382 346
397 347
412 347
425 348
439 353
452 351
466 351
478 352
491 353
504 352
516 351
530 355
541 349
553 354
128 345
145 345
165 340
181 341
197 343
213 347
228 349
246 343
261 348
277 350
291 351
307 344
322 352
337 352
351 350
365 351
379 353
393 351
408 351
419 352
433 348
447 348
459 354
471 349
484 351
496 354
509 354
521 355
534 357
545 353
139 341
155 347
171 347
188 347
204 348
219 344
235 349
250 347
265 349
281 354
295 347
311 355
325 351
338 351
353 349
366 352
381 355
394 351
407 353
420 353
432 354
446 356
458 355
470 359
482 357
495 355
505 356
517 353
530 352
541 354
143 348
158 351
174 350
189 349
206 352
222 351
237 348
251 349
266 351
281 351
295 352
309 348
322 355
337 350
349 353
363 349
376 354
390 350
403 355
416 356
428 353
441 357
452 358
464 360
476 354
488 357
499 358
511 355
523 357
535 360
143 352
161 350
176 351
190 349
206 349
220 347
236 348
249 352
264 353
278 353
293 354
305 354
319 350
333 352
346 355
359 355
372 355
384 358
397 356
410 354
422 354
433 357
446 357
456 357
469 358
481 358
492 360
502 358
515 360
525 359
147 347
162 349
176 348
191 352
207 354
222 349
235 353
249 350
263 350
276 354
291 355
304 352
317 356
329 352
342 353
356 357
368 358
380 359
392 355
404 361
416 359
428 359
440 356
450 355
463 360
474 355
485 361
496 359
507 360
517 356
150 349
164 349
179 349
194 355
207 350
222 356
235 355
250 353
263 357
276 356
290 356
304 352
315 356
328 353
340 357
354 361
365 354
378 358
389 358
401 358
412 359
425 363
436 359
446 361
458 358
468 356
480 360
489 357
502 361
511 357
153 350
166 354
182 353
196 353
209 357
221 358
236 354
249 358
263 357
276 353
289 357
301 357
314 354
326 354
338 358
350 355
362 357
374 361
387 357
397 359
409 356
421 356
431 358
441 360
452 358
464 361
475 361
485 358
496 362
505 360
158 355
171 358
185 357
200 356
212 358
227 355
238 361
252 357
265 354
277 362
289 356
302 355
314 355
326 360
338 356
350 360
361 362
373 360
385 362
396 362
407 361
418 359
429 365
439 365
451 363
461 360
472 360
481 362
491 363
503 364
158 357
170 357
183 357
198 354
210 361
224 356
236 358
248 359
261 356
275 355
286 359
299 359
310 356
322 358
333 357
345 357
356 361
368 363
379 359
390 365
401 358
412 364
423 362
433 363
443 363
453 361
463 361
474 363
484 364
494 364
162 358
174 354
188 355
201 359
214 355
226 360
238 358
251 356
263 360
275 360
286 364
299 357
311 363
322 361
333 361
345 365
356 362
367 360
378 360
388 364
398 361
410 363
420 363
430 363
441 364
451 364
462 366
471 364
481 366
490 364
