166 102
344 100
548 87
734 99
909 72
1110 130
1284 39
101 149
273 220
419 157
569 234
734 194
905 203
1060 197
1213 211
38 288
179 242
295 284
437 277
571 249
713 303
843 291
983 302
1127 315
1254 280
17 339
133 339
244 346
374 344
482 322
596 377
731 326
850 339
958 340
1073 343
1198 340
1318 339
109 393
204 388
318 420
416 393
528 364
632 371
734 389
847 391
953 399
1050 389
1151 405
1258 359
1363 388
39 438
141 439
236 423
335 438
429 425
525 453
619 399
717 450
814 406
903 423
990 396
1088 409
1188 408
1281 425
1385 437
27 467
115 439
202 453
293 440
376 452
471 468
553 454
635 453
732 430
812 428
905 442
988 480
1084 467
1160 440
1247 454
1332 440
80 465
154 503
240 489
316 480
395 489
469 503
560 479
635 493
712 479
794 492
877 481
948 459
1037 493
1111 469
1193 458
1268 458
1353 480
32 480
105 481
172 524
255 479
328 513
398 500
475 524
547 479
627 490
691 512
772 502
841 501
923 512
985 488
1067 502
1146 522
1217 507
1293 501
1370 507
18 520
87 520
157 499
219 525
296 520
359 530
433 507
499 518
572 519
637 524
701 508
777 500
849 529
908 498
985 520
1049 519
1116 500
1188 520
1252 520
1317 500
11 524
59 554
132 555
199 516
264 555
328 536
390 545
453 535
517 544
587 515
647 554
717 556
779 536
846 516
906 536
976 516
1033 516
1101 544
1171 535
1234 535
1293 517
1358 516
47 550
106 533
168 532
223 559
290 551
344 567
413 539
471 559
532 559
588 568
646 532
713 551
775 549
835 550
896 556
953 559
1015 550
1074 549
1133 560
1192 541
1255 549
1314 549
1377 550
13 547
73 563
135 547
187 564
239 554
298 554
355 563
408 563
467 546
525 564
585 553
637 564
695 564
754 568
806 564
864 546
921 572
983 563
1037 546
1094 573
1144 564
1200 568
1262 564
1323 563
1374 573
8 574
56 578
114 574
168 574
224 558
279 565
330 557
382 590
436 578
492 591
546 582
596 574
649 574
709 558
764 590
817 564
865 574
924 558
974 558
1029 574
1081 564
1135 557
1193 582
1244 575
1293 578
1347 557
45 584
96 584
146 575
195 591
248 588
300 568
352 583
405 568
453 568
505 583
553 568
610 583
657 588
706 574
763 575
811 598
862 568
916 567
970 583
1020 576
1072 599
1120 583
1171 583
1224 573
1273 574
1326 583
1379 568
20 608
68 593
113 592
163 592
217 593
263 583
310 595
358 607
409 578
461 593
508 600
555 583
602 592
654 608
704 600
749 592
804 583
847 597
899 577
949 592
995 592
1047 592
1090 577
1143 597
1196 607
1246 607
1283 578
1336 593
2 615
55 587
100 601
146 592
191 604
238 606
288 594
329 608
377 601
425 594
476 601
516 587
566 601
612 594
658 587
707 592
749 605
793 587
841 608
892 601
937 587
984 601
1032 608
1079 601
1120 587
1167 603
1211 586
1263 601
1304 594
5 596
39 616
87 609
131 608
174 609
221 609
264 602
310 595
354 601
396 609
439 600
481 615
526 623
573 615
618 609
661 603
704 623
751 595
798 622
840 616
881 609
930 616
973 609
1014 601
1059 609
1100 596
1147 616
1194 609
1237 609
1283 609
27 629
77 616
114 622
163 610
201 609
244 616
284 629
329 629
371 610
411 616
458 610
500 622
543 616
581 616
626 616
665 616
709 620
753 616
794 608
837 616
881 629
922 616
965 618
1002 603
1045 603
1092 616
1135 608
1176 622
1215 609
1257 616
54 616
89 622
132 622
173 622
215 622
254 622
295 623
341 610
374 622
420 623
462 610
500 629
540 622
581 622
621 635
662 615
700 628
744 622
781 629
823 615
866 635
904 623
947 628
987 634
1025 615
1064 610
1110 628
1142 610
1185 610
1228 629
73 634
114 634
155 628
189 628
231 640
268 632
310 632
352 617
389 616
426 632
465 616
505 628
543 628
580 617
620 640
658 628
700 634
734 634
778 616
812 640
853 640
891 640
928 631
968 630
1005 622
1048 617
1089 628
1126 628
1164 628
1204 628
100 622
130 644
174 621
210 633
245 622
285 639
322 645
359 636
396 621
433 633
474 622
506 639
549 622
582 633
624 621
660 637
694 633
735 633
774 645
808 644
849 622
887 633
922 633
959 639
997 633
1034 633
1074 621
1111 626
1148 633
1180 622
122 638
158 643
195 644
232 632
268 627
307 644
339 638
374 638
413 638
452 627
487 638
521 638
555 638
591 638
632 631
664 627
701 627
738 638
774 640
813 638
845 638
884 631
920 649
957 627
990 638
1026 638
1064 627
1100 627
1136 643
1174 638
144 638
177 643
216 632
247 643
284 643
313 648
351 648
388 632
418 643
456 643
491 643
523 643
562 632
596 643
629 643
663 643
698 643
736 643
768 643
805 643
841 654
875 643
911 632
945 632
980 637
1011 632
1048 643
1082 643
1119 643
1155 643
159 647
194 647
229 653
259 652
295 637
327 658
362 647
395 637
426 649
460 637
494 647
531 637
564 649
595 652
632 641
666 647
699 641
731 647
767 649
798 652
831 647
866 647
900 658
932 647
967 647
1002 641
1036 647
1070 647
1103 647
1135 647
175 641
203 656
241 651
271 641
306 651
337 651
366 661
402 654
436 641
467 653
497 651
534 656
566 661
598 651
629 651
662 651
698 645
730 651
760 641
793 651
826 651
858 653
892 651
926 656
954 651
992 656
1021 653
1055 651
1085 651
1122 651
192 645
222 655
256 645
281 658
313 654
346 664
377 649
410 654
440 659
472 648
503 645
538 654
568 655
599 645
630 660
661 654
693 659
725 655
759 654
791 660
820 659
854 654
884 658
915 655
947 655
980 656
1010 654
1040 660
1075 654
1106 645
214 653
244 653
272 668
306 661
337 658
369 658
400 663
431 649
460 658
492 649
521 649
549 663
580 663
612 660
644 649
673 658
704 667
733 649
766 649
797 661
828 663
858 658
889 652
917 649
949 661
982 661
1011 663
1041 652
1068 649
1104 668
218 670
252 652
281 661
311 656
342 652
371 661
399 661
429 670
459 661
488 656
518 657
548 661
577 661
608 661
637 652
667 656
698 652
726 671
756 652
786 666
816 666
849 661
876 661
908 661
937 656
965 664
998 666
1025 661
1056 666
1085 657
243 659
268 673
298 667
327 665
358 655
384 665
415 669
445 659
470 669
499 659
530 664
557 669
588 674
618 656
646 665
671 655
701 673
730 669
759 655
790 665
819 666
847 664
876 665
906 674
932 660
961 660
992 656
1021 667
1050 669
1077 669
253 662
284 659
313 659
338 672
366 662
396 659
424 668
449 669
477 668
506 668
534 670
562 668
591 667
619 668
648 672
677 672
702 667
732 662
760 672
789 662
813 667
843 668
869 668
899 659
926 659
953 659
983 676
1015 676
1037 663
1069 663
258 670
284 670
314 670
341 670
365 674
396 673
422 678
449 672
475 679
505 665
529 678
560 662
586 673
615 662
642 670
670 665
694 678
722 670
749 679
776 670
805 662
832 674
861 670
886 666
916 678
940 678
969 674
996 670
1024 665
1052 679
268 677
293 675
320 665
347 673
377 668
402 673
428 673
454 677
483 665
507 665
535 673
559 677
586 673
613 673
639 669
668 669
695 669
719 665
748 677
773 674
799 673
825 681
850 673
878 668
906 675
932 677
958 665
986 675
1013 673
1041 681
282 671
307 667
335 676
361 675
386 679
413 671
436 671
463 675
489 679
516 675
539 671
568 677
591 677
619 675
642 683
671 667
694 675
723 679
746 668
773 670
800 675
823 668
852 677
875 667
901 675
926 679
955 671
981 667
1004 675
1032 675
295 670
320 685
348 670
371 678
399 670
421 670
447 679
474 678
497 670
523 678
549 678
574 681
597 678
625 680
650 686
674 685
699 678
726 678
750 674
775 686
801 678
825 682
850 670
878 680
903 679
925 681
951 678
976 678
1003 673
1027 678
309 680
335 680
357 675
381 672
407 682
431 675
457 680
480 680
506 682
528 680
553 680
581 680
603 681
629 672
653 680
679 682
702 680
727 684
753 680
774 684
799 680
823 675
850 684
875 676
897 680
921 672
946 682
972 688
994 673
1020 684
311 682
334 682
356 682
382 682
407 682
429 682
454 675
477 682
502 682
526 684
549 690
572 682
598 684
623 686
646 675
668 690
694 675
719 675
742 675
766 678
787 675
813 682
837 682
862 684
883 686
909 682
931 682
958 684
980 675
1004 675
