163 113
359 28
565 86
753 91
918 41
85 170
239 130
389 137
542 177
697 218
823 150
991 193
65 228
186 247
307 206
421 225
537 191
665 265
775 197
909 227
14 262
127 279
232 264
324 263
425 278
527 263
634 233
741 265
844 271
936 248
1 303
93 273
175 302
264 301
359 290
444 272
538 288
628 289
707 288
805 288
888 290
973 289
60 320
147 287
227 309
302 310
380 320
459 295
538 286
620 286
689 310
775 316
850 286
930 308
1005 309
28 302
96 324
168 330
242 324
306 324
378 323
446 335
524 323
590 313
658 302
729 304
800 324
880 323
941 313
3 345
63 335
135 323
206 317
262 335
330 345
396 335
460 344
525 317
586 317
649 345
718 317
782 345
840 324
906 323
973 315
31 345
90 351
151 345
210 349
270 345
329 346
394 349
449 345
509 327
566 345
625 346
682 346
744 328
811 345
866 363
924 335
980 328
20 359
81 355
131 371
190 354
239 363
295 358
354 338
405 363
463 346
517 355
576 354
623 338
682 362
734 345
795 362
844 344
895 347
960 354
7 347
56 346
105 347
159 362
207 346
262 346
306 362
362 362
412 370
463 347
514 369
562 346
614 346
670 362
716 352
769 365
819 369
873 369
923 354
35 369
83 361
136 360
183 355
229 372
278 355
323 369
372 369
419 369
465 361
509 360
560 373
602 376
655 369
702 383
746 376
795 369
839 383
890 354
33 362
76 375
127 369
166 367
207 375
251 378
298 375
340 362
383 389
433 376
477 375
515 368
561 375
604 382
652 362
693 375
737 388
780 362
828 367
872 378
65 368
104 373
142 386
187 380
225 380
270 387
310 373
352 373
394 367
435 380
477 380
517 393
557 372
601 386
644 380
683 384
723 368
763 373
809 373
848 393
82 390
125 396
167 373
204 396
242 388
279 384
322 384
361 396
399 377
441 390
480 378
516 377
558 384
596 372
637 396
676 384
714 377
754 390
794 384
833 384
99 394
140 388
178 394
214 381
251 394
289 388
325 382
363 392
401 377
437 383
478 392
510 388
551 389
585 382
626 400
663 388
698 389
737 383
774 389
810 394
120 386
159 386
195 382
226 398
259 397
298 392
335 392
370 382
404 381
439 392
474 381
510 381
546 381
580 394
615 392
654 386
690 403
726 392
761 392
795 403
140 396
174 400
206 385
239 385
274 395
309 398
341 400
377 401
408 395
442 398
476 400
509 395
543 389
580 395
611 385
646 398
681 400
710 385
746 390
780 391
158 393
192 389
224 408
252 408
290 393
318 408
353 389
383 399
415 398
446 398
481 389
512 398
543 389
576 400
609 393
641 401
675 402
704 389
737 400
770 392
170 392
204 401
234 401
265 401
294 396
326 404
354 403
387 392
416 401
450 406
479 403
509 392
540 401
571 410
600 401
634 396
663 401
695 410
723 403
756 401
195 406
224 395
255 408
284 413
312 413
341 398
372 408
401 404
433 406
458 408
488 395
520 395
547 404
579 404
609 404
638 404
666 413
694 399
725 413
753 404
203 406
233 402
259 410
291 398
317 406
345 410
373 406
404 398
431 408
457 406
487 398
515 406
541 406
570 406
601 409
627 402
656 406
682 406
712 398
741 410
218 400
243 403
272 408
297 403
324 403
351 403
378 403
407 408
434 412
461 408
487 408
517 400
542 408
567 408
596 408
624 408
651 412
679 408
704 416
733 403
225 414
253 402
279 411
303 410
330 410
356 410
385 414
409 410
435 410
463 410
488 410
514 410
541 418
565 418
592 406
619 402
646 414
671 405
700 414
725 405
232 404
255 404
282 412
307 416
332 404
358 413
383 407
410 414
434 404
458 413
484 416
511 404
533 412
561 416
584 412
611 407
635 416
661 420
686 412
710 412
243 406
268 409
291 414
316 414
341 414
366 414
388 417
412 406
437 416
460 406
486 414
511 406
536 406
559 409
582 415
608 409
632 409
655 414
679 414
706 414
254 419
276 411
301 415
322 419
348 412
370 408
393 415
416 419
441 408
466 408
488 408
512 412
535 415
559 412
580 408
606 422
631 419
651 408
677 422
700 419
266 417
289 413
313 417
334 413
356 417
381 424
401 420
424 417
449 417
470 417
493 417
516 417
538 410
560 417
584 420
607 413
629 417
652 410
675 417
698 410
271 420
291 420
313 414
338 414
357 418
379 418
404 412
425 425
447 422
467 418
489 418
512 425
535 414
554 418
576 414
600 412
620 422
643 418
665 412
685 418
276 420
298 420
317 420
340 420
360 420
384 423
404 422
425 420
447 426
466 420
489 426
510 420
532 416
551 420
573 420
594 413
615 413
636 420
657 416
679 416
289 415
307 415
329 421
349 427
368 424
391 421
412 423
430 415
451 415
472 421
493 427
513 421
533 421
554 417
577 415
597 421
616 427
639 415
658 427
680 422
295 422
316 422
335 425
355 416
374 422
396 422
415 422
436 419
455 419
475 425
495 422
514 416
534 425
554 424
574 428
594 422
614 422
633 422
654 428
674 418
300 423
321 423
339 423
358 420
377 417
397 423
418 420
436 423
456 424
475 417
494 420
514 420
532 417
552 423
572 417
591 423
610 429
631 417
648 423
668 417
307 419
328 425
346 421
365 427
383 427
401 427
421 425
439 430
459 424
478 421
496 419
513 419
532 424
552 419
570 427
589 421
609 424
628 430
647 421
666 421
