871 401
855 399
844 403
820 403
807 405
786 403
774 404
754 404
735 399
718 403
700 403
682 406
665 399
649 403
633 403
614 399
594 399
580 405
563 399
546 399
529 401
509 401
493 405
476 401
455 403
438 401
425 403
406 406
390 399
373 405
887 402
866 399
854 402
836 398
817 403
801 402
779 399
764 402
742 404
727 402
711 402
688 404
672 400
655 402
637 402
620 402
602 399
580 403
567 402
548 398
527 403
512 402
493 402
478 402
454 404
438 402
419 398
406 402
384 402
364 404
892 401
879 403
854 399
837 403
816 398
798 398
782 399
762 401
740 403
725 400
707 402
686 403
665 401
651 401
628 402
611 401
593 401
573 400
556 401
534 399
517 403
497 401
478 401
462 403
446 399
425 398
405 401
389 401
367 399
350 401
920 401
904 396
886 402
865 396
840 405
826 401
803 401
785 402
763 397
746 398
727 397
706 399
686 403
665 405
644 401
627 403
606 400
591 401
569 400
546 403
530 401
509 397
486 397
469 400
450 396
432 398
413 401
391 401
370 401
348 403
946 396
924 396
902 397
885 402
860 400
846 402
823 402
799 400
777 396
758 396
738 400
721 402
701 402
681 396
660 400
640 400
619 397
593 402
577 398
556 404
537 396
513 400
494 400
474 395
452 404
430 400
414 396
391 402
369 402
351 396
945 403
925 396
904 400
879 399
863 401
844 399
813 400
795 401
777 399
755 399
733 399
708 399
686 401
667 403
650 399
628 394
601 399
584 399
560 401
539 399
517 397
494 397
473 395
451 400
430 399
410 401
385 400
364 403
346 401
320 394
988 398
962 393
940 398
917 400
894 393
870 403
850 403
826 400
799 395
779 393
758 398
735 398
713 398
690 402
667 398
643 398
623 393
603 398
575 393
555 398
530 400
511 398
489 395
465 403
447 400
418 395
401 398
376 400
353 400
329 395
996 394
971 402
954 392
925 399
903 398
871 394
853 397
823 392
803 394
778 394
757 398
736 397
712 402
690 392
661 392
640 397
617 397
592 398
571 394
549 399
520 399
494 399
472 399
453 397
429 398
403 397
376 397
360 398
337 402
311 397
1004 395
979 390
956 397
936 400
908 395
883 393
859 395
825 390
807 395
779 395
751 395
733 395
704 390
685 390
657 393
627 397
603 396
582 398
556 390
528 395
502 397
475 400
452 395
426 395
407 395
379 392
355 395
332 390
300 401
1003 394
979 394
946 396
925 394
895 396
865 394
836 394
813 396
785 399
752 388
726 395
700 394
675 396
650 395
624 389
595 390
567 394
546 399
518 396
492 394
467 397
437 394
407 394
385 394
354 394
326 391
307 397
1015 389
990 395
960 392
932 398
897 387
881 392
844 395
812 393
792 389
757 392
734 395
704 398
679 387
648 389
621 387
591 398
562 387
534 392
505 395
476 398
449 392
428 387
391 395
364 389
337 393
314 395
283 392
988 384
964 384
933 384
905 391
879 390
840 384
814 384
776 385
754 390
724 384
698 387
663 387
630 391
598 392
575 390
544 387
513 397
483 394
455 387
421 390
393 391
363 393
327 394
297 384
266 387
984 388
951 390
921 388
889 391
869 381
832 388
793 391
767 388
732 391
690 382
668 381
637 390
597 395
571 384
531 385
500 382
468 388
433 381
401 388
370 388
339 395
307 388
274 390
241 382
994 381
951 378
914 385
882 392
842 386
818 385
779 378
747 378
710 385
669 385
632 378
594 389
557 381
525 389
491 377
449 380
418 385
384 385
349 378
318 385
278 381
248 385
201 388
992 375
971 378
924 383
895 390
856 377
806 382
770 382
731 382
690 375
653 386
621 384
580 390
534 386
494 390
454 375
426 374
384 377
350 377
305 384
264 382
232 374
182 382
1018 379
982 388
932 379
890 370
858 379
805 373
767 379
720 381
681 383
644 370
597 379
552 379
511 374
470 379
434 378
387 383
348 379
295 379
264 373
219 370
172 379
975 364
930 374
882 374
838 374
797 364
741 374
696 384
656 369
595 384
556 374
510 374
451 374
409 369
369 373
318 374
266 374
218 374
173 364
137 374
1006 368
934 372
898 379
832 361
795 361
744 373
687 371
630 368
577 368
518 356
462 367
400 360
350 357
307 368
256 373
195 372
156 358
85 373
980 368
915 356
865 365
802 362
749 363
687 362
612 349
550 368
501 354
429 361
389 356
317 362
269 356
212 350
127 361
75 361
11 356
994 336
949 350
863 351
789 353
721 351
642 353
571 352
508 351
449 339
367 353
290 350
216 338
166 337
76 351
14 355
1006 336
914 336
823 338
761 338
671 319
564 328
491 322
417 328
302 352
233 355
156 337
61 320
962 319
830 319
735 325
637 324
534 321
428 304
308 326
220 298
102 326
917 270
754 284
652 289
513 288
357 296
241 292
99 292
993 202
795 216
623 170
411 257
194 196
677 152
316 87
