381 33
626 26
86 205
299 201
502 203
676 211
798 202
135 292
265 292
371 285
539 262
664 306
812 282
903 281
79 318
151 318
272 337
350 347
463 335
552 322
667 317
770 325
844 337
933 318
97 354
171 369
255 386
324 385
413 354
499 369
577 378
648 354
736 363
815 387
915 377
969 370
68 392
113 392
186 399
250 399
317 405
391 391
456 378
539 392
592 383
656 378
729 392
803 392
857 383
939 406
995 399
34 414
99 408
154 408
224 408
267 420
330 414
387 407
446 396
500 414
573 408
630 400
683 408
731 420
797 408
872 407
921 408
978 408
19 420
75 413
137 409
183 420
245 423
300 425
335 420
408 409
446 409
499 425
555 409
607 420
664 409
718 414
768 420
816 420
880 420
935 420
34 430
70 430
121 420
175 430
215 433
259 435
314 424
350 430
401 433
457 425
509 433
551 430
594 430
651 420
689 424
750 430
786 430
837 425
891 420
11 429
39 440
96 429
129 432
179 438
217 438
262 438
302 429
349 438
393 429
435 429
477 438
530 429
570 441
619 438
659 429
700 438
732 438
782 432
825 447
863 438
20 439
59 436
111 448
140 449
181 445
222 444
262 445
297 440
346 445
379 436
427 445
456 449
500 444
540 445
584 445
627 445
662 453
697 453
739 445
788 444
820 436
2 446
45 453
80 450
111 452
148 450
187 442
234 445
264 450
298 454
332 450
377 442
410 446
442 443
488 450
524 458
558 458
597 450
634 450
665 451
703 452
739 446
776 458
821 443
30 455
70 448
94 448
136 447
171 447
204 455
239 462
271 448
301 458
337 455
367 455
398 457
437 455
475 455
508 462
537 455
575 455
612 448
638 455
676 451
710 455
743 456
773 457
36 459
66 460
100 460
133 455
167 466
198 460
226 463
257 467
290 459
323 466
360 455
392 459
420 466
450 456
480 456
521 460
545 459
581 455
613 452
641 453
681 459
709 459
744 456
779 460
1 463
35 466
60 469
88 463
123 466
156 457
182 466
213 460
238 470
265 463
297 465
333 460
357 466
396 463
421 466
449 459
482 466
512 464
536 457
567 459
604 459
627 463
655 466
688 460
715 459
746 457
14 469
40 462
63 463
94 466
125 469
151 466
177 466
208 466
238 469
261 466
293 469
321 467
348 463
374 463
402 469
430 467
459 466
490 460
517 463
542 469
568 466
599 460
631 469
648 460
682 472
703 466
736 463
21 464
49 464
76 471
102 471
124 471
153 463
172 469
203 469
229 469
254 469
284 470
315 468
333 464
359 463
388 469
413 463
445 474
471 466
491 463
523 471
543 463
571 466
604 464
630 469
653 469
683 474
703 463
729 472
13 466
41 466
62 476
85 471
111 476
139 473
158 466
185 471
212 471
232 471
262 473
284 466
306 471
334 471
361 469
383 468
410 474
433 471
453 471
478 471
507 473
528 471
560 471
580 466
604 476
627 471
658 471
681 471
705 468
22 468
43 478
70 468
95 473
112 470
139 473
159 475
189 473
211 468
230 475
251 473
278 470
297 473
326 473
351 473
366 474
391 475
422 473
442 475
461 473
489 473
511 468
531 473
554 473
584 473
606 468
628 468
653 471
676 473
697 475
48 479
70 475
92 477
121 475
140 477
164 477
188 479
209 477
226 475
255 479
275 477
296 474
324 472
337 475
362 475
384 477
406 475
427 476
454 474
474 470
495 480
516 477
539 476
560 475
586 475
606 472
625 475
649 476
672 475
693 476
66 477
89 472
111 477
129 479
154 477
173 472
194 472
212 477
238 477
257 476
282 477
299 474
320 477
341 474
364 479
382 472
410 474
426 477
446 477
468 473
490 478
513 479
532 474
554 479
578 477
599 475
616 472
640 477
664 481
678 477
96 476
114 481
131 480
150 479
178 476
192 475
215 479
229 481
255 474
275 475
298 475
316 479
336 479
354 479
380 479
394 475
415 477
442 481
460 475
478 477
498 480
517 476
540 479
561 476
579 481
599 480
620 481
643 475
664 474
685 479
102 484
122 482
141 478
166 480
184 484
202 481
215 480
240 482
259 480
274 485
299 480
316 476
335 481
354 478
375 484
396 480
415 480
434 480
451 478
469 481
495 480
512 480
533 476
553 481
569 476
591 482
606 484
628 476
647 480
665 476
123 481
141 478
159 479
177 482
196 484
218 479
234 484
251 483
272 478
291 486
309 484
327 481
345 478
367 482
384 477
405 482
419 479
442 481
458 482
480 484
495 484
513 483
531 483
549 482
571 477
591 480
610 482
626 483
646 480
665 478
131 482
152 479
168 484
185 480
204 479
221 485
238 481
254 483
275 479
293 483
309 483
327 481
342 483
364 485
381 479
402 480
417 480
433 483
455 487
472 485
489 481
507 485
521 480
544 485
558 481
580 486
595 481
614 487
628 479
650 480
145 480
160 488
176 484
192 482
211 484
229 486
245 482
264 487
280 486
296 482
316 482
332 488
347 481
366 486
380 484
398 484
419 484
437 484
451 483
473 484
485 482
503 480
523 485
541 488
557 480
572 484
590 484
611 484
623 480
644 480
158 485
173 487
191 483
213 481
227 489
245 482
259 489
276 485
295 486
309 486
328 486
346 486
362 483
379 485
393 485
410 482
429 483
445 486
460 487
479 487
491 485
512 486
528 485
545 485
560 485
578 483
592 485
609 485
630 483
642 487
178 483
195 483
208 487
228 483
244 483
257 490
274 487
289 487
305 489
323 486
342 487
356 488
374 484
388 486
402 483
422 489
436 490
451 488
467 486
487 486
503 487
517 486
534 487
549 483
563 487
579 483
597 485
615 487
633 487
645 484
182 487
195 488
212 484
227 491
238 488
256 484
272 487
286 484
305 488
318 484
336 484
349 487
364 487
382 487
396 489
411 484
430 488
444 487
461 486
478 484
492 487
508 484
520 486
536 484
553 486
569 488
584 488
601 488
618 491
630 484
197 489
210 490
224 488
237 491
256 488
272 485
285 486
300 485
313 485
330 488
345 488
362 486
371 490
391 491
406 491
418 488
435 490
451 485
464 488
478 490
495 485
510 491
527 485
539 486
552 490
570 485
582 485
601 488
614 488
627 488
205 487
219 486
237 486
251 489
265 489
278 489
293 489
309 492
324 489
337 489
350 489
363 489
381 489
394 486
407 487
421 487
438 491
455 489
466 492
480 486
495 492
510 486
527 492
537 489
552 489
569 486
583 491
598 492
612 486
627 486
220 486
232 491
243 487
260 488
276 489
289 492
301 488
315 490
329 487
344 491
356 488
374 487
387 488
399 488
415 489
429 489
444 491
457 490
471 491
483 489
500 488
511 486
525 489
542 490
554 490
570 491
585 486
599 489
613 491
623 490
228 490
242 493
255 489
271 493
283 493
296 492
312 487
324 490
339 490
351 487
365 489
379 492
392 490
408 490
421 490
435 491
445 493
461 491
473 487
486 491
500 487
516 487
528 490
542 491
554 490
568 490
584 489
597 493
612 490
622 487
234 492
247 491
262 491
275 492
289 492
303 491
315 489
326 491
343 488
354 491
366 492
380 491
392 491
407 491
420 491
435 491
447 492
461 491
472 488
486 489
498 491
513 491
525 491
539 488
553 492
564 491
579 488
593 491
605 488
618 492
237 491
252 491
268 491
278 491
293 492
302 494
318 494
328 492
342 490
357 492
368 491
381 492
396 491
405 490
420 494
430 491
445 492
457 492
471 492
484 494
496 491
509 489
521 489
537 491
547 492
562 490
574 492
584 491
597 491
611 489
248 492
265 490
273 489
286 494
300 492
311 492
322 492
337 493
347 495
361 489
375 492
386 493
400 489
412 490
422 492
434 492
447 491
461 489
471 492
486 490
500 489
512 494
522 493
537 489
548 493
560 492
573 489
587 492
596 492
611 494
257 490
268 493
284 490
295 491
305 494
319 495
331 490
344 495
355 495
367 491
380 495
391 493
402 492
418 493
428 493
440 495
452 490
465 493
474 495
487 491
501 491
514 493
527 490
539 493
550 492
560 491
573 493
585 492
597 491
612 494
259 493
273 490
285 491
295 490
308 493
320 491
330 494
346 490
354 493
367 494
380 491
391 494
403 493
414 494
426 494
439 493
448 494
462 493
471 490
485 493
498 494
508 495
521 493
532 490
544 494
556 493
566 492
579 490
590 493
602 491
274 494
285 494
297 492
308 491
317 494
331 491
343 492
352 495
365 491
375 491
387 494
400 491
411 495
420 491
433 496
443 493
457 493
468 493
479 491
491 492
501 494
515 495
525 491
535 494
547 495
561 494
571 492
584 492
593 495
607 495
