66 243
341 217
620 171
914 229
5 324
248 272
423 315
640 311
875 344
106 402
264 336
423 367
598 332
771 381
931 370
12 422
141 422
283 396
416 408
558 410
688 410
813 411
944 386
2 414
105 450
219 445
330 437
457 425
560 425
683 437
793 444
909 416
63 460
155 465
256 451
348 447
451 480
543 461
635 461
733 441
837 440
933 465
34 485
122 460
211 495
296 476
379 476
457 485
554 485
634 458
716 475
801 477
883 477
979 477
13 489
96 472
167 504
249 488
324 488
392 497
470 504
553 497
629 479
700 496
774 505
852 474
929 479
1012 493
42 499
109 491
180 501
246 498
316 513
388 498
462 502
532 498
602 485
665 484
737 484
807 484
874 498
951 501
1009 498
23 494
83 506
152 507
213 511
277 494
342 499
400 520
467 507
527 507
590 499
654 507
722 500
777 511
844 507
909 520
974 507
