328 140
327 140
317 143
327 140
317 139
307 142
292 142
326 140
312 139
295 139
287 142
279 143
335 128
318 138
303 139
289 136
277 139
269 140
262 143
333 124
318 133
294 138
288 134
277 139
265 141
257 143
251 143
308 129
292 136
277 139
265 139
259 142
252 140
244 141
235 140
310 119
291 120
276 129
257 129
249 140
244 133
232 139
225 138
224 143
219 145
314 108
285 110
259 129
247 127
232 132
225 134
222 133
218 140
210 140
211 139
205 139
204 144
305 55
273 90
227 106
222 114
211 129
203 132
205 132
200 136
194 138
193 136
188 141
189 140
187 144
184 57
193 80
190 112
182 121
177 131
180 129
177 127
174 137
176 139
171 136
171 138
173 143
173 143
74 40
104 94
113 109
122 116
141 121
142 123
148 134
145 139
152 137
152 139
152 138
154 140
156 143
10 89
53 112
76 119
101 118
109 127
113 133
120 135
125 137
131 141
135 141
138 142
139 144
6 112
41 122
61 122
74 124
92 134
95 136
107 136
113 139
116 140
121 142
123 143
2 120
33 120
48 125
68 134
78 136
84 138
95 138
102 139
104 142
108 146
12 123
33 132
51 134
63 133
73 140
78 138
89 140
93 145
4 134
18 137
39 135
53 139
65 137
71 144
78 142
13 132
24 138
34 136
50 141
55 142
65 143
13 140
30 141
41 139
52 143
11 137
20 143
36 143
5 140
12 145
26 144
8 144
