77 51
240 10
390 19
551 18
690 31
862 50
992 15
2 101
125 112
255 119
387 104
517 138
639 109
770 68
882 72
1009 90
90 169
218 143
312 150
426 138
531 174
638 156
753 170
862 180
965 172
61 248
164 222
255 236
353 196
442 222
547 219
636 246
731 234
824 221
920 223
1010 220
25 252
96 287
185 266
274 266
353 253
436 250
521 266
601 266
682 266
766 264
850 272
936 263
1009 263
0 316
70 295
149 294
223 283
289 316
374 273
448 283
524 303
596 295
666 273
740 295
814 275
885 295
967 272
38 329
104 319
171 307
242 320
307 300
372 330
437 330
512 301
574 340
638 320
707 321
775 325
846 319
917 319
979 329
12 338
84 340
143 348
204 348
265 322
329 340
392 327
447 328
508 329
571 328
633 357
693 340
763 347
820 344
881 329
945 338
1012 356
54 347
110 361
167 341
228 341
276 365
335 365
396 357
451 356
509 339
565 357
622 339
677 340
736 362
790 347
854 356
906 373
966 356
42 371
95 371
150 363
204 363
250 372
304 380
360 375
410 363
465 371
513 371
573 387
621 378
678 371
722 357
780 372
833 363
888 371
937 363
25 393
78 386
122 401
176 386
221 393
269 401
315 400
368 371
419 401
465 377
515 385
565 386
613 372
659 372
708 378
758 385
809 401
855 377
905 393
11 398
52 389
101 400
144 398
193 397
237 397
280 401
329 404
379 384
419 383
464 398
513 398
560 401
603 389
650 397
692 404
738 397
785 397
834 411
875 397
49 408
91 407
134 407
180 401
224 407
263 408
308 411
352 412
394 395
436 414
476 401
523 408
566 412
604 407
650 414
693 400
737 408
779 400
823 414
863 394
70 405
111 429
153 421
191 417
235 405
275 405
310 417
351 410
390 417
434 405
471 421
515 419
552 423
591 419
633 416
673 421
715 417
752 417
797 423
831 404
98 424
135 436
176 412
209 430
251 419
286 436
327 425
362 427
402 427
439 424
481 424
515 424
553 413
593 427
630 413
669 436
711 426
742 413
781 425
819 418
117 431
153 441
191 424
224 431
259 430
300 437
338 430
369 433
409 431
445 431
482 436
519 431
556 430
588 419
627 430
662 437
697 420
733 431
774 431
813 441
138 437
171 442
209 442
247 427
277 431
312 438
349 437
382 438
419 443
450 442
487 437
520 437
555 437
591 437
625 437
661 437
694 427
729 438
761 437
795 438
153 433
184 438
216 442
251 443
282 437
318 443
349 443
383 443
417 445
447 442
485 432
518 443
547 443
583 443
612 433
646 437
680 433
713 442
747 437
781 437
173 439
203 448
232 442
263 448
299 448
327 448
361 448
390 453
421 448
454 453
488 448
519 448
548 442
583 450
612 448
646 438
676 438
706 443
738 438
771 448
177 458
206 458
233 458
266 444
297 453
327 462
355 453
385 453
416 453
445 453
478 455
508 453
539 453
566 453
596 453
627 447
660 453
687 453
722 453
752 462
192 452
222 449
249 460
277 448
305 457
335 466
366 457
391 461
421 466
454 466
480 452
509 448
539 460
568 448
597 462
627 449
655 462
683 448
713 457
742 459
202 453
229 461
258 461
285 453
315 452
343 461
368 452
397 461
428 461
454 461
481 453
512 461
538 461
566 456
593 461
624 464
649 463
678 469
704 456
734 461
221 456
247 465
273 468
301 456
325 469
353 467
380 459
411 459
437 465
463 456
491 459
517 465
543 468
570 467
598 456
626 469
650 460
678 473
705 465
733 465
225 460
251 468
274 472
300 468
326 472
354 460
379 468
407 468
433 468
458 460
484 460
510 460
538 460
561 464
588 460
614 472
640 468
669 470
694 476
718 460
