1050 63
1195 85
1356 128
1492 112
158 44
385 94
586 64
759 144
913 167
1073 238
1198 210
1338 249
1440 258
71 197
270 212
450 205
606 197
755 206
889 260
1009 300
1138 272
1242 310
1334 310
1443 374
152 267
298 260
443 282
588 269
712 276
831 327
946 357
1043 356
1153 336
1233 361
1324 361
1422 406
1498 408
15 283
148 332
293 309
418 339
531 320
647 394
752 392
856 391
957 425
1050 409
1134 431
1224 425
1293 434
1374 427
1456 459
84 345
214 342
331 355
444 411
548 417
643 427
745 433
832 430
919 420
997 445
1079 453
1159 461
1231 467
1300 474
1363 480
1434 495
1481 479
120 379
223 415
327 407
431 432
516 451
613 421
706 428
785 449
862 442
935 451
1012 487
1089 484
1157 492
1227 507
1280 491
1347 529
1405 511
1463 523
1511 522
36 428
157 422
254 447
343 452
445 437
532 465
618 472
694 490
769 508
849 490
911 473
983 502
1052 495
1112 499
1175 517
1234 521
1294 504
1347 518
1392 514
1456 548
1513 559
110 440
187 458
288 477
359 506
455 479
533 495
613 488
685 491
755 510
817 519
890 522
949 504
1009 508
1073 530
1123 525
1180 521
1240 542
1282 529
1343 569
1385 553
1434 556
1484 564
60 463
146 492
231 496
310 501
387 506
469 500
533 514
613 501
679 525
741 548
803 513
868 543
930 529
985 545
1034 548
1090 533
1144 564
1195 547
1245 567
1296 572
1345 567
1380 562
1424 557
1474 584
1515 595
71 510
165 511
238 518
320 506
387 511
454 528
529 531
595 546
663 539
715 544
776 529
842 550
897 563
951 557
1005 560
1058 562
1105 549
1155 586
1200 571
1248 564
1296 593
1331 572
1376 587
1416 585
1456 578
1497 590
23 519
100 522
168 526
245 541
313 540
392 521
454 561
519 545
580 550
643 561
700 562
757 543
810 563
863 566
920 552
973 571
1013 559
1070 569
1112 579
1155 587
1198 569
1248 602
1285 597
1327 583
1368 594
1409 603
1449 602
1484 591
44 545
123 540
188 544
260 529
327 539
385 554
451 549
514 561
573 566
631 567
683 568
735 555
792 575
842 592
892 588
936 582
987 600
1037 591
1079 589
1124 599
1158 579
1204 596
1239 584
1284 605
1324 610
1361 611
1394 606
1429 595
1466 604
17 546
86 569
150 571
230 540
284 551
348 546
404 569
473 552
522 572
583 574
630 578
684 580
737 567
784 569
833 587
880 597
925 585
972 594
1015 611
1057 613
1101 601
1140 616
1186 618
1219 599
1256 609
1296 610
1328 612
1365 600
1396 602
1434 621
21 558
93 544
152 581
218 576
283 570
336 589
398 584
452 578
511 574
557 588
611 578
664 589
709 582
760 593
809 602
850 589
895 602
941 608
981 610
1021 598
1066 607
1104 623
1141 624
1178 600
1216 614
1251 610
1288 610
1320 620
1355 614
1393 634
63 556
120 580
180 561
237 571
299 573
355 585
413 573
461 575
514 592
564 580
609 581
656 598
700 608
750 603
794 605
836 620
879 608
923 614
961 618
1004 626
1037 619
1075 623
1113 621
1149 623
1184 609
1219 624
1248 613
1292 632
1318 616
1354 629
88 576
145 570
202 578
248 595
305 597
356 601
407 596
455 612
509 601
559 603
600 605
646 620
693 608
738 610
777 612
817 614
859 629
898 618
939 631
977 620
1011 610
1050 611
1087 628
1124 632
1152 617
1185 617
1221 619
1251 626
1284 634
1314 635
107 592
159 602
214 600
272 599
321 601
365 610
414 619
464 607
515 609
556 610
600 619
645 614
687 603
730 611
773 619
809 613
849 622
887 624
924 625
961 627
996 628
1027 618
1066 635
1098 625
1129 622
1164 641
1197 638
1230 649
1258 642
1288 640
132 592
184 610
237 605
285 613
336 609
384 610
426 612
475 606
518 616
562 620
599 619
643 624
686 634
725 626
766 625
798 627
837 634
876 629
910 634
947 632
979 634
1012 635
1048 637
1079 637
1111 642
1139 629
1179 646
1206 645
1234 649
1263 645
153 616
203 613
254 600
298 601
342 619
387 620
429 611
477 621
520 622
559 627
597 625
640 621
680 616
717 630
751 637
791 632
828 628
861 641
894 625
929 638
961 639
997 651
1029 641
1061 642
1091 647
1119 634
1151 635
1180 646
1209 643
1234 639
164 610
212 625
257 624
301 615
343 635
391 631
433 619
471 627
516 629
551 631
594 634
629 639
669 646
702 636
740 648
773 638
809 628
843 643
879 642
908 638
944 644
973 645
1003 636
1036 637
1065 638
1093 643
1123 651
1152 646
1178 647
1210 653
170 627
218 625
260 626
306 621
346 629
391 631
427 632
470 626
505 628
547 629
580 639
619 627
654 639
688 640
725 635
760 633
792 634
823 640
860 636
890 653
921 643
950 639
983 645
1012 646
1043 657
1070 648
1095 649
1124 651
1153 651
1178 657
195 624
241 619
279 633
317 639
365 624
401 636
441 638
480 628
512 640
552 635
586 642
620 633
654 644
690 645
720 647
755 648
789 639
817 640
852 645
879 652
909 655
940 654
969 665
1001 661
1025 647
1055 653
1085 654
1110 664
1134 660
1159 666
203 624
243 625
285 627
322 628
359 645
398 641
436 648
473 643
509 639
544 646
578 647
613 643
643 659
677 640
712 651
742 642
771 653
804 648
836 645
867 665
893 661
924 658
951 654
979 650
1006 651
1034 656
1063 671
1086 658
1114 663
1137 660
202 646
243 641
285 632
326 633
362 634
393 646
433 647
465 648
503 639
535 645
567 646
600 652
637 643
668 648
699 655
728 660
758 656
789 648
821 649
850 654
877 655
905 656
931 662
959 654
988 663
1010 664
1039 667
1063 661
1091 666
1114 667
223 645
261 656
304 637
336 648
372 649
406 652
442 641
478 642
513 643
542 664
574 665
608 666
637 657
669 667
699 658
730 659
761 651
790 656
816 666
846 657
874 663
899 669
927 657
955 669
981 671
1006 676
1032 668
1055 673
1078 671
1103 665
231 651
271 655
307 641
343 652
376 643
408 649
445 655
475 665
510 651
541 648
570 663
602 653
632 651
663 657
691 662
722 667
749 663
777 673
809 665
832 668
859 658
886 667
914 668
942 669
964 669
989 679
1016 675
1040 674
1063 672
1088 677
244 655
282 659
315 655
350 656
380 659
415 658
449 650
478 660
510 670
542 652
570 664
599 663
631 664
658 665
686 665
717 675
742 671
772 669
796 670
822 664
850 670
877 673
902 679
927 680
951 669
975 665
999 674
1025 675
1046 670
1072 684
252 657
285 658
318 654
352 660
383 661
414 664
448 667
478 654
510 664
537 665
568 668
596 669
624 671
651 663
681 669
708 671
736 665
761 671
787 673
812 667
839 673
864 674
888 674
911 683
935 667
961 676
984 677
1007 677
1031 686
1052 674
253 661
288 666
318 665
350 666
384 669
410 666
442 668
470 675
502 667
532 668
560 669
590 664
615 674
644 663
669 676
696 667
724 677
750 682
773 682
801 675
823 675
850 676
874 681
898 669
920 678
943 686
967 687
988 680
1011 672
1034 677
263 664
295 665
325 670
359 669
388 662
416 672
444 668
477 674
506 670
532 671
562 663
589 664
614 664
643 669
668 670
695 679
718 670
744 668
771 669
795 673
817 673
840 671
865 679
890 687
913 688
937 681
957 674
981 686
1001 678
1025 686
268 671
299 659
329 668
356 673
387 670
418 671
445 674
474 664
500 664
531 665
555 674
584 666
608 670
635 680
659 672
685 672
712 670
734 671
760 683
782 683
807 688
834 688
856 677
877 682
901 675
921 686
945 683
965 676
987 688
1007 680
276 670
305 675
336 680
365 675
395 664
422 682
451 674
477 675
502 671
531 676
559 672
583 677
610 673
632 671
658 671
684 675
707 682
733 681
754 681
779 682
802 686
825 683
847 691
871 685
892 688
915 685
934 685
957 686
979 686
997 690
281 673
310 678
341 674
368 683
396 684
423 676
450 669
476 677
502 678
530 686
554 683
582 680
605 682
629 685
655 677
677 674
701 678
726 676
748 684
770 677
793 685
817 689
836 689
861 686
881 694
901 687
925 688
943 688
965 689
984 690
295 672
322 673
350 677
376 670
404 678
429 687
456 675
482 676
507 673
531 681
559 675
580 682
605 685
631 683
654 688
677 685
698 692
721 689
744 679
765 682
787 687
811 680
832 684
853 682
874 692
896 683
917 690
935 694
955 691
976 685
294 679
322 674
348 680
376 680
402 685
427 685
451 682
479 675
500 687
525 684
552 684
575 680
598 685
620 686
646 690
668 690
689 684
712 688
735 684
757 692
777 689
800 696
820 690
839 690
859 694
879 685
902 693
919 686
941 689
959 689
301 681
327 674
351 682
381 675
405 676
427 684
456 677
477 684
502 681
526 686
548 686
574 679
596 683
620 684
641 688
665 692
686 689
707 682
730 697
751 692
772 691
794 691
812 694
833 699
854 686
875 693
893 687
913 691
930 691
950 698
308 676
334 684
359 684
383 687
410 693
432 687
457 686
482 683
504 689
529 681
549 692
575 685
596 693
617 697
640 692
661 697
684 684
705 692
725 695
746 692
768 693
787 690
807 690
828 690
847 698
866 691
886 702
905 696
923 696
941 696
