725 35
884 12
41 72
242 99
425 164
570 120
731 180
861 192
977 192
99 177
252 212
400 211
549 237
663 248
786 236
902 299
985 304
144 262
283 243
407 261
524 280
623 312
722 300
820 312
904 312
998 350
135 283
245 312
351 326
465 324
556 330
640 352
727 336
814 371
890 383
959 361
68 348
179 350
275 337
362 376
459 359
548 387
618 373
701 390
771 398
836 402
910 424
969 412
71 371
173 356
270 365
351 388
435 379
511 409
578 423
652 421
718 434
779 404
837 409
900 438
964 433
1012 427
79 395
176 402
254 396
329 412
410 406
476 420
543 442
607 413
673 434
733 443
791 446
844 452
892 439
943 438
992 455
51 422
130 417
206 412
279 430
350 421
411 450
478 454
549 449
601 460
658 449
711 453
771 456
815 466
871 465
910 451
959 455
54 433
138 418
206 437
267 440
336 452
402 439
464 454
518 468
576 458
630 474
679 467
734 466
783 481
827 471
873 473
915 476
66 435
125 460
196 441
258 454
325 449
384 452
439 463
490 478
544 460
595 470
646 461
694 468
742 478
785 480
825 475
872 484
20 463
90 459
152 468
217 458
271 470
331 458
383 476
431 463
486 471
532 485
580 481
627 486
676 491
721 476
761 490
801 503
840 499
58 468
115 458
168 486
226 475
280 477
335 468
385 477
429 484
482 475
525 494
572 490
618 492
657 496
694 486
739 508
778 504
812 491
6 468
56 484
117 480
168 495
224 478
275 487
321 482
374 480
419 487
460 494
506 497
547 503
589 503
628 512
671 504
704 505
742 497
780 508
33 485
80 498
136 489
187 497
236 493
281 505
326 507
373 504
414 510
459 503
502 508
540 499
582 506
617 508
656 509
692 515
729 516
763 504
37 497
86 494
142 486
188 498
232 489
278 501
323 505
365 498
405 505
450 502
487 509
526 510
564 512
604 515
637 514
675 525
707 511
742 522
4 487
47 509
96 511
142 492
190 507
233 510
277 507
314 518
358 505
401 502
436 503
474 514
511 519
550 525
586 509
620 524
652 512
684 513
719 523
6 509
53 499
102 506
144 499
190 510
230 513
269 503
309 514
350 524
387 521
427 519
465 513
496 524
534 521
570 514
600 523
632 524
666 521
693 522
27 511
68 516
118 504
151 523
197 515
236 516
274 509
314 519
351 520
390 521
426 522
458 515
491 533
526 526
558 526
591 529
623 529
653 531
680 531
32 505
77 507
115 508
152 520
195 520
233 512
268 531
309 518
342 516
376 527
412 522
446 519
480 528
509 533
540 522
571 533
604 532
632 537
662 536
8 528
53 511
88 521
126 527
162 532
204 516
241 526
275 522
310 520
346 529
380 530
411 523
441 532
473 540
507 541
534 535
566 539
592 529
621 538
654 545
21 515
53 533
94 526
129 529
166 532
208 521
240 534
273 523
305 532
339 537
372 529
404 534
434 539
465 540
494 533
525 538
553 543
580 543
607 536
637 541
32 520
67 533
105 530
135 531
170 532
209 525
239 526
274 537
306 536
335 536
368 530
397 538
429 532
458 536
487 540
511 541
542 538
570 538
598 550
620 541
43 534
79 529
115 534
151 527
179 543
215 544
247 545
279 540
307 534
341 542
371 540
400 541
425 549
456 545
482 550
509 544
537 551
563 549
592 549
613 544
55 536
90 537
122 541
157 531
190 532
221 543
251 544
281 538
310 542
342 539
368 536
396 544
423 541
451 546
479 539
504 547
530 550
556 550
580 549
607 549
61 540
97 532
127 548
160 534
192 535
221 543
250 547
279 541
307 552
339 539
365 549
391 547
421 544
444 548
470 549
495 546
523 544
546 550
570 551
593 546
61 549
97 543
127 544
158 544
186 548
218 539
242 546
272 553
300 551
327 544
353 550
381 543
408 550
432 550
459 557
482 555
505 552
533 554
553 547
580 554
77 545
105 546
138 540
163 543
192 544
223 548
248 555
276 556
303 553
329 548
356 545
383 555
407 556
431 553
455 550
480 554
505 549
526 555
549 550
571 556
84 548
112 555
142 555
169 549
200 544
227 554
253 551
279 549
307 553
330 553
355 554
380 554
404 551
429 561
452 559
474 557
498 557
521 554
543 552
566 553
93 547
121 551
148 552
175 546
201 556
227 553
255 557
278 560
306 551
330 556
354 556
378 551
402 551
426 552
447 558
471 561
493 559
513 565
535 561
556 555
94 550
123 554
146 557
174 549
198 558
223 556
249 559
274 557
300 554
321 558
347 558
371 553
391 562
416 565
439 555
461 560
481 561
504 561
522 564
545 557
109 552
135 550
158 556
184 551
209 557
232 560
258 560
281 564
302 562
326 562
349 566
374 560
396 566
418 561
440 559
462 559
480 563
502 563
524 566
543 561
105 559
131 558
159 555
181 559
207 553
230 565
256 557
278 562
300 558
323 564
345 563
367 562
388 560
410 558
431 560
453 558
473 564
493 561
513 560
533 560
111 554
135 562
160 557
182 560
208 556
228 563
253 562
273 562
297 564
319 563
339 563
363 559
383 564
404 562
425 562
445 565
464 563
484 566
503 569
523 569
116 561
138 564
162 562
186 565
210 563
229 565
251 564
275 559
297 564
319 567
338 568
359 566
379 566
400 564
422 564
440 564
461 562
480 565
499 563
517 564
124 568
150 560
171 569
196 559
215 564
238 565
260 568
281 561
301 569
323 562
343 562
362 565
383 565
403 568
421 568
442 564
459 569
