81 224
346 214
620 194
894 228
36 318
227 322
432 318
615 320
845 361
132 375
284 382
452 383
603 359
764 373
937 371
37 390
153 421
282 399
418 414
542 417
677 415
811 416
945 441
9 441
121 427
219 464
342 440
442 461
568 462
666 427
787 439
892 440
1010 440
68 447
160 448
265 440
364 459
458 470
560 460
658 463
748 459
851 465
948 447
43 457
122 475
207 474
302 484
382 475
474 457
563 474
654 474
731 474
821 475
910 483
1003 483
71 494
155 470
236 486
310 494
391 479
468 470
550 477
631 502
705 486
792 502
864 470
939 487
55 481
128 481
196 481
260 487
337 482
411 501
479 511
551 495
622 488
686 503
761 481
830 495
904 511
977 496
19 505
80 511
149 518
215 498
275 504
339 491
410 491
474 511
539 491
600 504
671 507
732 505
793 504
866 508
928 505
993 511
