147 93
773 69
1364 6
87 266
313 226
535 220
798 176
1010 170
1260 204
139 415
370 365
554 401
740 362
940 393
1135 373
1293 329
37 458
205 512
374 415
549 442
689 485
869 464
1021 462
1208 482
1334 435
159 506
291 526
443 530
577 539
710 509
866 493
1019 548
1135 485
1295 532
96 601
223 583
346 599
488 544
602 619
740 623
861 585
989 547
1109 586
1241 546
1351 546
35 659
175 608
277 643
393 644
496 662
607 594
731 629
847 625
957 626
1071 639
1181 642
1292 628
89 663
186 664
294 633
394 665
502 646
594 664
697 665
803 672
895 666
996 632
1102 680
1210 664
1302 633
71 661
152 719
249 698
344 721
439 704
526 691
617 691
720 664
816 719
906 674
991 691
1089 662
1175 662
1274 690
1361 672
40 688
121 712
214 688
293 686
377 713
460 686
554 712
633 721
716 698
811 699
892 739
976 686
1066 686
1159 713
1240 700
1334 739
66 738
141 758
232 710
314 734
389 746
469 718
544 733
630 759
712 746
785 733
874 717
945 742
1029 708
1112 733
1188 732
1273 733
1339 707
49 741
110 763
189 753
267 740
347 752
413 729
490 751
565 741
638 730
715 738
783 758
852 729
930 764
1010 751
1080 730
1159 751
1236 764
1309 751
1371 729
25 756
99 746
165 755
229 768
297 754
362 778
506 778
576 767
643 758
783 745
923 779
988 768
1131 769
1194 755
1264 768
1325 747
202 772
334 772
848 769
1164 762
1230 760
1369 769
166 775
347 775
1250 774
1366 775
