1149 669
1129 667
1099 670
1077 667
1051 664
1024 667
998 673
968 670
938 667
921 667
894 670
863 664
838 667
811 669
783 670
757 665
737 662
710 670
681 667
657 664
631 669
603 669
577 667
553 667
522 667
498 667
477 662
442 667
421 667
393 662
1188 666
1158 663
1135 663
1109 663
1082 669
1049 666
1025 666
1001 660
973 666
939 668
918 666
888 666
864 660
834 666
810 666
778 666
754 666
721 666
698 666
665 666
643 666
620 666
589 668
560 663
531 666
507 660
481 666
451 660
419 669
396 666
1196 665
1159 667
1133 665
1107 668
1081 665
1049 671
1019 665
994 665
964 665
935 668
901 662
881 668
846 659
818 666
792 665
763 671
731 665
710 671
682 659
644 671
622 659
593 665
565 661
537 665
505 668
478 662
450 668
426 662
390 667
367 665
1227 657
1194 664
1163 664
1138 664
1110 665
1076 660
1044 667
1019 664
991 657
954 665
922 667
894 670
872 670
836 667
804 660
781 664
749 661
719 670
687 663
654 667
624 657
597 670
565 664
541 657
502 660
481 664
443 664
424 658
391 665
355 663
1225 658
1196 659
1162 656
1130 656
1102 669
1074 662
1040 669
1009 656
971 664
945 666
912 662
885 658
848 662
825 656
791 662
762 662
727 662
699 656
665 664
628 669
604 666
570 662
538 662
509 664
479 662
446 656
417 664
381 662
349 662
323 656
1248 661
1214 662
1184 654
1149 654
1120 664
1086 668
1060 664
1021 661
983 654
958 661
922 661
885 664
852 654
829 663
796 661
754 654
729 661
693 654
657 662
626 654
594 664
566 665
525 662
494 661
468 664
428 664
399 654
372 661
339 661
305 664
1305 652
1265 667
1233 652
1200 663
1161 652
1122 655
1090 652
1066 655
1022 652
992 655
962 659
924 659
893 659
853 659
825 666
782 659
754 666
713 667
679 652
640 661
618 652
581 661
546 659
511 666
472 659
440 652
402 666
371 652
333 652
307 655
1313 661
1271 657
1239 657
1197 657
1165 650
1131 657
1088 653
1061 661
1022 653
979 665
944 658
901 650
879 653
842 661
796 650
766 650
728 665
692 658
658 650
613 661
588 654
541 650
511 650
478 657
437 658
393 657
359 665
331 659
295 665
258 660
1325 648
1294 648
1261 659
1214 647
1180 656
1147 648
1107 658
1064 655
1030 652
984 651
952 656
916 651
878 659
833 656
797 660
767 656
718 660
679 656
646 655
602 660
566 648
533 652
499 660
461 647
426 648
371 663
336 655
308 660
268 648
233 660
1387 662
1344 645
1309 648
1259 658
1218 645
1186 662
1135 645
1100 653
1064 657
1021 662
984 656
943 658
898 658
855 653
823 654
780 655
745 662
694 645
662 645
627 645
587 653
537 656
505 645
456 662
415 653
380 656
333 662
301 653
254 658
216 653
1427 654
1380 641
1336 651
1294 646
1254 653
1203 651
1169 655
1124 642
1086 651
1038 660
997 646
957 641
903 646
864 650
820 655
777 641
732 641
702 651
647 651
610 645
567 646
518 650
477 659
433 651
397 650
342 645
311 651
255 641
219 655
168 650
1491 657
1435 642
1394 637
1350 649
1302 647
1257 652
1208 657
1162 637
1126 647
1070 642
1015 647
965 643
934 657
881 652
836 641
790 642
734 650
695 648
642 647
601 647
547 647
501 647
454 637
422 649
370 648
330 650
268 657
235 647
182 652
140 647
1505 633
1448 649
1401 644
1354 648
1307 633
1254 633
1195 633
1154 654
1093 633
1058 644
1010 638
944 637
898 634
844 638
795 654
746 654
706 643
645 644
599 633
543 633
501 633
439 644
386 654
342 644
301 649
248 649
191 633
147 647
90 633
1471 640
1439 645
1357 640
1318 628
1261 639
1201 643
1161 642
1101 640
1043 645
991 639
938 640
879 629
819 642
781 651
714 629
671 639
603 628
560 628
500 651
443 640
391 639
340 639
289 651
235 628
179 640
133 628
52 639
2 639
1454 634
1392 626
1334 647
1282 637
1205 634
1153 647
1082 635
1037 635
983 634
911 622
851 629
805 628
744 633
670 637
625 621
546 633
497 635
430 640
387 634
307 621
250 621
194 636
138 634
81 627
26 634
1505 620
1454 630
1371 613
1297 621
1255 628
1188 642
1115 632
1055 628
973 621
922 622
855 629
791 628
730 628
645 632
577 634
509 627
457 631
384 620
321 634
264 630
191 619
122 629
47 631
1433 622
1376 620
1301 606
1237 607
1154 621
1080 607
1022 621
931 612
873 629
787 626
718 629
647 623
564 636
515 621
437 606
366 626
280 620
220 607
154 622
45 635
1 629
1464 596
1373 612
1283 614
1220 618
1143 604
1049 605
984 596
906 629
799 622
729 614
646 603
561 613
495 605
422 619
335 621
243 613
169 613
96 597
1506 603
1405 586
1290 586
1240 591
1131 608
1039 601
946 603
847 583
768 611
685 604
579 610
503 621
415 613
300 602
216 608
133 583
24 607
1500 592
1436 568
1306 568
1225 602
1097 569
1010 592
912 568
784 591
697 610
602 577
469 602
394 601
298 581
173 570
67 569
1410 544
1306 596
1143 570
1033 555
903 574
792 577
651 554
537 547
391 568
286 565
162 539
10 571
1494 513
1361 538
1162 498
1022 528
872 504
676 564
551 533
350 546
171 528
59 511
1283 442
1118 466
898 457
691 469
424 519
248 472
33 483
1314 392
963 325
629 250
367 288
737 66
