61 31
140 57
223 33
306 32
384 11
467 10
545 36
633 31
708 13
35 68
117 80
189 59
257 56
318 74
390 71
466 75
537 71
605 70
674 56
739 77
18 100
73 99
135 99
192 115
255 108
322 100
382 83
440 99
507 81
563 100
628 116
689 100
50 124
102 123
162 108
210 106
266 122
319 122
377 122
434 130
489 122
538 106
589 108
647 123
703 107
37 142
90 129
135 142
187 128
237 143
281 128
334 128
385 129
429 142
482 157
526 142
578 133
624 133
673 142
723 142
43 146
79 164
123 170
170 151
215 151
260 150
309 146
349 151
394 158
435 162
482 153
524 159
573 158
610 146
656 145
701 159
748 150
18 170
62 165
97 170
141 170
181 171
220 171
262 170
305 182
344 171
388 171
424 174
466 170
505 170
548 170
586 171
629 171
672 182
710 183
4 181
38 173
82 174
120 192
156 181
193 170
230 181
266 182
308 192
344 186
384 170
421 180
454 170
497 175
532 191
571 186
607 186
643 184
681 192
37 179
70 189
101 189
139 194
173 184
208 179
244 189
280 192
318 189
349 199
387 193
421 184
456 189
489 183
528 194
563 190
598 189
634 179
669 183
15 197
51 188
82 188
112 207
149 197
179 202
210 202
247 191
278 200
308 187
341 187
378 192
411 197
440 202
476 188
508 202
542 197
575 202
606 198
638 188
46 199
77 204
107 206
136 213
171 195
198 205
229 199
260 198
294 204
325 208
356 203
384 208
415 209
450 213
479 199
511 208
540 194
571 204
603 195
634 206
58 214
85 201
115 212
144 205
173 210
202 210
233 214
263 202
289 210
319 201
349 206
380 210
409 219
436 202
466 210
496 212
522 210
554 213
581 212
614 212
70 217
99 215
126 210
155 215
185 215
210 216
238 223
265 219
292 219
320 216
348 215
378 215
406 210
434 206
459 217
487 210
515 223
543 207
570 223
599 207
97 216
121 216
147 220
173 224
202 221
227 220
253 228
281 221
307 212
330 220
357 228
385 213
412 222
435 224
464 220
487 221
517 212
543 220
568 220
595 220
106 229
131 221
155 218
180 225
204 229
230 217
253 225
281 225
303 220
328 225
355 225
378 226
404 229
428 225
454 225
479 225
502 220
528 232
553 217
578 229
121 236
148 231
170 222
193 229
218 229
241 229
264 232
288 226
312 222
335 229
361 232
385 236
406 229
432 222
455 229
479 222
501 229
527 232
548 232
571 222
126 236
149 235
171 228
193 236
217 239
240 226
264 239
285 226
309 236
330 233
352 228
377 232
397 233
420 233
444 233
467 226
488 234
511 236
533 228
556 226
142 242
165 239
186 242
210 239
229 236
251 229
275 236
296 239
318 236
339 238
360 236
380 236
402 239
426 236
447 242
467 229
490 236
510 229
532 239
557 236
155 235
175 240
197 242
218 242
237 242
259 242
278 241
300 245
322 233
341 233
361 239
382 233
405 241
424 245
444 242
465 236
487 236
506 239
528 233
549 239
157 242
176 245
196 245
216 238
237 242
258 242
276 245
298 236
317 239
336 242
355 236
377 236
397 242
416 239
438 242
456 236
477 245
497 242
515 236
536 245
172 247
192 244
211 241
229 239
248 244
267 247
287 245
307 239
326 238
346 244
363 244
384 250
402 244
422 241
440 244
459 241
480 241
499 239
518 244
538 238
175 248
192 247
212 247
231 246
250 246
267 246
287 247
305 248
325 241
343 247
361 241
380 247
398 246
417 246
436 252
452 252
472 246
491 246
510 241
527 243
