1723 424
1621 440
1867 420
1645 429
1918 412
1729 424
1656 429
1601 430
1572 433
1791 398
1618 426
1568 415
1511 433
1402 443
1490 410
1452 428
1413 434
1352 439
1619 372
1506 419
1459 411
1402 429
1373 431
1341 419
1325 438
1522 400
1388 407
1346 423
1281 389
1270 435
1225 442
1481 361
1409 367
1336 412
1314 417
1264 412
1233 423
1208 431
1165 438
1335 347
1217 419
1209 418
1176 412
1161 425
1145 431
1115 438
1160 388
1109 405
1085 420
1043 440
1012 359
1018 382
1003 396
989 422
989 438
839 370
851 387
896 415
894 417
915 437
902 439
908 435
761 385
788 407
806 412
811 427
824 429
844 433
538 305
571 384
642 411
726 428
743 431
766 436
779 431
403 363
636 428
725 438
263 361
489 419
522 405
567 391
601 416
37 349
252 398
399 404
524 436
138 398
361 416
479 441
520 444
77 402
238 422
298 423
346 417
398 438
443 433
461 438
87 419
156 429
216 417
366 434
416 445
