953 401
927 395
907 399
885 399
863 399
847 400
826 399
798 399
781 400
761 399
742 399
720 399
695 400
678 400
657 399
635 403
610 399
591 399
570 396
546 399
527 399
507 395
486 395
462 399
445 399
419 399
401 397
383 404
361 397
336 401
981 403
951 393
928 396
904 396
887 400
864 394
842 396
817 400
796 396
779 400
749 396
731 400
707 400
688 396
663 400
642 403
622 403
598 399
577 396
549 398
531 394
511 399
483 398
460 400
439 400
416 395
397 398
376 396
350 395
331 398
1001 399
973 394
955 402
924 398
898 397
877 397
857 397
835 399
812 399
787 399
762 397
737 394
719 392
696 402
671 399
650 398
624 397
597 402
577 394
547 397
525 402
503 402
481 397
457 392
430 394
412 402
385 402
361 394
339 397
320 397
1018 396
989 396
961 399
941 391
912 396
893 396
866 391
844 391
819 396
797 396
769 396
749 393
722 396
698 399
669 396
648 396
623 396
594 391
573 393
550 396
525 396
503 401
471 401
447 391
422 398
399 398
380 396
353 396
332 393
308 391
1012 391
987 391
960 392
934 390
906 395
882 392
857 395
828 400
809 400
780 389
753 395
725 389
702 395
680 392
650 389
625 395
600 395
570 397
550 395
520 389
497 395
471 392
449 396
419 396
395 395
368 400
340 395
312 395
290 397
1017 396
994 399
966 388
938 388
913 393
880 388
858 387
835 393
803 393
774 390
748 388
719 388
691 393
663 393
639 393
608 393
587 390
555 393
526 390
503 393
479 393
448 388
424 388
391 390
370 396
342 391
308 395
286 393
1002 391
964 395
941 388
914 394
875 388
842 392
818 392
795 394
761 391
731 391
697 386
677 391
646 385
621 391
582 392
562 393
527 393
501 385
469 391
440 391
416 392
386 392
351 394
326 393
293 392
265 393
1011 386
975 383
952 390
919 389
892 393
864 383
831 391
795 386
762 396
739 386
699 390
674 389
641 390
611 389
581 386
546 387
518 383
482 390
456 389
426 389
389 386
358 390
330 386
299 384
262 383
1015 381
992 390
956 395
915 381
896 387
854 387
818 384
787 391
758 383
729 380
690 381
659 389
629 383
592 383
562 394
522 391
497 384
453 391
430 391
393 388
360 388
328 394
298 384
262 390
221 381
998 385
962 386
926 386
882 388
848 378
817 387
788 387
754 388
708 385
679 385
644 389
606 389
564 385
528 377
492 385
460 378
422 388
391 378
349 385
315 381
280 389
242 377
204 378
984 382
939 375
911 390
874 382
825 386
786 379
755 382
715 374
667 383
628 382
593 383
556 383
515 382
472 390
435 390
407 375
366 386
329 390
285 374
254 375
215 383
974 371
944 370
896 387
856 380
809 375
769 379
730 379
689 379
640 371
610 379
559 371
519 379
483 371
435 374
392 379
346 370
303 383
259 379
218 379
191 380
983 366
932 365
883 370
841 376
795 375
755 365
698 370
650 384
608 375
560 375
523 375
474 375
420 379
380 375
335 375
279 377
239 384
182 379
138 375
989 360
955 372
895 369
838 369
784 369
726 375
675 363
628 370
574 374
529 363
462 375
419 369
368 370
312 380
257 359
216 374
159 374
93 362
968 356
901 363
844 366
800 362
729 362
668 363
612 351
550 362
500 351
444 369
375 374
326 367
259 350
204 364
140 356
90 363
27 362
1005 355
968 345
894 338
824 359
746 361
682 360
616 347
547 358
466 368
394 344
340 345
266 368
200 353
135 359
63 345
955 332
868 324
807 348
717 338
625 357
545 341
481 356
395 339
308 342
222 339
134 349
48 347
935 342
820 333
747 319
635 330
519 331
430 329
322 300
210 300
136 311
884 266
743 285
622 278
490 297
372 310
252 298
106 280
3 297
926 283
716 222
585 238
379 208
199 278
41 218
727 155
407 144
163 103
