68 0
1 143
78 123
191 116
250 119
333 94
450 85
564 68
651 74
773 43
912 1
26 217
56 218
152 188
189 186
271 167
364 182
443 159
524 145
612 152
697 152
822 141
938 120
21 273
91 248
156 262
194 255
261 252
330 232
399 241
456 230
528 231
611 234
680 222
761 218
847 190
934 200
13 307
63 316
109 310
161 298
210 282
260 292
322 277
372 269
422 290
498 275
549 271
621 272
697 261
762 267
837 241
931 253
8 336
41 332
86 331
116 329
163 316
214 315
267 328
310 324
357 328
413 315
471 320
531 311
577 313
628 301
691 298
754 286
821 295
911 289
966 299
20 349
62 357
95 358
132 353
171 344
210 351
255 340
295 351
341 334
385 346
425 341
470 337
529 326
580 339
627 322
697 317
754 324
809 325
877 319
924 321
1008 312
8 379
44 377
72 368
98 370
134 373
169 371
207 373
250 373
289 360
327 357
360 367
397 364
453 363
489 363
538 355
584 350
621 356
673 364
726 357
786 350
837 354
898 352
941 345
1012 341
13 392
56 392
82 385
112 383
140 386
183 385
200 387
242 389
267 388
303 384
342 386
386 378
427 385
457 388
507 379
549 378
585 375
633 377
673 368
721 364
766 362
811 370
878 373
916 376
976 368
14 400
32 405
60 405
87 408
119 410
144 396
175 398
201 401
233 396
273 393
304 406
338 399
367 397
392 396
434 399
476 395
511 398
542 393
587 392
631 399
674 385
706 390
750 387
792 379
848 389
888 384
941 388
14 418
26 417
56 413
86 412
113 409
135 415
163 411
186 415
213 409
245 413
277 412
305 415
330 404
361 410
401 403
433 409
462 404
492 412
533 407
560 399
608 398
645 405
673 397
712 408
748 399
802 394
835 401
880 400
929 399
27 421
41 426
61 426
88 429
112 428
130 421
165 421
186 418
212 425
237 426
265 417
298 416
321 416
352 421
375 421
409 427
435 424
464 419
505 419
534 418
566 411
603 417
632 416
673 412
700 416
747 411
777 407
810 415
861 413
901 413
35 436
61 434
84 434
106 439
126 433
156 430
180 438
201 433
225 432
249 426
281 431
309 431
326 425
356 430
382 430
413 430
439 429
473 422
499 422
532 421
556 428
588 420
625 420
658 422
697 432
718 426
762 427
805 431
825 428
871 423
76 441
95 441
112 443
133 446
160 440
183 435
205 443
225 445
255 434
270 439
295 435
326 439
352 438
377 438
404 438
430 438
452 437
477 437
512 437
538 436
570 442
601 437
624 433
662 437
694 441
723 428
759 434
791 434
828 440
858 435
107 447
125 447
147 447
169 447
197 449
219 448
239 446
257 449
282 448
301 440
327 448
353 447
380 447
399 445
429 439
454 444
478 439
501 438
535 438
559 444
586 444
619 440
643 440
671 446
705 436
734 436
771 442
799 442
826 438
870 437
112 454
140 453
156 455
182 455
200 453
218 452
240 449
263 452
281 457
304 447
327 447
353 454
376 452
400 451
417 451
447 448
471 456
491 454
519 456
548 450
575 456
603 451
627 450
656 444
684 444
708 451
745 451
770 449
804 443
828 443
145 454
157 458
176 463
199 458
219 460
237 460
261 455
275 455
301 453
317 457
338 460
368 452
390 452
409 462
435 460
458 460
476 452
503 462
531 459
549 451
577 457
598 451
633 457
657 451
678 451
705 456
737 450
767 462
796 456
829 459
165 459
180 463
205 458
222 465
241 463
254 465
278 463
296 460
317 465
336 460
361 463
382 465
404 458
425 465
445 463
462 462
490 459
507 459
532 467
555 459
583 462
608 464
633 462
651 457
680 463
702 462
735 462
760 459
788 457
817 463
183 469
202 463
214 469
228 467
249 469
267 469
288 467
307 463
328 468
351 463
361 467
382 467
405 463
425 465
445 472
468 469
489 470
510 464
537 467
559 469
575 464
600 462
624 470
646 467
676 467
700 462
722 467
747 472
774 473
801 467
203 471
221 469
240 467
255 473
274 471
287 467
306 471
325 474
344 473
365 469
381 467
404 467
417 472
435 472
456 474
480 474
504 474
520 476
545 472
561 473
588 473
610 477
629 472
653 467
676 474
700 472
723 473
745 467
774 475
792 475
213 475
235 477
246 475
260 475
284 473
295 475
313 475
332 475
349 477
367 475
387 475
406 480
424 476
442 476
465 476
481 474
503 474
520 472
537 476
557 473
581 476
603 476
626 478
644 474
670 476
692 476
708 481
735 477
755 479
782 472
227 476
241 477
258 482
272 479
293 479
306 480
320 481
338 480
358 481
371 475
395 481
406 479
429 479
444 479
464 482
480 482
499 482
520 477
542 480
561 480
577 476
596 482
618 482
641 482
661 481
685 485
702 478
724 476
744 481
771 478
252 485
269 485
282 482
299 478
314 482
334 478
346 484
364 482
382 480
393 479
413 484
431 483
448 487
463 481
482 485
500 485
519 485
535 479
556 479
576 479
594 481
612 484
630 484
653 480
677 484
694 482
716 484
733 486
757 489
781 485
265 485
276 483
290 485
308 485
323 482
335 485
354 482
369 486
382 483
401 484
420 487
436 482
450 484
470 487
487 484
504 486
518 488
540 487
559 488
577 487
592 489
612 483
628 487
647 485
667 485
687 485
706 483
730 488
752 490
772 488
276 491
289 489
307 488
320 488
335 488
350 488
366 488
381 488
396 487
413 485
427 489
441 489
456 491
474 489
490 493
510 491
528 487
543 487
558 489
578 486
597 488
613 486
635 494
650 490
667 488
690 492
705 491
729 491
749 491
765 491
278 490
289 494
304 490
323 490
338 490
351 492
366 492
376 488
392 489
410 489
426 488
438 491
457 492
471 488
489 493
502 490
518 492
536 492
552 490
567 494
588 493
604 495
623 493
640 493
654 493
672 493
692 490
709 494
730 494
753 498
287 493
302 489
314 491
327 491
342 491
353 496
367 493
384 493
395 493
411 490
426 495
441 496
456 494
472 494
486 496
505 496
520 494
535 495
551 491
567 495
585 495
601 492
615 493
632 494
654 496
671 496
685 496
702 498
719 496
742 496
303 493
314 496
328 495
342 492
356 495
369 497
385 496
397 493
410 494
427 496
439 498
455 498
469 496
486 498
502 498
514 494
529 498
546 501
565 494
577 498
596 498
612 500
628 498
642 500
662 499
676 502
696 499
709 501
725 495
745 498
306 500
321 498
335 497
347 497
356 498
370 501
386 498
401 496
413 497
427 498
441 502
456 499
468 497
482 500
497 499
511 496
526 500
544 496
560 497
573 497
588 500
604 498
622 502
636 502
651 501
669 499
688 503
704 502
716 498
735 502
315 499
328 502
341 501
352 496
368 500
379 497
394 503
405 500
420 502
433 499
446 501
458 501
472 502
488 498
503 498
514 502
530 502
542 500
559 502
576 502
587 500
603 502
620 502
636 503
648 503
667 501
682 500
700 504
715 502
732 504
