1212 684
1083 671
980 680
932 680
843 676
801 685
1211 678
1160 667
1112 666
1013 669
962 678
912 673
873 672
1270 655
1109 663
1060 671
953 667
886 662
1272 657
1223 654
879 662
813 624
759 662
1315 643
1119 653
947 636
810 640
752 646
1338 638
1267 623
1195 595
1131 624
933 625
869 632
812 621
1208 618
975 625
828 609
751 603
665 618
1382 610
1285 607
1068 589
969 603
892 587
747 601
1283 593
1193 592
1105 570
1017 579
944 566
763 573
1254 566
1139 562
958 558
842 538
756 545
1605 528
1516 521
1261 507
1171 531
1057 531
935 537
816 532
696 529
586 523
1596 474
1441 475
1168 487
1024 443
920 478
613 488
1911 384
1561 380
1411 420
1052 398
706 409
379 399
1682 257
1454 235
1016 293
753 289
526 245
280 271
1754 5
849 5
211 78
