1067 691
1019 689
977 691
941 686
902 694
818 665
1196 689
1137 664
1059 680
880 686
830 678
1168 675
1111 671
1063 678
1017 679
919 681
886 671
835 675
1172 664
1012 673
762 666
1257 659
1159 668
1091 656
995 664
1278 647
1171 656
1091 645
1046 646
982 658
918 653
816 650
757 652
1242 639
1181 648
1125 644
1048 638
981 607
794 635
733 639
1317 621
1259 618
1186 627
1115 634
1052 626
971 631
912 634
707 630
1311 616
1229 607
1153 602
1079 621
1015 612
860 621
778 617
701 607
1387 603
1294 601
1216 593
807 600
658 596
1387 560
1305 573
1221 578
1122 534
746 573
649 579
1334 561
1256 548
1145 550
1028 538
928 549
835 559
590 525
1551 499
1458 516
1100 504
962 445
862 444
508 528
1608 478
1314 443
1056 470
929 478
646 455
1724 397
1517 382
1383 410
1050 422
853 413
720 397
329 400
1915 327
1329 233
908 336
686 321
499 218
1452 151
975 169
404 185
142 158
