1776 708
1693 704
1539 721
1395 723
1789 701
1640 714
1536 712
1432 721
1774 698
1688 705
1617 710
1560 708
1512 714
1463 716
1397 707
1885 690
1774 694
1688 665
1571 704
1444 685
1402 707
1900 680
1806 674
1631 690
1561 699
1507 706
1452 711
1333 711
1854 661
1749 670
1592 679
1505 664
1640 689
1504 692
1428 702
1372 701
1311 705
1269 712
1563 677
1426 682
1248 707
1835 654
1743 655
1624 660
1542 667
1469 672
1378 689
1325 694
1264 694
1218 700
1856 643
1719 655
1588 661
1286 679
1235 692
1669 648
1558 641
1385 671
1227 678
1175 683
1327 657
1248 662
1140 673
1747 609
1614 621
1483 619
1364 628
1286 656
1076 673
1528 612
1394 619
1298 618
1131 652
982 654
1839 534
1579 477
1462 578
1216 604
1043 644
919 661
1510 557
1335 577
1212 585
1110 601
883 648
1860 441
1573 480
1185 559
1090 589
999 601
857 627
1763 383
1435 430
1277 485
1108 532
867 552
794 588
734 612
1137 418
974 452
858 438
733 546
680 571
630 576
561 621
1167 169
754 429
640 485
551 495
462 567
440 533
594 141
368 436
365 510
282 518
7 380
