1848 438
1855 438
1898 433
1845 435
1755 425
1918 424
1772 401
1729 427
1834 423
1774 432
1724 437
1607 436
1813 402
1725 385
1771 423
1655 425
1596 435
1554 434
1496 439
1473 445
1622 416
1530 420
1415 443
1899 392
1734 402
1660 402
1589 406
1533 413
1494 417
1427 435
1403 438
1371 437
1352 441
1724 319
1645 400
1548 412
1476 417
1331 428
1320 438
1639 371
1572 398
1411 417
1382 406
1315 430
1250 433
1234 436
1375 383
1201 428
1180 431
1169 434
1307 367
1235 411
1211 416
1187 410
1162 414
1149 432
1112 438
1099 421
1082 421
1064 418
1061 433
1034 430
993 403
985 353
984 413
1000 415
989 434
983 440
855 382
910 418
904 423
898 422
913 424
929 439
776 405
808 403
819 424
845 430
847 432
871 435
607 367
680 405
688 410
727 416
757 422
766 420
799 427
807 435
453 368
634 412
652 413
692 387
693 431
718 433
744 427
750 445
380 381
412 392
502 392
569 428
600 432
627 423
676 435
695 412
304 381
371 414
483 374
555 423
594 434
608 429
182 391
358 402
390 427
441 429
480 431
474 438
12 399
118 415
199 416
254 426
314 428
372 424
404 429
440 442
327 434
205 432
253 442
301 444
27 430
79 431
158 440
201 438
6 433
131 429
195 439
108 438
36 441
