1042 923
995 923
956 926
921 918
883 929
805 898
1161 907
1104 886
1031 900
863 907
817 900
1129 878
1076 875
1033 882
990 881
900 884
870 874
822 877
1127 852
983 856
759 855
1193 823
1110 832
1050 822
966 832
1203 795
1112 798
1045 795
1007 792
953 802
899 798
813 794
763 798
1163 763
1114 771
1069 773
1004 762
952 746
798 765
747 766
1213 730
1168 731
1110 734
1055 743
1004 731
941 738
894 740
732 739
1196 700
1133 692
1077 693
1021 703
972 693
855 703
792 703
736 690
1238 665
1171 664
1114 659
819 660
711 662
1220 612
1165 621
1105 616
1039 601
782 615
714 625
1165 576
1112 563
1044 571
969 560
905 572
845 575
693 552
1275 514
1219 519
1008 516
926 483
868 481
656 522
1270 461
1111 447
974 461
905 465
753 454
1277 383
1187 387
1117 386
963 402
869 387
805 389
623 383
1311 323
1072 302
895 329
804 318
731 290
1352 240
1075 228
920 245
720 248
646 228
1253 115
1070 113
876 113
663 101
555 128
1045 4
950 0
839 3
