1181 889
1086 900
1010 893
877 890
786 896
1168 872
1075 871
1033 863
892 872
861 867
812 862
766 867
1084 831
994 811
942 835
892 843
859 833
803 812
762 839
1205 816
1158 802
1017 811
970 803
922 814
876 815
1201 765
1147 771
1097 769
984 782
884 775
789 785
731 774
1242 745
1180 719
1128 746
1027 740
864 745
804 715
1244 709
1195 704
1021 711
780 710
1261 646
1203 663
1136 653
851 655
1251 602
1059 608
1010 611
939 605
884 609
746 603
1134 555
1066 572
1012 549
869 549
658 551
1302 497
1172 500
1090 490
1008 480
948 490
878 503
804 477
731 488
643 495
1334 424
1183 405
950 398
871 408
707 413
643 420
1362 339
1107 337
957 342
869 347
794 342
698 324
623 322
1453 249
1340 272
1248 267
1166 252
978 258
884 254
1448 153
1171 138
1068 154
952 149
761 166
697 127
593 155
1443 50
1387 33
1277 59
1054 59
963 42
659 42
542 39
