1123 721
1100 721
1061 721
1039 719
948 720
922 722
856 721
1101 710
1067 717
1009 718
982 719
916 716
885 716
852 719
1124 712
999 717
900 714
867 710
837 713
1119 707
1085 710
1048 710
1013 706
943 709
912 711
881 711
841 706
1148 706
1110 709
1067 701
1035 706
1007 699
963 686
896 705
856 706
824 701
1155 706
1045 705
889 702
851 707
823 704
1028 699
991 697
951 700
878 692
845 697
1172 690
1092 685
1061 696
1020 695
970 695
937 694
894 670
859 699
819 698
1206 687
1178 686
913 680
871 691
1180 657
1139 676
1089 685
1037 681
988 684
954 681
859 681
812 674
1243 677
1143 673
1037 677
997 665
942 678
889 674
843 678
796 644
1265 637
1156 668
1117 668
995 654
794 669
1282 653
1219 663
1059 656
990 664
939 631
1331 645
1246 633
1199 645
1126 643
1066 632
959 611
877 634
835 650
765 652
1237 626
1093 632
1030 641
980 596
901 632
835 640
1259 624
1173 628
1108 622
821 620
745 618
685 612
1355 597
1279 570
1202 610
1124 606
1060 608
989 602
898 593
834 613
726 615
669 612
1444 586
1333 585
1262 583
1165 583
1077 575
979 532
885 585
1439 541
1360 564
1056 571
753 557
646 566
1280 529
1197 465
957 495
820 514
710 507
586 526
1685 416
1573 454
1284 446
1143 485
847 449
744 447
1917 417
1774 364
1600 377
1397 404
1060 380
912 383
765 396
431 405
1373 293
1153 334
489 316
1318 189
1049 168
787 159
252 120
