1201 667
1118 692
1073 695
950 690
865 695
816 695
1168 663
997 689
964 681
871 685
826 692
1148 684
1087 681
1047 675
998 679
949 679
913 681
853 670
807 681
1256 671
1208 676
1101 669
1055 675
992 663
946 671
846 675
1255 659
1209 662
1104 665
1043 667
986 657
937 656
880 664
819 663
768 665
1250 645
1023 657
962 660
1334 641
1265 649
1140 635
830 640
752 643
1365 633
1283 632
1166 622
1017 633
955 636
1234 619
1177 621
1031 620
955 623
878 625
795 600
715 613
1428 608
1349 595
1169 600
1096 599
856 602
767 596
1420 567
1354 572
1264 574
1156 570
963 582
1337 557
921 548
828 545
703 561
615 539
1632 524
1381 486
1121 454
1015 505
789 442
541 518
1422 462
1161 447
1001 460
710 452
570 452
1641 345
1268 334
1091 369
560 302
1171 249
188 233
678 35
6 46
