1252 948
1145 963
1025 952
913 945
842 963
720 951
1284 920
1227 915
1038 921
908 927
792 923
1322 878
1245 902
1188 902
1127 898
1054 886
977 886
865 880
799 883
730 900
1300 858
1091 853
1025 859
965 857
878 851
799 853
751 862
663 837
1301 812
1224 810
1132 819
998 831
910 811
852 807
772 819
704 819
1270 772
1100 762
1017 783
780 787
701 783
1345 702
1255 723
1180 718
1087 716
1001 702
923 705
832 711
638 703
1180 645
1067 657
892 647
706 656
1170 588
1084 589
791 570
683 562
1391 483
1272 465
1192 501
741 490
611 481
1587 377
1465 396
1322 356
1222 371
1067 380
837 364
710 353
1516 233
1208 194
928 201
824 208
679 219
396 221
1532 51
1375 6
1237 48
912 28
757 60
566 31
412 17
213 26
