1852 424
1795 413
1873 395
1726 404
1672 424
1602 419
1754 410
1698 415
1615 399
1632 402
1551 414
1489 417
1452 412
1578 374
1498 410
1435 417
1741 346
1642 371
1525 379
1463 405
1389 387
1341 398
1308 416
1284 416
1754 299
1561 323
1373 378
1338 401
1290 381
1231 419
1388 316
1249 371
1207 350
1174 327
1175 405
1105 425
1326 164
1124 298
1063 389
1081 394
1054 410
1033 421
987 92
957 247
954 327
950 368
965 406
939 400
964 420
588 206
715 305
725 325
804 346
855 420
882 429
632 363
658 390
709 399
758 401
774 411
482 380
654 413
84 316
272 331
398 355
521 399
624 428
350 371
475 420
559 428
108 380
285 397
356 411
416 422
476 426
100 396
211 410
348 425
17 401
277 419
188 422
119 424
