1894 441
1847 434
1783 435
1815 437
1755 432
1771 427
1696 434
1664 438
1875 417
1727 419
1665 423
1625 429
1583 433
1817 425
1747 407
1682 428
1618 418
1531 444
1810 405
1648 413
1474 437
1756 406
1577 410
1533 425
1487 430
1457 432
1642 346
1581 409
1509 416
1456 429
1770 369
1615 370
1562 404
1437 419
1391 424
1315 421
1289 435
1285 435
1555 304
1471 391
1409 398
1315 420
1273 434
1232 431
1211 423
1202 430
1328 402
1254 416
1211 383
1167 424
1156 438
1158 398
1125 420
1113 433
1094 434
1073 437
1098 376
1064 399
1043 428
1055 429
1037 439
955 383
947 389
945 394
944 421
954 423
953 431
946 427
960 439
817 399
880 429
879 423
884 404
714 406
725 405
738 416
777 431
797 438
478 394
581 408
661 421
694 423
737 443
261 349
344 377
436 387
499 400
554 421
602 426
654 441
240 381
407 410
453 416
476 416
525 416
559 426
362 419
407 417
450 429
488 430
519 438
543 444
34 396
134 395
232 416
392 430
427 434
459 437
220 421
341 420
381 441
5 400
92 420
172 424
234 432
315 434
119 415
192 432
257 404
292 435
124 431
213 442
17 432
93 433
145 410
53 436
119 441
32 444
