1872 421
1821 437
1694 408
1728 434
1673 427
1836 421
1703 432
1656 424
1606 432
1725 425
1501 434
1850 412
1733 402
1627 424
1706 411
1630 401
1568 411
1515 430
1465 430
1401 433
1378 438
1675 390
1597 414
1561 411
1467 416
1446 382
1342 429
1313 437
1644 366
1583 371
1487 402
1449 416
1385 416
1353 426
1326 433
1262 437
1460 392
1386 393
1356 394
1311 424
1273 422
1236 437
1220 436
1189 434
1370 391
1312 401
1275 399
1157 436
1140 437
1225 366
1202 392
1155 412
1159 371
1089 433
1090 438
1073 413
1045 412
1055 415
1032 417
1042 425
1033 436
1010 429
978 363
970 394
973 409
953 386
951 392
963 445
843 397
866 393
891 420
898 428
903 427
713 391
762 384
765 419
817 426
812 436
830 427
841 440
608 394
706 372
755 430
762 434
770 406
483 370
613 415
682 414
725 430
721 439
428 409
523 414
590 430
641 429
677 437
145 360
226 394
459 422
494 428
534 431
573 431
219 391
291 419
492 427
126 396
206 415
345 418
401 432
505 437
138 397
194 406
308 431
366 426
389 434
435 440
265 393
305 435
351 429
129 417
195 401
303 444
36 413
