1900 405
1728 419
1669 351
1593 413
1821 353
1618 401
1557 408
1434 422
1790 335
1656 349
1459 418
1399 424
1366 424
1706 336
1609 332
1518 364
1416 370
1295 389
1200 415
1664 89
1318 339
1224 322
1188 379
1192 393
1146 410
1129 405
1113 420
1103 344
1049 385
1025 408
1025 415
883 318
899 340
877 280
904 396
913 422
463 197
616 315
664 350
709 362
758 399
841 427
848 433
265 266
552 266
586 375
684 388
719 415
737 402
332 334
479 327
568 409
601 419
639 402
660 416
68 328
168 375
480 412
509 419
43 372
114 375
233 383
347 387
459 417
496 428
224 411
