1846 687
1750 701
1613 711
1564 711
1510 712
1445 715
1400 711
1873 687
1783 690
1560 693
1505 709
1441 714
1388 710
1340 718
1741 678
1672 696
1520 691
1456 702
1358 715
1790 681
1547 694
1475 698
1414 707
1364 705
1310 711
1700 669
1526 676
1469 689
1350 695
1289 702
1848 651
1651 670
1556 661
1340 688
1279 701
1239 690
1850 646
1638 643
1378 677
1888 631
1738 643
1620 646
1444 676
1347 635
1223 688
1163 698
1562 636
1449 662
1360 643
1227 671
1155 671
1113 689
1672 622
1545 638
1433 650
1334 632
1254 666
1190 658
1130 665
1075 682
1764 576
1609 548
1347 626
1112 649
1049 658
1839 551
1364 621
954 650
1684 533
1481 548
1348 592
1125 610
954 644
1202 575
985 582
902 608
854 617
800 653
1753 335
1512 427
1253 494
1010 552
878 593
820 604
757 616
680 625
1240 364
1044 422
643 584
1235 115
900 326
762 424
617 426
526 532
443 576
433 350
292 484
