1192 961
1137 955
1018 953
859 961
978 896
793 928
730 934
1228 890
1105 904
972 905
901 862
834 907
714 887
1194 876
912 873
855 855
700 855
1336 835
1261 825
1039 832
961 832
893 790
817 837
743 814
1386 780
1323 767
1145 791
1069 760
1005 740
768 791
680 782
1354 692
1302 726
1224 728
1137 728
1038 742
945 733
786 737
618 724
1419 660
1232 660
1047 664
934 660
767 663
677 629
587 621
1312 543
1117 576
826 565
632 595
1493 458
1412 505
1316 515
1217 521
1106 492
978 502
870 491
783 502
663 494
1368 392
1223 407
622 407
492 394
1395 266
1256 268
984 282
882 278
720 281
607 261
1643 85
1059 106
920 83
746 74
616 99
476 82
269 72
