1050 706
1009 704
975 706
945 702
911 709
841 685
1157 705
1108 684
1043 698
894 703
852 696
1132 694
1085 691
1046 697
1007 698
926 699
899 691
857 694
1133 686
1002 694
799 688
1198 684
1120 691
1066 681
988 688
1212 675
1127 683
1064 675
1028 676
977 684
927 681
846 678
799 680
1179 672
1132 679
1089 675
1028 671
977 646
831 669
783 672
1233 660
1189 657
1133 665
1079 670
1030 664
968 668
924 670
766 666
1223 659
1161 652
1105 648
1049 663
1001 656
886 663
824 660
767 653
1272 653
1204 651
1147 645
849 651
739 647
1264 626
1206 635
1144 639
1076 606
809 636
739 639
1215 633
1161 625
1086 625
1006 618
938 624
875 631
709 609
1349 598
1285 610
1052 601
961 563
896 563
666 618
1359 597
1179 574
1020 591
941 595
766 581
1393 566
1282 552
1199 574
1012 576
900 576
823 563
604 568
1457 547
1157 492
933 550
818 546
719 489
1548 497
1179 504
968 497
701 506
599 508
1473 457
1200 445
913 453
590 428
439 452
1909 357
1783 367
1191 389
1036 390
854 389
494 346
1749 250
1541 274
636 255
1730 69
1033 37
782 130
