752 958
1156 945
1194 938
1121 934
1061 944
1001 943
876 948
834 933
769 937
1195 905
992 912
677 909
1296 868
1175 881
1088 865
968 880
1315 830
1184 834
1084 828
1029 826
949 840
870 834
743 828
670 834
1264 784
1191 795
1123 798
1026 783
947 757
717 787
641 788
1347 735
1277 735
1190 740
1105 754
1027 737
930 747
859 750
611 749
1332 688
1232 675
1143 677
1055 692
979 677
794 693
696 693
606 672
1411 630
1302 629
1209 620
730 622
557 625
1391 540
1301 554
1203 545
1089 524
662 544
550 561
1318 467
1227 443
1106 460
975 439
865 463
759 466
495 426
1526 349
1430 353
1045 353
899 296
796 293
403 357
1556 219
1246 200
986 226
855 233
567 215
1611 26
1414 52
1284 27
965 74
769 26
645 47
266 25
