514 314
502 312
484 314
466 309
454 312
437 312
421 313
404 313
385 313
369 314
514 311
501 311
481 311
464 311
450 310
428 312
411 308
398 310
379 307
363 311
523 305
507 309
485 309
473 309
453 300
431 306
415 309
397 310
378 308
363 307
531 306
509 307
489 306
473 305
455 305
436 308
415 304
398 307
378 304
358 306
533 303
516 302
496 306
476 304
453 305
431 301
413 302
397 301
376 305
356 302
556 296
535 302
511 301
487 302
468 301
446 298
424 297
408 301
381 297
361 300
545 294
522 295
498 298
471 284
453 294
428 298
409 298
380 297
363 294
340 299
562 290
540 295
516 292
491 292
460 296
435 292
415 293
390 290
367 294
342 294
562 289
538 292
511 283
487 289
458 289
430 288
405 288
384 289
350 291
320 289
586 285
566 284
529 283
506 286
476 279
452 280
414 283
394 279
358 285
330 286
600 280
570 281
538 280
502 280
474 281
441 273
407 275
384 278
344 277
314 279
595 266
562 272
530 266
502 273
465 273
435 272
397 271
364 276
326 272
297 272
634 266
600 268
557 267
530 263
485 263
449 258
410 258
375 260
338 266
297 261
649 250
613 256
562 254
525 253
482 249
445 250
398 253
351 256
316 251
269 252
674 241
632 247
576 246
539 245
487 245
450 245
393 242
358 236
304 218
263 248
702 231
654 229
598 225
538 220
495 229
443 233
381 229
331 217
277 228
220 228
794 211
725 204
670 204
609 207
548 194
490 201
418 191
348 213
301 206
233 205
811 180
717 182
633 179
554 179
491 171
409 186
350 178
262 138
208 173
830 131
744 135
658 135
543 114
463 135
343 119
263 133
153 125
86 116
845 45
739 23
585 39
444 22
290 44
200 38
62 46
