831 312
797 316
761 312
741 316
716 317
693 319
669 321
645 321
626 324
849 310
822 312
784 313
753 315
729 315
699 319
674 315
657 319
632 317
616 321
826 309
783 312
761 313
727 302
695 312
675 317
651 319
627 318
610 318
823 308
782 309
755 308
724 311
699 316
668 312
647 316
622 315
601 318
827 302
786 309
750 309
715 312
682 309
657 311
638 311
614 317
592 315
852 301
803 303
762 307
727 307
694 306
663 306
645 312
613 310
592 315
813 295
766 303
717 288
693 301
662 309
636 311
604 312
586 309
565 316
834 296
786 294
741 298
696 305
659 304
637 306
606 305
584 311
561 313
815 294
758 286
722 297
678 300
642 302
615 304
592 307
558 311
532 311
852 281
776 287
737 294
689 289
656 293
613 301
592 298
557 307
533 310
837 280
773 285
716 290
674 295
631 289
595 295
571 301
534 303
510 307
794 275
739 271
697 285
645 290
611 291
570 296
541 303
509 303
489 304
844 267
755 275
710 275
649 281
606 280
565 285
536 290
507 299
475 299
821 257
732 264
671 271
624 271
580 278
535 287
502 293
474 293
448 296
823 248
725 258
667 264
602 273
566 278
511 283
489 280
450 271
432 298
794 233
705 239
627 246
574 266
534 275
485 278
448 275
422 287
395 292
759 210
657 234
581 234
528 251
475 253
438 278
412 277
377 284
745 192
627 214
546 232
490 237
438 263
405 264
363 247
350 272
799 120
647 171
547 201
446 214
409 241
363 241
328 263
298 267
284 266
719 55
540 132
442 156
370 201
312 217
286 238
268 243
241 258
216 261
281 111
220 157
208 209
181 228
153 243
153 256
88 12
70 163
86 185
49 217
37 232
41 248
