536 365
520 367
499 366
479 363
456 363
435 367
412 363
394 365
373 364
347 357
530 353
507 354
484 353
460 351
440 353
416 351
398 353
372 354
351 349
331 352
552 342
527 340
502 342
480 342
456 341
438 343
411 340
387 343
370 343
346 340
560 328
537 326
513 329
482 326
459 324
435 325
417 326
391 326
362 321
339 325
557 306
529 306
504 306
481 305
458 309
433 307
407 306
381 305
350 307
329 297
562 290
534 289
507 288
483 288
451 289
426 287
404 291
369 291
342 285
317 288
562 264
529 266
506 265
479 268
450 268
419 259
393 254
368 266
330 271
309 251
576 243
542 241
510 246
478 242
453 232
416 237
392 238
360 244
335 240
299 242
591 214
566 217
536 210
492 215
469 212
436 215
399 217
372 210
337 208
309 214
594 184
568 180
526 180
496 182
463 177
429 177
388 176
353 183
325 183
290 179
625 145
595 137
548 143
514 140
479 136
442 139
406 137
367 147
326 137
293 140
619 103
589 99
532 106
506 102
461 111
418 105
384 106
341 109
294 98
256 107
650 47
603 57
557 44
522 46
470 43
425 41
388 49
340 45
300 50
252 48
444 2
