508 316
494 316
477 312
462 312
449 314
434 314
418 316
400 315
388 307
374 315
513 315
498 314
481 314
466 315
450 312
434 315
417 304
404 311
387 314
369 312
513 311
499 309
481 314
465 314
447 303
431 310
416 309
401 313
383 312
365 312
513 311
501 312
483 311
466 311
447 308
433 312
411 310
397 307
378 312
360 309
519 308
501 308
486 307
463 305
447 308
433 310
412 307
393 298
377 305
358 309
535 305
519 303
500 307
481 304
460 306
444 306
421 305
406 302
384 306
363 307
538 304
518 304
495 304
481 303
455 302
438 302
418 302
395 303
378 304
360 304
550 301
526 299
507 303
487 301
467 301
443 296
424 303
400 302
378 301
357 302
563 296
538 297
516 299
496 297
470 298
448 298
423 299
399 294
382 299
353 293
573 295
546 290
524 292
496 289
477 295
450 281
424 295
404 292
375 290
352 280
576 291
551 289
521 289
501 284
474 292
445 274
422 290
391 284
364 291
333 287
588 284
560 287
536 286
503 284
478 267
447 279
420 284
390 284
357 280
328 284
586 275
558 281
530 280
490 278
465 278
433 261
400 278
366 275
335 280
306 281
632 270
589 267
564 272
528 272
491 265
454 269
416 271
390 271
356 273
312 267
638 267
604 259
560 265
529 265
497 263
456 265
411 264
374 256
338 256
298 262
661 244
612 253
573 255
531 251
484 248
445 254
404 253
354 244
312 246
274 242
697 243
656 232
613 230
563 236
507 228
458 240
410 240
362 238
317 238
256 235
774 214
710 215
664 211
602 202
534 217
486 217
413 204
363 207
297 218
252 210
810 185
752 186
669 177
601 184
534 194
454 185
381 181
307 188
237 185
168 149
770 145
699 112
573 139
505 145
382 127
318 135
212 116
113 137
815 27
647 9
525 21
389 1
222 31
118 8
