733 277
710 281
683 279
649 285
627 286
597 287
752 271
730 274
680 279
659 283
604 287
571 290
753 263
704 273
682 272
638 281
603 284
584 284
705 266
676 274
628 267
592 272
559 284
730 257
706 263
678 270
657 272
631 269
569 272
555 280
699 259
674 263
584 276
744 248
717 252
651 260
627 261
605 264
585 269
563 268
543 265
527 275
727 243
694 250
637 253
547 269
511 276
742 234
641 250
615 255
590 255
566 262
548 262
523 270
507 260
703 235
659 241
628 243
599 245
574 257
531 261
510 261
489 271
