800 184
768 175
711 183
685 189
663 192
650 191
633 190
850 169
757 183
656 175
641 193
620 190
605 190
821 159
644 187
606 192
592 194
743 159
695 170
663 181
653 186
626 167
613 182
589 185
576 193
566 189
556 193
677 136
638 166
621 177
602 181
568 188
551 186
548 186
530 197
581 177
559 175
553 176
534 186
533 188
519 184
511 191
505 191
500 194
534 174
520 174
504 184
502 184
495 188
482 192
483 195
476 197
475 196
485 171
461 169
459 182
453 180
452 192
421 170
424 150
420 182
424 175
423 188
421 188
429 194
421 195
367 173
366 178
386 175
384 185
391 187
400 190
334 179
350 179
355 190
360 194
377 196
217 173
271 183
306 186
322 193
336 196
186 178
221 184
238 181
263 186
288 192
291 195
308 191
314 194
139 167
200 182
238 190
258 189
277 194
288 193
19 169
85 174
153 184
184 184
204 185
220 175
257 191
