517 315
504 311
489 314
471 313
457 315
441 311
425 311
412 314
393 315
376 314
513 313
497 310
484 310
465 313
447 309
430 309
417 313
401 311
383 311
367 311
528 308
514 307
494 307
476 309
459 310
444 309
427 311
407 310
391 310
375 312
521 307
504 304
488 307
469 296
448 308
434 305
410 303
394 304
377 308
356 305
535 306
521 306
496 301
480 300
458 307
442 306
416 305
399 303
382 302
362 302
538 298
512 304
495 304
473 304
452 300
433 303
407 303
389 301
371 303
345 302
560 299
535 295
516 287
493 300
471 297
449 286
424 299
402 301
378 299
357 301
567 297
540 297
518 292
490 296
467 282
441 294
425 295
395 296
376 297
353 292
576 294
551 293
526 294
500 292
477 291
450 291
430 293
402 293
377 287
347 286
582 286
557 283
531 286
497 283
468 289
448 288
414 280
385 287
364 284
330 288
584 280
555 281
531 279
499 280
470 276
434 275
410 282
375 284
349 283
310 283
617 272
579 274
544 274
515 277
481 274
447 269
413 267
377 277
344 277
311 273
613 269
581 269
540 259
511 260
475 270
430 262
397 261
358 269
327 262
295 268
660 260
622 257
572 250
535 258
496 260
453 253
413 259
369 253
327 256
287 253
681 240
628 232
586 238
530 242
477 238
427 241
385 244
332 230
299 238
246 247
726 228
673 231
623 226
564 227
513 227
451 225
389 230
340 224
295 223
228 211
791 206
725 200
639 191
587 200
522 202
441 192
391 163
327 191
237 203
209 170
820 161
708 121
615 169
547 144
462 165
397 155
313 161
234 161
124 143
780 72
718 77
565 39
440 87
331 87
233 86
133 32
