787 197
815 194
778 193
846 188
806 189
777 190
759 186
726 192
832 180
732 190
710 191
695 192
738 188
712 191
670 193
654 196
770 181
648 189
633 192
615 190
757 167
711 183
691 183
638 172
631 192
600 195
586 193
732 169
687 167
668 182
625 186
601 192
590 188
577 190
642 180
618 183
610 175
583 187
576 184
546 181
537 190
532 188
513 194
508 194
504 197
517 172
507 177
481 194
481 159
475 181
466 174
472 176
466 190
457 177
451 190
452 196
411 165
425 185
420 179
421 190
426 194
360 173
375 175
371 185
381 187
385 188
395 195
399 197
286 175
305 167
324 179
326 184
344 169
357 194
368 195
199 167
237 178
260 183
276 179
290 186
302 190
331 195
102 167
169 172
193 178
281 192
63 166
160 154
182 182
212 186
225 183
263 192
276 197
119 174
169 188
188 171
206 190
225 187
238 192
252 196
44 183
94 186
123 178
169 189
188 193
204 194
221 197
80 186
109 184
152 193
4 178
31 178
83 191
104 185
121 191
152 194
168 181
21 188
76 188
100 194
125 192
0 191
29 192
61 195
84 193
19 189
78 193
31 195
64 195
