511 312
493 312
476 314
463 311
448 314
428 311
414 313
395 313
382 311
366 312
520 310
502 307
489 311
471 310
454 308
436 312
415 307
401 310
383 312
367 311
530 307
510 299
495 306
475 309
458 306
441 305
421 308
407 307
384 310
366 307
524 295
510 305
487 302
466 307
447 306
433 305
411 303
395 302
371 302
353 306
537 302
520 303
502 303
477 300
458 299
442 303
420 303
399 302
378 301
359 305
556 300
530 301
509 301
486 295
465 300
449 298
427 296
402 300
381 302
362 298
568 295
539 296
520 299
495 297
471 298
448 296
422 299
403 298
375 297
354 297
575 287
545 293
522 295
503 294
474 295
449 295
425 289
398 288
370 292
352 295
566 288
531 285
506 283
482 291
454 291
432 284
404 283
379 283
346 274
327 284
577 269
551 286
519 281
490 282
460 279
439 281
408 284
376 279
343 284
320 283
602 278
572 278
537 281
503 277
468 275
446 276
405 259
377 279
350 275
314 279
633 271
595 271
563 264
523 273
491 263
463 272
423 264
383 274
350 270
319 271
641 257
606 256
556 255
519 255
485 257
440 261
406 264
360 262
324 265
283 256
684 244
624 240
578 252
548 248
487 225
447 239
405 251
355 242
320 250
277 224
723 233
677 236
625 233
571 237
524 234
474 230
417 232
362 229
322 205
250 233
769 210
727 203
656 209
585 199
536 207
459 211
401 176
332 206
265 209
215 206
817 150
741 155
651 159
573 173
498 155
427 158
335 176
248 172
179 173
771 102
654 139
579 120
469 117
359 130
267 119
190 124
87 122
698 23
526 11
255 39
