833 184
826 180
782 191
847 185
803 187
773 181
816 176
765 184
737 189
709 186
853 168
804 169
763 182
717 184
697 179
680 190
793 168
754 179
714 179
693 186
670 168
644 184
842 162
751 161
708 168
694 174
655 177
631 179
612 191
812 139
732 147
699 164
660 172
632 168
601 182
592 188
576 191
752 137
706 149
644 163
606 158
592 176
574 180
566 185
541 188
537 189
694 125
625 133
576 151
561 167
536 174
516 174
509 173
497 184
500 189
495 191
546 94
518 131
520 133
502 155
482 139
481 174
466 178
459 187
455 184
457 190
394 78
412 137
404 152
411 160
403 170
412 178
413 174
422 178
422 188
421 189
200 95
288 143
304 152
323 164
338 170
359 178
356 182
369 184
379 189
385 187
85 84
169 119
221 157
262 126
279 171
293 176
319 184
323 187
338 181
341 191
19 124
122 152
172 159
211 158
238 147
265 175
276 183
286 182
298 183
80 160
118 165
171 167
200 182
231 182
243 181
255 191
29 164
86 175
125 181
167 177
183 184
213 188
38 171
89 177
128 183
154 182
182 187
23 178
62 178
104 185
137 186
8 179
49 184
79 187
113 173
27 185
61 190
23 189
