577 387
546 388
514 389
484 381
425 383
394 385
362 384
329 385
300 379
584 368
520 372
398 355
363 373
330 364
292 361
605 349
439 350
366 348
304 353
606 327
576 325
536 330
508 337
467 315
434 328
388 324
353 330
316 324
278 325
616 287
591 295
555 303
514 305
435 303
387 295
346 299
261 307
594 274
547 267
508 270
456 271
422 276
379 265
332 269
295 266
249 268
653 237
555 237
498 238
461 240
411 241
359 235
316 242
263 238
217 239
715 199
596 183
548 190
455 183
389 194
725 149
639 136
601 147
548 144
493 151
428 144
321 160
185 142
722 92
671 82
599 98
520 88
472 97
147 83
635 18
495 12
405 9
326 7
121 24
