778 288
742 291
722 293
703 294
670 294
652 296
641 299
623 299
775 286
756 289
711 291
699 292
676 294
660 293
647 297
631 296
617 297
747 276
695 289
676 294
628 298
615 298
764 280
718 287
696 289
660 292
616 296
598 295
744 278
721 281
664 290
646 290
630 293
599 296
770 272
748 279
724 281
697 283
661 289
642 290
627 291
611 293
595 291
751 273
729 277
663 284
643 277
592 288
741 274
695 278
612 285
754 270
720 270
696 275
678 274
636 279
615 280
581 286
563 286
733 263
705 258
682 270
664 274
618 276
579 284
566 286
741 245
725 262
691 268
642 273
625 276
587 279
566 283
708 261
681 263
648 268
629 259
741 246
712 255
649 263
606 268
585 273
565 274
542 277
731 242
699 246
665 251
617 263
595 263
572 271
554 270
518 277
692 240
630 251
580 258
558 266
514 272
499 273
648 243
593 255
526 263
500 264
485 271
730 220
651 232
614 232
590 244
566 234
540 248
496 262
478 262
658 217
612 229
585 233
527 241
509 248
482 253
448 251
704 198
668 203
556 232
532 236
509 240
482 249
437 243
708 181
535 221
483 237
440 247
672 159
621 186
573 197
506 212
458 230
428 238
414 239
389 245
609 164
487 183
427 220
409 226
391 232
368 233
617 131
477 180
413 205
369 220
348 210
592 71
540 106
482 126
430 156
306 217
600 14
503 47
445 90
410 91
365 144
338 152
315 175
299 192
272 201
264 209
