776 294
737 295
705 299
692 300
677 301
662 302
648 304
747 293
732 294
717 297
694 291
683 298
664 300
623 304
770 290
746 292
733 292
715 294
694 296
680 299
650 300
782 284
760 289
639 299
714 292
692 293
674 294
657 295
644 293
625 297
763 281
723 285
703 287
646 293
631 294
618 295
776 280
753 282
732 283
669 289
653 291
620 294
603 296
712 283
616 290
602 292
584 292
729 274
704 281
684 282
640 277
629 288
595 292
577 291
751 271
723 270
701 278
659 281
639 285
622 284
599 286
724 273
699 275
680 273
653 279
635 278
582 279
568 285
623 278
584 284
566 285
552 288
698 262
677 265
571 282
731 251
704 262
675 260
656 262
630 272
584 266
569 276
548 282
711 248
661 262
628 260
588 270
531 279
710 247
688 250
651 257
606 263
583 265
545 274
524 278
718 240
677 238
649 248
625 253
598 246
552 268
493 273
722 226
682 236
652 243
621 243
594 250
571 256
486 269
732 214
688 224
644 230
511 257
704 205
622 208
600 231
567 239
538 239
472 255
455 263
603 214
541 233
518 222
487 242
468 243
445 251
432 258
686 178
644 187
604 207
565 218
531 215
482 234
452 242
438 246
418 254
623 181
501 212
471 216
428 235
647 148
589 151
508 186
470 191
441 215
411 214
390 225
375 236
359 225
642 106
581 129
537 145
491 158
459 160
424 196
374 209
355 221
341 226
608 90
498 135
447 157
418 173
379 189
364 198
333 211
320 216
589 31
519 62
349 156
326 173
299 189
272 212
227 197
216 209
265 36
162 168
166 172
103 31
110 81
96 129
96 142
