830 187
843 186
810 190
844 172
810 176
769 188
743 184
809 180
772 179
747 179
715 184
848 165
797 177
747 182
710 183
694 187
665 189
817 160
758 142
725 177
686 185
656 185
636 191
792 159
732 133
684 172
669 176
635 182
623 186
601 182
803 151
723 156
671 165
641 171
617 179
596 184
582 178
564 180
843 94
743 110
675 142
625 149
594 173
567 177
545 170
544 183
530 181
515 191
656 102
595 135
562 145
539 160
534 158
506 167
501 181
497 186
485 189
478 191
480 84
484 125
475 146
458 165
460 166
446 168
448 169
452 185
441 189
442 187
353 118
355 146
373 139
373 154
389 175
391 172
398 174
401 187
401 183
410 189
144 98
218 127
272 135
295 164
320 173
328 172
339 183
358 179
366 185
364 187
117 113
167 150
235 162
261 167
284 176
290 185
304 177
320 183
334 191
72 147
143 162
184 169
211 177
249 183
263 182
274 185
285 182
3 134
64 161
125 167
171 168
185 155
216 176
235 190
255 170
42 159
101 176
123 179
161 183
188 185
205 184
44 180
82 184
116 184
145 166
164 186
39 175
71 187
117 185
138 188
40 186
74 189
103 191
30 189
54 192
16 181
