827 192
791 194
766 195
821 184
796 192
768 192
743 193
727 194
843 184
799 187
777 191
746 192
724 194
707 197
809 161
770 188
742 185
714 185
699 187
676 195
663 192
809 172
771 174
743 189
717 190
687 191
669 190
657 189
640 192
840 159
788 181
749 184
711 187
692 183
671 190
648 192
628 192
622 195
605 196
826 163
764 163
717 153
696 182
662 181
638 168
627 189
607 194
591 193
581 197
751 168
705 175
665 172
635 182
613 165
594 187
589 189
573 192
568 194
555 191
669 172
637 176
617 182
593 182
573 185
564 187
553 191
544 193
538 188
528 189
585 168
569 167
554 177
541 177
531 188
517 190
507 184
509 192
501 191
492 197
521 168
508 176
499 177
492 182
493 179
479 183
478 191
477 194
469 196
465 197
446 166
453 173
452 178
445 186
447 185
439 184
441 184
444 193
437 196
438 194
396 174
392 181
397 173
395 179
403 190
403 186
407 187
408 195
408 191
414 196
323 171
333 175
345 173
351 185
361 189
363 187
368 193
378 190
383 193
380 194
246 170
278 165
286 179
313 183
321 184
332 189
333 194
339 188
349 192
357 197
185 173
220 179
241 179
263 184
277 187
286 190
305 193
311 192
316 193
322 190
116 174
154 177
199 171
216 183
240 185
258 184
262 174
279 187
287 196
299 181
51 173
86 178
133 157
175 185
188 180
213 189
221 190
241 192
255 193
262 192
44 170
91 172
110 183
149 167
173 191
190 194
207 193
222 179
231 193
46 185
79 179
110 187
143 183
160 187
176 195
201 193
211 194
39 185
79 180
100 183
128 188
152 194
169 195
184 197
24 182
58 189
90 190
114 189
138 196
150 197
12 181
47 193
79 193
107 196
123 190
18 193
51 191
75 194
97 196
29 195
62 192
