762 280
740 282
716 285
696 282
659 286
641 290
624 292
607 292
592 292
758 276
713 282
637 280
621 291
604 290
585 291
766 270
656 284
617 288
589 291
756 267
732 271
706 276
690 280
665 271
648 279
623 282
607 287
589 286
574 289
751 255
730 266
708 271
684 274
640 280
616 279
598 281
565 290
719 267
691 267
671 269
643 275
628 278
606 276
587 281
572 282
556 285
740 261
686 264
655 270
638 271
615 275
593 279
577 282
558 284
542 285
761 254
691 256
666 264
623 265
598 275
747 250
704 242
679 259
656 257
632 266
605 268
569 276
525 279
723 247
694 251
667 252
631 260
614 263
510 274
662 249
609 253
579 263
556 268
504 276
729 231
656 244
596 253
551 262
491 271
676 230
642 238
614 239
589 247
539 256
511 261
494 261
473 266
668 216
590 234
541 247
522 250
475 260
453 261
700 199
656 210
579 228
555 233
521 237
497 232
439 255
