845 184
847 185
816 183
834 182
795 187
761 191
831 171
776 163
745 187
723 192
818 177
779 180
737 182
701 182
677 189
838 157
792 168
741 180
707 180
673 184
656 185
815 160
766 157
732 175
683 174
659 184
632 188
612 189
832 137
738 154
702 157
663 174
637 183
612 184
588 189
576 190
751 143
696 147
647 155
604 171
593 172
577 178
561 184
547 189
536 183
823 64
733 116
646 139
584 158
570 167
550 170
541 181
527 160
516 185
505 184
573 87
535 134
523 152
512 162
482 169
491 174
479 184
467 187
463 188
467 170
443 76
419 115
428 148
424 161
413 169
417 173
427 177
426 180
421 179
429 187
280 107
318 143
351 143
365 166
365 175
380 179
380 184
390 185
384 191
5 57
159 110
195 125
258 162
286 156
300 176
310 169
320 183
335 185
342 184
71 128
141 161
190 161
239 164
254 178
276 183
291 161
299 189
313 186
27 150
101 159
146 168
172 177
212 172
231 182
257 186
275 184
42 150
108 173
153 176
186 184
203 188
227 184
250 188
66 177
103 179
134 184
175 163
191 180
44 147
77 174
119 186
147 187
170 191
46 180
83 181
115 188
22 177
63 180
93 188
29 189
10 184
