835 300
793 306
755 301
725 311
691 306
668 314
635 309
616 313
592 316
822 298
780 304
747 305
707 309
676 309
655 309
624 308
600 315
577 317
810 292
766 303
726 304
696 302
667 303
639 309
612 313
580 310
562 315
834 295
786 296
739 302
695 300
665 299
624 291
600 306
579 309
554 309
839 287
781 294
736 289
695 294
656 281
629 303
590 302
567 309
538 311
851 283
778 285
736 289
681 292
655 300
608 301
581 302
548 305
527 308
819 274
752 273
699 281
656 284
621 292
577 301
548 300
523 298
493 300
807 270
755 274
699 283
650 277
599 286
570 288
536 299
504 297
481 303
811 262
720 273
676 268
622 278
582 289
541 292
502 290
477 294
448 295
846 227
779 253
699 261
629 272
574 267
538 284
495 282
467 294
441 297
842 226
746 238
677 249
599 252
547 271
504 264
466 277
431 287
402 288
794 187
708 203
612 233
541 258
491 253
446 269
418 273
393 276
355 278
768 181
622 217
544 218
477 246
441 245
382 269
363 267
330 275
795 75
628 99
500 154
428 214
382 229
349 238
319 261
281 263
269 279
687 19
546 108
419 166
361 207
315 224
277 227
236 251
229 255
370 27
280 53
251 162
189 183
157 219
148 241
151 252
58 119
8 151
12 186
39 207
27 218
