768 291
741 309
703 311
678 312
628 316
607 315
584 317
770 297
742 305
701 303
679 310
643 314
618 315
595 311
576 314
820 294
780 302
738 303
672 306
638 308
720 302
672 306
591 306
711 297
585 308
555 311
538 309
815 288
766 289
714 288
642 296
601 298
815 269
624 297
585 298
557 299
535 305
510 306
726 270
671 280
589 292
549 276
519 300
497 300
672 271
590 288
554 291
759 218
694 255
587 276
474 271
678 255
613 262
562 272
511 280
478 281
417 291
556 248
505 262
465 274
428 281
842 159
692 200
601 223
525 226
347 275
327 286
672 144
341 245
442 164
367 178
278 236
238 242
238 246
294 66
240 136
25 36
43 123
55 150
54 181
29 235
