532 307
510 295
475 306
456 306
437 305
396 301
354 304
536 292
472 300
457 301
416 305
370 305
493 297
448 301
384 301
359 301
489 296
465 283
444 293
399 295
379 298
573 294
476 292
453 296
426 291
569 287
537 290
482 287
432 289
375 283
349 288
320 290
589 276
552 281
528 281
435 276
408 267
376 276
344 282
313 275
609 276
581 274
549 276
514 269
481 272
417 279
318 278
628 252
600 269
563 270
525 268
488 268
386 266
347 271
310 247
643 263
481 262
361 263
328 240
281 260
688 246
606 248
557 243
515 240
326 248
286 244
692 223
652 224
549 230
494 220
389 230
325 232
274 233
225 229
765 208
701 202
570 205
463 200
399 208
321 213
265 198
212 209
715 173
632 168
540 162
489 161
393 182
718 140
642 139
536 145
448 122
335 126
234 127
146 114
76 138
