538 304
523 305
504 304
485 301
464 301
444 305
423 302
406 303
387 302
363 295
535 300
513 300
491 301
469 299
450 301
428 298
411 300
387 302
366 298
347 300
557 300
533 298
510 299
488 298
466 300
449 302
423 298
400 300
384 300
361 298
567 298
546 296
522 298
492 296
470 292
446 293
429 296
405 296
376 291
353 293
570 291
541 292
516 288
494 291
471 293
446 291
421 291
394 288
364 292
341 279
579 288
550 289
523 288
498 285
465 288
440 283
417 290
382 290
354 283
329 285
585 277
550 280
526 280
497 284
466 283
434 275
406 265
381 280
342 285
316 264
605 274
569 276
533 275
499 273
472 259
432 270
406 270
371 272
344 273
305 277
631 262
602 269
569 264
519 263
494 267
457 266
415 269
384 260
343 259
313 263
646 260
617 256
565 250
531 259
492 258
451 247
403 257
361 258
327 255
285 255
701 239
666 234
603 236
562 238
517 218
471 239
425 239
377 244
323 233
282 243
715 225
676 226
596 220
562 224
500 233
442 217
398 226
340 233
275 217
226 228
795 203
718 201
657 197
605 200
526 194
459 187
403 199
332 201
272 194
199 192
800 155
719 159
649 163
575 159
496 170
407 168
337 171
247 159
153 164
845 130
730 120
643 123
526 127
456 91
328 108
243 120
151 129
73 82
