496 317
485 319
470 321
455 321
444 317
433 318
418 320
404 321
392 321
377 317
504 318
494 320
477 319
466 318
454 317
439 320
423 319
410 317
398 319
381 316
506 318
493 318
480 318
466 318
447 314
435 315
422 315
408 317
391 315
380 318
506 317
491 312
475 314
462 314
446 317
432 314
417 312
404 316
389 315
371 317
507 314
496 312
478 312
460 312
447 314
432 314
414 315
402 315
385 314
367 314
513 314
498 310
480 312
467 312
448 304
431 310
415 310
401 312
385 311
368 310
513 310
495 309
479 301
462 310
445 310
432 307
409 308
397 310
378 307
357 311
533 308
515 307
499 307
477 307
459 309
443 309
422 306
406 310
387 309
372 305
529 296
512 307
491 302
471 306
453 306
434 305
415 304
393 305
372 307
352 303
536 303
512 299
496 302
474 302
455 302
436 300
413 304
389 302
374 298
351 304
543 301
523 302
497 296
475 302
454 299
435 301
408 299
390 302
370 289
349 297
558 296
536 298
510 298
491 299
463 294
440 294
421 296
400 294
374 293
352 299
570 293
548 288
522 291
496 289
474 292
448 292
427 288
398 292
371 295
345 296
571 287
542 289
515 289
491 289
461 282
437 290
414 289
388 291
360 290
332 289
576 286
549 282
520 282
492 285
463 285
431 281
400 277
369 282
338 285
313 286
606 276
574 277
538 273
504 275
473 261
440 277
407 275
377 279
344 275
318 278
621 266
585 273
552 271
515 269
482 269
446 271
412 265
376 266
345 272
302 270
645 258
597 264
556 258
513 258
477 258
433 261
401 260
361 260
313 263
282 259
655 238
610 237
563 247
524 224
480 247
436 246
393 253
346 251
295 240
248 250
707 221
655 222
598 231
548 228
500 222
451 205
392 227
347 231
294 224
242 222
770 209
701 194
643 174
580 205
531 201
454 196
391 208
326 206
277 200
199 208
827 169
755 155
670 159
588 175
497 171
417 170
335 164
278 169
181 172
806 108
683 133
578 127
503 113
380 108
297 126
197 112
88 120
829 3
710 9
545 42
425 26
97 6
2 28
