807 308
771 311
737 311
681 309
652 312
635 316
608 315
840 306
753 307
731 308
692 311
666 309
644 314
619 312
597 314
827 282
728 303
693 311
613 316
594 316
774 304
730 305
667 309
594 314
566 310
832 287
784 293
674 307
642 306
614 310
566 313
852 291
795 295
738 296
669 305
635 306
609 309
583 310
557 307
814 287
673 299
636 285
549 303
852 282
742 289
580 298
807 272
749 284
707 281
621 290
582 290
523 301
495 300
777 244
720 272
678 282
584 285
513 298
493 302
852 252
751 268
631 280
594 286
522 291
483 298
811 248
730 254
643 267
600 248
845 225
645 255
541 269
499 281
462 282
423 286
823 190
696 215
558 253
510 256
460 275
429 273
373 288
823 149
582 212
456 240
408 263
337 277
317 279
636 158
454 223
325 254
284 258
262 276
648 14
463 83
395 168
348 147
280 201
220 251
208 254
259 62
170 163
167 198
119 219
120 223
43 39
42 149
22 194
