516 313
490 314
473 314
456 313
426 310
407 311
395 313
375 311
520 312
506 313
469 311
457 310
436 311
420 308
405 311
388 309
372 309
507 299
460 307
440 311
388 311
373 311
524 305
486 309
465 308
429 308
379 308
357 304
516 301
497 303
440 306
420 305
401 306
362 306
546 298
528 304
505 304
479 302
442 305
421 304
403 304
384 304
362 300
537 298
519 300
452 300
430 289
363 296
538 299
495 297
397 294
559 296
528 291
506 295
485 291
436 291
410 288
362 292
334 289
557 285
529 275
502 286
482 289
427 284
367 289
345 290
582 266
564 284
528 286
467 285
446 286
388 283
354 286
560 280
531 277
491 278
465 262
621 266
584 272
507 272
446 270
410 274
375 271
331 269
635 258
595 257
554 258
482 264
443 260
402 266
370 261
292 264
618 245
526 246
443 244
398 253
299 251
261 248
591 235
495 240
349 234
281 225
237 236
774 218
664 211
594 197
533 214
480 184
422 200
293 214
236 207
742 177
654 179
589 177
432 167
366 175
282 170
148 145
567 146
505 138
409 139
315 139
118 88
641 49
381 68
137 52
