774 290
753 292
732 289
712 291
698 294
680 296
665 297
648 300
637 299
623 302
771 289
753 286
731 288
715 291
695 294
677 292
662 297
647 295
632 300
618 299
781 284
758 283
734 287
715 290
701 291
679 290
662 294
648 293
630 297
618 296
766 283
741 274
720 288
703 285
684 289
661 290
647 291
633 295
619 296
604 299
761 280
737 284
714 286
698 286
679 286
658 288
644 288
622 285
609 295
595 298
760 279
733 279
716 282
694 283
669 287
656 288
637 290
621 291
602 291
587 294
770 273
740 274
722 276
698 278
674 280
656 284
637 288
621 288
602 290
587 291
755 272
736 274
706 279
683 279
666 278
648 284
628 283
611 288
591 290
574 291
761 262
727 271
707 271
678 274
662 275
638 281
623 284
604 286
584 288
571 289
744 261
711 269
689 270
664 271
642 276
624 277
607 280
588 283
572 286
555 284
759 256
737 262
703 265
677 268
654 272
636 273
616 278
594 270
577 282
558 282
736 252
707 259
680 264
652 267
627 269
614 272
589 278
569 279
552 281
539 272
752 248
712 251
682 258
655 262
635 265
612 267
590 270
572 272
551 273
536 278
742 226
717 244
682 252
654 252
630 261
600 265
579 268
557 272
543 273
522 277
737 229
702 238
672 240
639 253
615 251
593 261
569 258
546 266
523 270
504 270
717 227
684 236
642 245
616 247
587 251
560 258
546 262
520 251
504 269
485 269
730 222
685 227
651 236
621 241
597 246
571 251
546 251
521 258
499 263
484 263
698 217
653 225
620 226
589 230
564 243
531 247
511 254
485 259
469 258
453 264
728 196
668 207
625 208
601 222
565 224
534 240
515 244
488 249
468 238
446 251
687 188
633 201
593 207
568 221
531 231
499 218
479 236
459 247
440 251
413 257
707 166
642 169
597 191
563 202
533 216
492 220
474 231
445 234
417 237
409 247
650 143
600 161
547 182
519 200
485 205
451 218
429 221
404 226
388 232
366 243
660 112
593 138
548 161
508 168
469 181
435 201
410 203
389 220
366 210
349 233
624 82
552 118
507 147
455 165
415 179
386 193
369 205
345 214
319 222
309 223
569 70
483 105
448 126
405 126
371 159
339 186
327 199
302 206
283 211
272 220
