838 186
805 188
829 187
796 182
772 186
830 180
853 178
739 180
707 186
677 190
663 186
845 153
741 171
696 174
674 178
636 179
616 182
605 188
590 188
693 143
655 160
595 178
571 159
557 186
550 186
762 101
584 158
558 178
543 181
702 57
550 91
527 147
500 172
481 165
465 134
455 160
443 167
441 176
436 182
443 181
437 187
330 113
378 163
380 175
394 181
390 186
107 109
201 120
255 148
286 161
304 159
345 186
355 192
41 139
132 144
286 176
125 168
156 167
223 183
236 183
266 179
34 161
97 167
17 168
71 176
115 171
148 174
196 187
46 177
89 174
129 162
150 186
65 185
107 179
138 189
19 184
64 180
97 192
