819 306
771 302
742 308
708 308
676 313
653 315
622 315
600 317
582 319
827 302
778 299
738 289
710 309
672 312
649 313
625 314
594 310
574 315
828 299
770 295
739 305
699 305
669 306
641 310
605 309
585 307
565 313
844 283
791 295
744 296
703 302
672 300
632 301
606 308
580 309
556 310
818 291
762 292
724 295
677 293
639 302
616 300
588 307
557 306
539 310
799 278
747 291
698 295
658 298
626 301
587 301
566 304
537 308
841 266
773 280
718 286
682 291
635 286
600 299
568 296
541 296
509 288
778 279
716 274
678 275
632 280
591 292
557 296
531 302
500 301
812 250
762 268
693 279
635 262
598 287
556 290
525 298
500 299
472 295
811 243
747 266
661 272
609 278
570 286
525 263
500 294
468 298
444 295
839 195
761 248
678 253
631 265
564 277
530 281
490 286
458 292
423 289
834 209
706 218
638 239
578 249
513 261
480 264
448 273
412 284
379 290
833 170
705 205
589 235
535 245
481 248
438 234
401 275
369 255
345 278
803 146
660 189
546 210
474 238
420 244
396 249
356 256
331 277
293 276
836 67
628 117
525 174
424 209
389 222
330 243
301 256
273 264
246 266
462 101
330 158
274 192
264 214
209 229
206 242
184 257
184 84
169 154
109 182
95 209
133 190
80 242
