540 304
523 301
501 304
481 299
461 305
439 299
421 305
397 298
379 301
357 302
543 288
522 298
500 301
482 300
456 301
435 300
418 299
393 296
370 301
348 301
549 299
522 293
498 298
476 297
455 294
434 293
411 297
387 299
359 294
338 297
567 288
542 294
517 293
490 295
463 291
441 288
411 278
385 290
364 292
340 290
588 288
555 288
525 290
502 283
474 285
446 271
422 288
387 284
362 289
331 289
598 277
569 285
535 281
509 282
475 280
452 285
415 283
389 282
355 281
329 283
603 273
567 274
534 269
499 271
468 270
437 273
397 278
368 274
340 270
299 269
617 268
574 269
550 267
515 270
478 261
435 264
404 263
369 269
326 265
292 269
626 260
598 261
546 261
516 254
475 256
437 261
393 260
348 253
307 254
264 251
698 245
639 237
602 248
557 246
505 248
454 237
417 248
363 239
317 249
273 249
717 221
673 230
623 229
577 229
513 222
464 230
415 216
351 225
294 229
241 223
766 204
690 194
651 191
570 200
505 209
438 195
377 202
314 202
264 199
180 189
788 163
752 174
638 180
573 162
496 173
427 163
325 173
272 165
187 165
745 73
632 72
547 104
440 105
353 102
257 122
125 102
40 129
703 22
547 44
408 41
265 17
126 14
2 26
