517 393
475 387
458 398
436 396
420 396
381 399
366 395
344 397
525 383
479 382
463 386
440 382
425 387
399 388
380 387
362 383
344 385
527 373
505 373
488 374
466 374
427 373
404 372
546 366
523 364
460 364
432 363
373 360
534 352
460 351
374 352
348 353
331 351
514 339
492 340
467 337
425 337
396 335
519 317
421 323
395 319
373 318
352 322
328 321
490 295
461 299
410 300
384 286
354 299
332 299
559 278
472 277
421 285
395 284
578 261
518 246
492 256
435 259
347 249
558 239
494 239
464 235
434 236
400 235
369 237
308 236
579 212
451 205
420 205
384 211
354 207
600 170
567 172
529 173
495 174
460 169
311 167
277 172
627 125
584 128
544 128
362 127
498 84
463 77
376 82
335 73
297 84
652 23
563 28
509 22
462 25
