796 284
750 285
698 298
656 293
635 303
605 303
575 301
549 310
850 283
780 287
738 292
684 287
652 299
612 295
577 300
549 299
530 305
788 270
738 287
688 285
645 294
600 297
574 300
536 302
513 305
823 261
752 277
687 279
633 279
593 292
560 293
525 291
502 299
472 298
811 251
749 264
684 266
626 279
579 283
543 288
506 287
478 299
457 300
840 246
771 254
680 254
622 267
567 268
524 280
490 286
459 288
439 294
814 228
726 243
642 246
584 253
529 269
480 248
452 276
429 286
399 290
774 206
655 188
584 245
519 240
463 265
433 268
392 278
375 287
796 170
625 176
549 215
493 238
431 254
397 247
363 269
324 274
301 280
749 86
570 178
478 183
422 216
378 240
328 243
301 257
269 268
