842 189
821 190
826 188
793 184
828 183
783 185
745 189
818 169
771 174
730 184
714 190
820 176
779 168
734 173
704 177
667 170
661 183
819 160
771 160
735 170
699 179
660 178
640 188
628 187
760 160
710 165
680 172
637 156
622 185
610 183
589 190
772 126
704 163
651 156
625 177
602 171
586 186
565 186
553 189
777 95
699 120
645 139
597 153
582 162
552 177
541 184
531 185
523 190
510 185
621 81
576 111
551 153
512 162
514 136
489 166
494 180
479 178
478 186
467 172
455 90
454 129
429 151
446 162
444 167
430 173
438 177
437 179
428 166
430 190
273 94
289 118
336 145
358 146
349 171
368 178
376 154
376 185
385 188
384 189
121 94
195 125
249 146
286 164
299 161
315 168
327 186
333 188
348 188
40 137
137 131
210 165
223 170
254 173
278 183
287 184
306 184
318 186
74 120
142 163
189 166
206 152
239 186
252 165
265 190
28 121
66 158
112 173
163 177
194 181
212 184
223 191
26 171
73 174
121 178
148 182
178 187
194 188
61 173
85 181
132 166
155 191
26 183
70 186
97 180
128 185
32 180
68 186
96 188
18 169
53 189
