851 292
801 294
757 293
714 295
680 304
644 302
620 306
594 306
563 300
812 286
759 293
713 293
678 299
642 298
618 303
585 308
559 304
538 309
851 280
791 287
743 289
696 296
666 301
624 299
594 304
573 307
544 306
805 285
733 287
690 285
649 290
621 297
586 300
549 297
526 301
830 271
767 270
714 280
673 287
630 290
590 294
557 292
521 302
497 288
832 265
758 270
704 272
641 284
602 280
571 294
528 298
496 294
474 298
799 251
735 259
675 274
621 278
566 273
530 265
505 289
469 299
440 279
816 239
726 250
647 258
597 242
537 269
507 274
475 282
445 288
414 296
763 218
651 237
594 254
542 261
491 274
455 268
417 274
398 283
853 176
695 197
614 231
535 245
489 240
427 266
400 274
376 275
344 282
717 146
600 181
524 169
448 227
397 242
370 258
325 257
302 274
593 124
503 163
426 213
367 211
327 237
293 258
254 253
241 272
396 86
298 145
248 172
228 211
190 234
186 239
166 250
139 50
156 136
83 184
98 209
76 221
77 242
7 200
