831 176
793 181
761 183
728 186
795 177
747 175
727 187
690 190
670 190
817 172
751 176
713 181
677 159
662 186
645 189
816 161
750 167
711 169
687 179
652 175
632 185
606 190
596 188
851 138
755 147
702 159
663 170
627 174
616 179
595 174
582 188
567 186
774 97
702 93
656 141
611 157
591 175
562 178
556 180
541 183
527 186
652 106
598 142
560 151
539 161
527 176
502 177
494 157
493 185
486 185
487 183
515 20
498 146
475 143
462 168
465 142
459 166
453 184
448 179
446 188
450 186
378 79
397 109
395 137
404 141
411 164
406 178
405 174
405 176
419 185
416 189
159 78
234 106
273 133
301 145
325 159
340 168
343 171
358 185
371 183
374 188
119 132
174 145
222 160
261 157
296 176
311 182
317 182
326 178
336 187
106 142
165 157
192 131
223 175
253 176
273 175
285 179
299 171
62 147
113 165
173 177
196 175
221 174
240 189
252 187
33 162
105 160
149 176
172 179
201 181
216 187
239 190
32 175
96 182
132 184
151 162
187 181
