844 301
809 309
768 309
741 314
709 310
683 311
662 317
634 319
612 319
818 302
787 303
748 311
712 307
683 308
662 315
638 314
613 315
593 317
850 294
799 298
760 305
727 307
697 308
671 312
640 313
617 315
597 317
811 293
775 300
732 286
696 307
671 305
634 305
612 307
589 314
565 312
844 296
780 291
745 292
705 306
676 307
635 307
610 307
588 306
563 309
810 295
767 297
720 300
681 297
651 304
612 307
586 307
566 310
536 311
852 275
794 265
750 292
701 291
659 278
625 300
593 306
562 305
538 310
852 279
788 276
726 287
676 269
635 293
612 297
571 301
550 304
522 301
792 279
729 280
680 285
635 289
603 294
566 299
536 294
503 296
847 250
776 265
699 268
645 285
609 287
559 281
529 295
504 293
470 302
813 251
746 256
676 267
625 267
567 273
537 287
500 294
471 296
437 300
846 229
745 245
675 261
613 264
555 265
513 269
479 287
443 292
418 291
800 223
686 221
620 236
566 263
502 261
466 267
430 283
404 280
386 290
709 192
619 229
554 246
487 248
442 266
409 267
378 277
347 280
794 109
644 167
546 208
462 223
408 244
363 259
327 253
316 266
293 282
653 110
510 168
431 198
349 221
318 245
285 249
261 257
230 256
523 4
389 105
329 160
263 186
224 169
206 222
165 255
182 227
180 16
101 53
104 152
66 174
77 207
77 226
50 233
