830 194
829 196
800 196
835 190
800 196
778 193
843 187
808 187
787 187
759 189
737 195
820 189
793 189
758 191
739 190
718 196
853 174
816 186
794 184
765 183
734 191
713 196
695 192
827 180
789 186
757 186
724 193
705 193
683 193
661 196
813 182
776 183
738 187
714 189
688 184
667 186
645 193
638 197
831 168
769 170
728 173
703 188
677 190
660 184
638 185
624 187
603 182
602 191
776 141
719 180
697 176
659 182
644 180
628 185
613 190
592 188
582 195
577 194
727 167
673 177
655 182
621 182
604 183
591 187
571 175
564 194
559 191
547 196
666 167
629 174
601 170
584 185
563 179
553 190
544 185
538 194
526 194
519 196
565 167
553 170
544 173
526 178
523 182
509 189
505 193
501 193
497 196
489 193
499 165
497 165
493 182
475 184
481 165
468 183
472 191
463 189
464 194
457 183
437 169
439 176
428 182
438 185
437 186
429 187
435 189
434 189
427 180
429 196
368 168
365 171
380 178
387 175
379 188
389 191
392 174
391 193
397 195
395 196
284 134
293 161
310 169
327 176
342 184
345 180
352 183
357 194
359 196
369 195
236 156
250 179
273 170
300 185
300 187
314 187
325 193
328 193
339 192
346 193
144 169
178 161
212 181
229 161
255 183
273 183
279 173
296 194
301 179
308 197
73 173
117 169
153 176
196 160
206 180
223 187
249 189
263 191
272 193
276 197
18 171
57 179
104 171
144 187
176 187
196 188
218 189
230 192
245 195
254 195
2 171
57 182
96 185
117 186
151 184
180 186
189 191
215 179
226 197
14 174
66 184
98 190
129 192
150 193
173 194
186 189
204 193
20 180
70 167
99 188
117 193
145 190
164 194
179 194
21 186
57 188
87 194
107 194
130 181
149 196
3 187
28 188
60 192
91 188
112 195
4 186
36 191
65 193
87 193
12 195
36 194
61 194
14 196
43 195
13 196
