486 424
473 421
458 425
436 415
423 423
402 423
351 425
511 415
490 415
478 414
461 415
439 415
423 417
389 416
527 402
508 406
380 407
469 398
448 396
428 394
408 394
393 392
369 394
521 382
485 381
466 381
401 383
381 383
364 383
538 373
518 373
500 371
434 372
415 372
373 371
349 374
487 359
373 359
354 359
330 355
511 341
486 345
464 346
416 333
399 347
351 346
326 342
540 327
515 322
490 331
443 330
421 329
398 326
367 327
523 314
498 314
475 311
446 313
423 312
351 304
327 309
416 293
361 293
333 293
308 295
518 268
496 267
352 273
562 246
534 253
504 246
479 250
446 256
386 241
361 247
323 253
556 218
499 230
460 221
402 225
305 227
569 197
543 201
503 196
444 195
410 194
345 200
303 203
597 160
552 155
518 162
489 157
450 156
373 165
262 160
625 111
581 116
545 119
505 115
466 116
430 118
268 112
664 56
610 70
564 59
348 61
662 3
555 9
527 15
472 20
427 10
290 6
239 12
