835 175
788 174
751 177
725 187
693 185
676 189
660 189
641 183
803 169
744 179
714 178
687 185
668 183
653 188
631 193
616 189
605 193
833 165
773 168
729 177
703 177
666 185
649 190
629 187
617 191
606 193
589 193
763 169
723 170
685 180
645 182
630 179
613 183
597 189
583 191
569 188
565 190
665 167
627 176
616 171
586 182
579 186
565 187
550 190
545 187
531 194
527 182
606 168
571 178
555 180
548 179
530 188
527 183
519 193
510 195
502 191
500 193
528 162
512 174
500 179
494 187
491 187
478 183
477 175
477 191
474 197
465 182
464 166
452 178
460 179
450 182
448 169
442 185
443 187
447 190
439 193
439 197
399 157
400 175
394 176
409 178
400 187
408 187
411 192
410 186
408 188
414 192
326 175
331 176
349 173
354 186
353 189
367 181
364 193
377 194
381 192
380 195
245 161
257 164
291 171
299 178
316 163
320 186
327 189
342 191
343 189
347 196
195 169
213 177
256 174
262 182
286 190
298 182
305 190
315 195
319 190
329 196
111 174
163 172
185 180
206 184
230 184
246 184
262 190
272 194
287 191
296 192
42 161
95 166
135 175
164 180
184 183
213 187
223 193
242 193
252 192
268 194
15 162
71 178
117 176
142 187
174 189
182 182
210 188
219 195
236 196
252 182
