778 175
707 187
781 182
706 190
775 176
676 187
654 189
809 159
752 134
718 164
644 180
632 187
694 164
674 176
638 172
815 110
718 146
614 163
583 177
543 178
536 187
528 191
665 76
611 131
565 149
512 167
510 158
490 177
488 187
482 182
563 84
507 118
499 144
473 145
468 161
460 183
451 190
379 124
395 148
408 156
403 167
410 180
409 189
411 168
232 101
349 172
377 185
378 167
382 189
179 143
233 148
265 154
329 186
341 184
27 127
167 164
211 158
258 180
277 186
289 190
303 188
93 159
172 167
212 175
240 184
243 182
260 189
64 160
96 165
149 183
34 176
70 175
118 181
148 185
175 181
199 189
