538 308
519 306
498 307
480 308
464 305
446 304
427 307
410 308
387 304
369 304
532 303
510 304
486 303
467 306
450 307
432 303
414 306
391 302
374 306
356 306
542 302
522 305
504 303
483 303
463 300
436 302
417 298
394 301
378 303
355 290
559 301
537 296
510 299
489 297
469 300
447 301
429 297
403 301
386 301
362 299
556 296
530 295
507 293
479 293
457 297
438 297
409 283
390 297
369 293
341 295
555 290
532 292
500 277
482 292
455 279
426 295
402 289
382 292
353 291
330 287
576 290
548 288
515 274
492 283
464 289
442 274
412 283
385 285
359 291
335 289
575 287
549 278
527 285
491 285
466 286
432 281
405 276
378 281
343 279
316 286
605 277
568 279
538 277
506 278
469 271
442 277
406 277
379 269
346 271
313 262
626 260
587 265
553 264
518 267
486 267
448 270
413 265
378 268
345 266
306 270
634 259
590 258
554 260
512 261
467 259
432 239
391 258
355 259
318 257
266 261
657 251
609 252
568 244
512 241
468 244
434 247
391 248
338 245
304 241
250 249
709 229
660 231
605 232
557 232
499 230
440 235
400 230
333 227
299 233
231 234
772 208
716 193
648 190
594 197
532 204
464 193
394 196
323 199
255 187
191 196
773 166
706 159
609 165
539 163
466 168
384 170
278 154
216 177
146 150
802 95
740 111
607 96
504 77
387 82
294 115
190 85
50 92
633 2
477 30
