535 308
519 303
501 308
479 307
463 308
444 304
425 304
409 308
387 308
367 307
530 305
512 302
496 302
473 306
451 301
431 301
415 305
396 304
374 303
355 304
550 299
533 298
508 298
486 301
466 301
447 300
427 302
403 301
383 302
364 303
542 298
522 293
502 297
478 284
452 299
436 295
407 293
386 293
365 299
340 295
562 296
545 296
513 290
494 288
465 297
446 296
413 294
393 292
372 290
346 291
568 284
535 292
513 292
485 292
458 287
434 291
401 291
379 289
356 291
323 290
598 284
566 280
541 269
512 286
483 282
456 268
423 284
394 287
364 284
337 287
612 280
575 281
547 274
510 279
480 261
446 276
424 278
385 279
360 280
330 274
629 274
594 274
560 275
526 272
494 271
458 271
431 273
393 274
360 266
319 265
642 261
608 257
572 261
524 257
483 266
456 264
409 253
368 264
340 258
291 264
652 250
612 251
577 249
530 250
488 245
438 243
402 252
353 256
315 254
258 254
715 233
655 236
602 236
560 240
508 236
457 229
405 226
352 241
302 240
252 234
721 221
674 221
607 206
562 207
504 222
433 209
379 208
317 220
268 210
218 221
825 196
761 191
675 179
613 192
546 196
472 183
403 192
329 187
258 191
187 184
810 126
740 131
622 146
523 136
427 143
346 143
243 118
184 137
84 155
733 77
619 77
483 61
343 84
233 69
130 64
