1170 693
1099 702
1022 696
950 694
904 703
825 698
1189 695
1154 690
1031 696
948 698
873 695
1216 681
1164 694
1128 694
1089 694
1043 685
993 685
921 681
878 682
835 693
1200 687
1067 684
1025 684
987 687
931 683
881 684
850 686
792 674
1202 676
1154 672
1094 677
1009 684
952 673
916 672
866 681
823 679
1184 668
1076 661
1022 675
873 677
824 677
1233 654
1173 668
1126 666
1068 665
1015 660
965 661
908 663
785 657
1128 652
1058 656
949 655
833 658
1123 648
1069 647
888 637
822 639
1262 627
1191 614
1138 633
861 629
782 628
1380 615
1306 619
1220 609
1159 611
1064 617
925 613
846 598
1337 595
1156 573
985 582
918 554
833 578
664 585
1347 569
1255 561
1172 571
982 564
887 559
780 570
694 575
571 566
1549 523
1429 519
1311 529
1199 473
1110 473
981 533
776 541
644 515
546 540
1700 479
1291 421
1190 494
892 492
764 486
501 483
1661 414
1319 402
1179 419
877 403
693 423
543 423
1886 299
1680 320
1458 337
396 268
1820 140
1577 130
991 113
722 138
78 120
