1265 953
1029 957
845 954
720 963
1252 933
1121 932
1062 921
864 933
821 925
753 918
688 926
1138 878
1008 848
934 884
863 895
815 881
738 850
677 890
1315 859
1248 838
1043 852
974 840
904 856
838 858
1318 786
1238 795
1163 792
996 811
846 801
705 816
619 800
1393 757
1291 718
1217 760
1062 749
813 757
723 711
1403 702
1330 695
1054 705
676 703
1448 600
1354 627
1245 611
782 612
1450 520
1127 530
1043 536
925 526
831 531
597 522
1269 427
1145 458
1051 418
801 420
429 421
1595 305
1351 313
1202 289
1049 271
937 288
808 315
669 267
533 287
366 297
1698 134
1404 90
939 80
783 98
462 116
336 128
