620 356
583 347
543 351
512 349
471 355
435 348
412 357
378 356
345 350
307 360
615 328
584 338
540 339
513 336
468 332
438 339
399 333
359 332
324 329
293 336
641 303
599 305
558 303
524 313
487 305
449 306
402 306
368 312
321 309
287 309
625 275
592 276
549 280
500 278
452 275
409 280
371 278
330 268
290 276
242 273
643 240
600 242
563 245
514 242
465 242
413 245
373 240
321 239
271 246
235 242
698 198
637 203
597 203
537 193
491 189
427 195
376 194
327 195
273 197
233 201
711 152
647 146
596 147
533 141
484 134
415 145
359 122
304 138
253 148
190 146
792 83
714 72
653 82
580 58
518 78
455 62
376 66
315 79
244 62
188 81
