560 421
536 426
512 422
486 424
459 419
425 422
401 417
370 420
351 424
323 405
581 412
552 407
518 410
491 406
466 410
438 412
415 407
381 410
360 414
330 409
574 395
541 395
512 390
477 392
449 396
426 397
390 379
365 398
339 392
303 393
570 376
542 379
500 362
479 380
445 365
409 383
380 376
354 379
319 376
291 373
594 364
560 364
516 346
490 359
456 364
428 345
391 355
359 358
326 368
296 365
590 349
557 339
531 343
487 347
456 348
415 342
382 333
350 341
306 338
273 347
620 318
577 321
540 319
503 321
457 311
426 318
382 317
351 307
310 310
274 304
637 275
593 283
553 285
513 287
474 284
430 286
390 285
347 284
309 286
263 286
641 250
591 254
550 252
502 256
449 251
410 237
362 251
321 256
278 249
217 255
660 214
606 219
557 204
496 209
447 212
409 211
360 210
302 213
265 210
201 208
701 159
649 157
588 153
538 158
475 158
411 161
368 153
296 144
259 160
185 160
746 82
683 71
614 67
561 68
499 75
431 69
359 65
289 84
222 63
155 70
