815 277
740 302
703 303
668 306
608 304
555 312
721 293
694 298
630 308
569 313
748 288
665 301
573 308
544 310
727 288
678 272
646 290
577 299
555 306
683 285
649 295
604 291
798 270
672 278
594 290
520 290
494 300
469 304
809 250
740 259
570 274
536 267
497 284
468 296
441 291
767 247
678 246
617 260
526 284
429 296
761 233
671 244
597 256
463 276
426 287
397 265
549 252
416 278
387 257
357 286
756 169
621 192
543 208
346 271
326 272
780 60
501 182
432 192
329 243
290 259
263 269
249 271
410 127
303 185
275 218
237 244
198 242
188 261
182 87
157 126
135 202
15 240
