1074 947
1246 947
1197 957
1119 953
1077 958
1001 952
892 940
823 940
773 943
712 943
1154 919
1041 927
970 912
910 925
853 905
711 928
1312 890
1240 887
1122 882
979 876
723 884
1152 857
994 839
919 853
869 846
779 854
1186 763
1120 805
1050 798
961 805
1404 758
1326 733
1250 758
1089 755
994 755
833 734
741 746
673 756
1397 655
1356 687
1243 688
1085 686
906 702
793 683
710 666
637 676
1312 636
1123 634
944 594
750 618
667 631
1197 536
1080 537
880 555
787 542
577 532
1522 452
1155 454
1035 460
934 480
704 477
1581 341
1467 328
1316 318
1049 321
942 333
651 328
555 305
400 343
1547 182
816 193
689 171
539 147
