510 425
492 421
479 425
461 425
445 422
427 426
406 421
393 424
375 427
358 425
518 415
498 408
484 415
465 419
448 415
432 414
412 417
398 415
376 418
359 415
509 397
496 405
474 403
454 409
436 407
423 405
402 404
387 403
364 405
347 407
520 397
504 396
487 397
464 394
446 394
431 397
411 397
391 396
372 395
353 399
535 388
510 386
491 387
470 381
451 386
436 385
417 384
394 387
375 389
358 385
541 374
516 375
499 379
477 376
456 377
435 377
412 379
395 378
370 377
352 375
543 358
518 364
498 366
481 364
456 365
435 366
415 360
391 360
367 362
351 366
532 350
503 348
481 346
462 353
438 352
420 348
396 346
375 346
349 338
332 348
535 327
515 337
490 336
465 335
442 334
425 335
399 338
374 332
347 337
328 337
551 322
526 320
500 324
473 320
446 320
429 320
397 307
375 321
355 320
327 321
567 304
538 304
514 298
485 305
460 297
440 303
411 299
381 306
356 302
334 302
561 278
537 279
503 281
477 279
453 281
422 282
398 284
366 284
340 286
313 279
577 255
540 255
511 263
489 256
452 250
425 253
397 262
366 255
342 260
317 245
588 233
561 236
527 231
498 237
469 236
438 230
405 234
372 233
350 219
306 232
593 204
568 198
532 203
495 200
466 198
426 201
397 190
360 198
323 201
298 198
610 156
583 156
550 158
510 160
476 167
441 160
408 161
366 165
328 161
294 166
619 134
586 130
539 124
498 138
464 127
423 128
380 131
346 126
314 132
273 132
652 86
608 78
572 86
522 69
485 84
435 82
401 70
354 87
322 73
275 80
666 20
622 21
577 19
512 20
482 17
434 13
388 27
333 25
298 26
247 15
