823 171
786 178
753 179
717 171
837 169
789 168
756 176
713 184
685 180
665 186
821 167
777 177
728 174
700 181
678 185
648 186
813 157
763 155
718 165
683 177
653 180
625 177
614 182
786 133
705 158
677 168
641 172
610 178
595 175
571 187
562 171
734 138
669 151
639 153
592 172
581 166
563 183
544 187
530 182
525 186
679 84
601 134
562 149
542 168
530 171
504 167
500 157
498 181
492 190
477 171
523 91
479 139
489 149
466 160
461 141
449 170
450 174
456 180
444 185
443 191
352 58
365 127
361 138
396 151
382 169
398 172
403 181
402 174
401 178
410 184
176 117
219 131
282 138
300 165
308 174
335 163
335 184
356 185
364 184
363 188
29 96
162 131
200 150
243 129
259 170
277 176
305 182
310 179
318 189
114 141
143 159
201 175
232 165
248 178
269 187
280 181
296 190
41 162
109 166
150 167
183 179
206 185
233 182
250 184
28 164
92 171
125 182
160 184
184 183
212 187
30 174
56 165
113 177
133 187
165 190
192 171
