1114 925
1065 929
984 935
953 933
915 932
866 931
831 924
1131 911
1088 909
962 899
923 909
872 914
833 905
790 909
1164 877
1075 881
1038 887
946 877
900 881
819 888
1105 867
971 865
923 865
878 866
839 861
791 864
1176 835
1073 829
974 825
934 833
843 832
793 830
1203 801
1148 807
1058 803
1006 794
853 802
799 809
765 799
1158 777
1064 763
902 772
1181 746
1123 738
1069 734
962 751
904 716
796 741
733 749
1219 673
1057 692
990 704
937 685
831 697
764 694
716 705
1122 664
1064 663
998 669
942 648
875 669
826 658
767 661
711 665
1290 619
1233 620
1173 618
1110 604
971 618
795 608
725 614
1215 566
1015 570
671 559
1317 488
1184 509
1107 502
1045 506
907 496
755 494
1311 423
1009 438
853 424
778 422
714 426
632 442
1340 362
1257 348
1188 363
1099 351
945 362
844 356
768 363
697 358
601 343
1334 253
1165 249
1073 253
719 255
1441 136
1247 138
1122 149
1033 156
927 132
765 155
639 146
1308 22
1007 37
768 25
