772 294
750 296
733 299
719 297
704 301
685 300
671 302
655 303
644 303
632 304
775 292
753 291
740 295
721 296
703 296
687 300
668 298
657 301
643 303
629 303
778 289
755 284
740 291
721 295
703 294
687 295
670 298
658 299
640 302
626 301
762 279
747 289
724 289
705 294
687 295
675 295
656 295
644 296
626 298
614 301
769 285
750 288
732 289
709 288
692 289
678 294
661 295
643 296
629 296
615 300
781 282
751 286
731 287
708 285
691 290
678 290
661 290
642 294
628 297
614 296
780 279
752 282
734 286
711 286
691 289
672 289
652 293
639 294
620 295
605 296
774 273
747 280
726 284
709 284
685 287
667 289
648 287
629 288
612 292
601 295
755 275
724 277
701 277
684 285
663 287
647 284
628 286
613 287
591 284
583 291
751 263
728 277
704 277
680 280
660 280
646 283
627 286
606 286
589 291
577 291
760 268
731 272
707 276
680 277
657 278
642 281
616 274
603 287
589 286
571 290
766 264
735 268
709 266
683 275
660 272
644 279
621 278
601 285
584 285
569 287
746 259
721 262
690 265
665 268
647 271
622 277
605 280
584 282
568 285
550 283
750 253
713 256
687 265
665 267
635 259
614 269
597 276
574 276
561 281
542 273
749 250
721 255
687 259
663 264
640 266
615 268
593 271
572 273
554 266
533 280
739 244
711 246
679 253
647 253
622 262
596 266
574 256
553 272
534 275
520 277
739 220
706 234
676 240
643 247
619 255
592 254
572 258
547 268
526 271
510 273
731 225
693 238
652 236
624 250
596 252
570 255
546 263
526 264
511 266
492 269
735 220
692 219
661 235
619 224
596 243
563 246
540 240
520 261
500 249
482 267
715 212
677 214
638 223
594 217
572 233
543 242
522 248
495 253
480 257
458 263
704 201
657 209
618 210
582 228
546 234
522 238
496 244
477 249
453 255
441 257
702 180
655 193
605 209
567 217
543 221
515 226
488 234
464 240
446 234
420 255
659 174
609 188
572 191
538 208
497 220
479 228
444 233
429 240
406 238
395 246
639 159
586 164
551 182
511 193
480 190
458 217
427 226
398 229
385 238
363 242
622 139
567 160
526 171
489 184
455 194
424 205
401 219
375 225
361 215
342 237
648 74
583 114
520 132
468 159
434 176
408 188
386 195
363 208
344 211
325 226
619 25
545 92
497 107
450 131
410 153
370 168
346 182
327 198
308 209
293 216
483 55
431 63
386 95
344 129
315 158
288 170
276 193
253 199
237 207
320 50
281 90
268 122
250 118
224 165
201 172
187 191
184 200
225 44
196 86
176 115
149 141
144 152
137 166
119 188
