502 319
491 317
476 319
461 315
450 317
436 317
422 318
407 318
391 318
377 319
501 316
490 317
473 317
458 317
446 316
428 318
414 314
402 316
386 314
373 317
508 311
495 315
476 315
466 315
449 307
431 312
417 315
401 316
386 314
373 313
514 313
496 314
479 313
466 312
450 313
435 315
417 311
402 313
385 311
369 313
515 311
501 310
484 313
467 312
448 312
430 309
415 310
402 309
385 312
368 310
533 305
515 310
496 310
477 311
461 310
443 307
424 306
411 310
389 306
373 309
523 305
504 305
484 308
463 296
448 304
428 308
412 308
389 307
375 304
356 308
536 301
517 306
499 304
478 304
454 306
433 304
418 304
397 302
379 305
359 305
533 302
514 304
493 297
474 302
452 302
429 301
409 301
393 302
366 303
343 302
550 299
535 299
506 298
488 300
465 295
446 296
417 298
402 295
373 300
352 301
559 296
536 297
511 297
484 297
462 297
437 291
412 293
394 295
364 294
341 296
552 287
527 292
504 287
483 292
455 293
433 291
404 291
380 294
352 292
331 292
577 289
552 291
521 290
501 287
469 287
443 283
414 283
389 284
363 289
333 285
582 280
557 285
522 282
495 282
466 279
439 280
406 282
373 284
349 281
316 280
594 277
566 280
529 279
503 278
468 279
443 278
404 277
380 272
343 260
316 280
605 273
572 272
538 269
499 265
471 272
437 274
397 271
365 264
329 270
293 271
650 265
608 261
575 260
537 263
500 255
465 259
422 253
378 266
350 261
309 262
685 247
641 255
591 254
544 252
500 252
463 247
416 257
383 252
333 229
301 248
697 234
633 238
588 240
544 241
485 232
445 242
384 230
345 241
288 236
253 230
727 216
652 220
600 223
555 216
492 221
434 216
369 219
329 215
271 220
205 211
824 192
770 197
694 187
637 175
569 192
495 186
417 199
339 196
270 194
217 200
792 144
696 155
627 141
534 113
439 162
369 158
282 160
182 153
90 155
771 37
671 87
582 85
477 62
331 97
241 89
122 74
19 73
