557 297
530 282
487 296
463 295
439 295
389 290
336 293
564 277
484 287
465 289
413 293
356 294
512 282
454 287
372 288
340 288
508 280
477 263
450 276
390 278
364 282
621 276
492 273
462 278
426 271
624 263
578 267
503 263
433 267
356 258
320 265
280 267
660 244
606 251
572 251
439 245
400 233
354 244
308 253
263 243
697 240
657 237
608 241
557 230
508 234
413 244
265 243
736 199
699 223
639 225
579 223
523 222
363 220
301 225
245 190
785 207
517 204
318 206
265 170
185 201
758 163
665 154
587 151
242 163
171 158
690 92
568 78
345 92
207 95
93 96
