1083 703
1038 697
935 705
820 701
1100 697
1012 702
944 696
860 700
1179 692
1102 693
1051 695
1007 696
971 692
935 695
895 695
845 683
1164 690
1111 688
1067 663
988 688
897 665
856 682
1185 682
1141 674
1041 677
994 681
954 685
909 687
805 680
1213 681
1177 665
1125 666
1028 665
970 648
1072 673
978 669
915 673
866 669
812 669
766 673
1040 656
934 652
760 664
1292 655
1219 651
1172 647
1099 644
1044 644
988 644
915 652
863 653
801 648
747 651
1302 604
1248 642
1178 642
1099 639
848 632
786 641
1382 622
1321 632
1179 629
1104 617
966 628
812 621
750 621
1381 599
960 603
881 601
741 601
1484 580
1291 596
1211 594
1121 581
1023 577
945 595
684 589
1203 572
1100 564
1019 550
812 564
595 541
1458 534
1319 463
1229 525
980 518
751 532
528 530
1736 490
1327 505
1196 497
1082 482
941 482
530 493
1642 450
1471 440
1159 435
1010 451
878 443
574 441
1730 379
1571 347
1395 365
1184 372
827 311
594 340
417 351
1504 226
1299 196
1014 131
786 197
557 212
306 196
9 229
