844 305
801 309
770 312
740 309
713 310
685 315
662 317
633 315
613 315
816 305
773 306
740 312
714 314
685 311
661 315
633 313
615 318
595 319
834 305
796 305
759 307
724 305
684 311
658 307
630 313
614 316
585 303
853 292
797 300
757 301
725 306
693 310
668 306
634 313
616 314
589 314
822 295
775 296
730 298
697 306
672 307
631 295
613 312
590 309
562 313
812 292
749 277
724 300
681 287
647 308
617 304
595 309
566 310
545 308
831 287
760 274
728 289
686 300
651 285
617 298
589 303
567 310
544 311
812 277
769 290
713 294
676 299
632 296
598 295
574 301
541 303
521 311
826 279
768 282
716 288
660 284
628 295
588 299
559 294
531 298
505 292
830 261
767 267
709 278
660 283
615 291
580 289
544 296
519 296
489 304
803 258
734 269
674 277
615 282
577 265
540 290
513 293
483 296
452 302
796 256
713 256
643 261
593 271
558 280
519 287
483 287
460 287
427 300
827 228
719 246
655 256
588 264
533 277
498 277
450 283
436 289
402 295
832 180
702 204
626 229
562 249
503 250
453 263
421 270
382 271
358 282
819 155
691 178
569 216
507 230
455 247
413 258
358 262
345 278
317 270
665 120
569 177
468 192
397 205
352 226
326 255
291 251
261 266
616 62
443 140
359 185
323 217
283 216
235 241
214 252
200 267
253 130
209 172
156 186
134 222
137 230
124 240
