1701 633
1559 646
1521 645
1473 655
1405 661
1738 614
1688 615
1635 632
1533 638
1411 630
1372 655
1663 619
1558 606
1513 628
1429 644
1390 648
1314 655
1724 604
1645 611
1543 618
1496 621
1379 647
1332 651
1304 652
1626 606
1575 612
1525 611
1483 620
1432 620
1686 593
1412 622
1290 637
1708 565
1579 598
1505 590
1465 609
1420 617
1368 624
1320 625
1282 633
1548 591
1431 604
1322 618
1279 624
1563 574
1506 580
1441 557
1241 606
1196 623
1623 536
1561 562
1480 570
1417 576
1352 594
1179 620
1139 627
1564 534
1426 531
1367 571
1246 583
1205 601
1161 596
1415 541
1273 537
1235 585
1187 593
1140 587
1089 599
1570 493
1407 521
1353 541
1167 578
1133 585
1310 526
1255 528
1193 538
1127 548
1039 578
1006 590
1557 446
1370 493
1111 550
