833 197
825 189
805 195
828 194
794 193
777 192
830 186
804 192
772 190
753 194
816 185
784 188
768 188
739 195
720 192
829 186
794 184
765 184
749 191
720 188
700 194
834 183
782 165
760 182
735 190
707 193
685 193
673 190
660 196
807 177
765 181
733 189
699 187
691 189
665 188
652 194
640 195
825 171
790 181
735 172
714 184
678 188
659 188
647 190
634 192
611 196
597 196
803 168
761 171
703 178
679 185
653 179
634 183
615 190
609 186
592 194
581 196
735 169
687 178
656 181
638 184
614 188
599 182
587 186
575 191
559 193
550 196
642 163
616 178
605 172
590 184
570 188
563 187
547 190
540 195
529 195
524 195
605 171
586 179
557 184
546 182
534 185
527 183
517 186
515 188
507 195
496 194
525 168
515 180
510 180
495 185
500 181
488 186
480 191
483 193
474 193
475 193
474 171
475 180
473 182
466 184
460 188
461 189
450 191
455 187
449 180
451 197
427 173
414 181
421 179
426 178
419 189
429 191
426 191
421 188
427 194
426 195
354 173
364 173
374 176
375 184
378 179
383 186
388 183
397 194
398 192
395 195
285 158
304 177
327 180
341 181
351 184
354 183
361 193
363 191
366 179
376 191
226 168
270 174
285 181
298 185
306 184
319 191
333 185
334 194
342 193
347 190
174 170
220 176
238 184
250 183
269 188
279 189
299 191
306 190
314 193
320 192
86 163
125 177
162 176
182 174
207 187
226 187
251 193
267 193
274 195
286 197
46 174
96 164
141 180
159 180
187 169
213 191
231 189
240 195
251 195
264 196
45 174
89 155
126 182
145 187
165 183
198 191
210 191
224 190
237 191
24 179
78 182
105 179
133 190
161 185
181 189
194 193
212 194
24 180
57 188
96 189
126 189
141 194
167 181
184 195
13 187
57 191
82 185
107 194
132 177
149 189
12 186
44 188
68 193
99 179
117 192
17 186
47 192
82 196
98 197
17 193
43 194
68 195
14 194
