1803 696
1719 705
1526 708
1422 719
1366 722
1875 651
1583 705
1533 698
1414 710
1369 719
1817 688
1705 690
1637 687
1561 697
1496 701
1451 706
1377 698
1334 712
1911 675
1699 679
1629 691
1534 681
1473 695
1358 707
1872 660
1681 677
1585 686
1504 679
1438 683
1376 697
1310 701
1262 706
1531 681
1452 690
1916 646
1674 646
1283 685
1213 694
1893 628
1667 635
1459 667
1383 678
1753 627
1657 640
1444 658
1357 670
1280 679
1198 663
1138 681
1586 625
1487 635
1223 667
1156 667
1807 574
1646 597
1492 610
1274 649
1704 574
1182 636
1117 641
1039 664
983 655
1639 502
1307 526
1195 603
1028 576
910 657
1555 506
1226 556
1107 590
933 616
868 629
1583 381
1159 483
1033 550
797 557
1628 266
962 489
603 606
1127 227
932 349
630 494
604 531
517 524
496 587
412 594
873 36
550 208
372 422
329 444
329 485
252 560
0 135
17 468
