1889 429
1836 433
1760 424
1847 430
1701 433
1665 439
1626 439
1776 408
1656 425
1576 431
1817 423
1718 405
1593 421
1750 408
1668 412
1626 422
1502 427
1479 440
1438 435
1878 365
1605 424
1492 434
1470 435
1430 422
1889 341
1729 386
1647 407
1556 415
1414 428
1372 435
1340 435
1323 430
1649 374
1584 402
1485 384
1360 412
1324 433
1293 437
1454 396
1384 408
1358 417
1313 418
1289 431
1252 417
1231 422
1213 434
1202 433
1394 390
1313 401
1272 400
1211 419
1204 430
1184 414
1155 437
1177 398
1125 419
1111 402
1098 382
1105 430
1067 440
1097 364
1046 386
1024 424
1039 425
1026 432
1013 438
970 349
959 376
957 402
955 417
963 429
945 423
963 436
810 370
838 394
831 395
867 401
884 437
902 442
651 300
757 408
766 423
791 426
818 425
826 431
486 301
675 421
748 434
499 395
566 396
612 403
662 426
711 442
308 391
561 409
619 439
662 442
225 398
298 395
433 419
499 424
534 432
565 438
600 441
18 401
99 389
204 417
299 417
388 425
438 432
508 440
11 403
131 392
225 420
275 421
327 428
457 436
52 411
390 438
137 417
190 418
338 439
191 440
230 436
64 436
122 435
176 426
