1709 651
1670 653
1588 667
1541 650
1508 664
1753 644
1658 652
1614 658
1495 663
1737 640
1674 641
1593 649
1548 658
1516 662
1470 645
1374 675
1676 639
1581 652
1545 645
1504 650
1431 661
1713 631
1523 648
1405 654
1378 665
1335 662
1609 627
1562 630
1469 648
1393 647
1629 623
1539 634
1331 649
1301 657
1685 603
1625 619
1535 629
1485 632
1436 637
1316 650
1283 648
1667 593
1604 613
1565 619
1453 630
1374 640
1335 636
1647 566
1549 607
1497 616
1359 631
1237 639
1534 602
1423 616
1344 628
1249 636
1223 641
1601 575
1540 585
1477 601
1418 600
1324 615
1249 621
1211 627
1663 556
1604 571
1518 575
1403 597
1309 597
1253 589
1209 612
1176 625
1655 529
1579 552
1442 559
1379 571
1223 607
1196 604
1538 496
1452 514
1345 569
1288 578
1183 596
1099 601
1665 499
1562 505
1492 514
1185 586
1130 581
1542 494
1440 516
1368 514
1232 544
1174 562
1087 586
1040 589
1553 456
1389 502
1137 544
1043 576
1577 429
1453 446
1370 482
1287 487
1224 495
1062 548
1005 563
1497 401
1230 470
1155 480
1105 506
1045 530
909 557
1533 342
1436 365
1218 438
1074 472
948 502
917 530
878 536
1433 274
1301 320
1112 407
1035 438
992 458
929 492
825 521
795 535
1374 220
948 398
893 446
859 472
795 495
1312 155
1040 283
985 329
884 365
751 432
720 421
1069 170
922 245
722 374
665 404
621 430
