1178 702
1134 703
1097 706
1061 698
1021 699
988 700
958 695
919 698
847 705
1173 702
1128 700
1084 697
1015 691
981 691
931 700
864 696
816 695
1176 696
1124 688
1046 696
1004 671
879 696
836 689
1207 688
1155 682
1073 663
1034 678
991 688
900 684
848 685
808 687
1208 677
1169 684
1108 680
1075 685
1016 679
931 673
877 672
838 674
790 675
1138 669
1049 679
994 664
946 675
901 662
791 679
1267 667
1210 665
1116 663
1003 658
800 664
1143 659
1017 648
957 657
917 656
844 656
1180 610
1122 645
1066 643
993 649
1361 633
1300 620
1233 636
1101 636
1023 635
890 620
815 631
759 631
1374 577
1331 617
1236 614
1104 618
954 625
858 614
787 598
726 604
1302 605
1142 603
988 555
822 588
753 602
1217 565
1114 576
938 584
857 579
673 571
1521 545
1189 536
1081 559
990 561
786 564
1601 514
1498 506
1359 495
1107 508
1006 510
733 506
639 486
500 513
1610 465
893 463
765 438
601 382
1595 382
1413 348
1236 344
864 362
661 377
1754 186
1240 217
980 225
137 214
