1879 702
1805 711
1735 703
1668 707
1616 710
1567 707
1516 714
1427 726
1849 701
1762 701
1641 700
1590 703
1521 718
1433 717
1379 719
1817 689
1679 707
1602 680
1442 718
1390 713
1855 681
1694 665
1636 689
1576 704
1452 706
1389 711
1349 715
1863 685
1745 686
1686 697
1593 695
1472 695
1407 698
1364 704
1314 707
1775 673
1623 695
1540 682
1478 699
1417 689
1304 714
1887 663
1704 672
1527 679
1294 702
1728 668
1523 670
1450 686
1399 689
1325 694
1739 605
1651 660
1560 666
1464 681
1805 642
1578 660
1471 667
1313 667
1244 684
1201 687
1749 621
1531 649
1356 672
1255 670
1189 662
1143 673
1818 609
1546 634
1349 602
1194 656
1142 675
1584 591
1438 623
1260 652
1184 656
1048 666
1480 577
1346 624
1267 634
1099 658
1862 493
1601 522
1284 591
1200 605
1006 633
947 629
891 656
1884 450
1043 603
961 600
877 576
1567 430
1298 460
1121 506
903 577
824 606
1283 336
943 481
837 520
578 611
1164 189
880 376
593 473
455 568
591 36
446 223
274 292
256 385
230 464
