1637 682
1566 679
1478 693
1362 701
1803 661
1593 669
1370 649
1304 691
1891 637
1648 609
1556 651
1398 678
1330 683
1204 692
1870 620
1626 634
1526 638
1305 685
1226 689
1180 690
1840 609
1714 624
1593 619
1501 637
1396 638
1354 642
1130 667
1765 587
1562 571
1463 616
1362 633
1255 648
1166 647
1100 663
1694 568
1379 606
1149 635
1073 647
1777 510
1584 534
1398 477
972 610
899 645
1821 448
1514 493
1318 519
1153 577
835 640
775 653
1333 361
1149 500
885 550
816 598
748 587
1251 341
841 388
783 548
696 575
635 561
558 592
1119 120
883 280
536 524
484 549
472 110
297 188
260 315
249 406
201 527
188 566
