1771 695
1629 694
1432 705
1327 717
1731 688
1648 687
1437 707
1395 703
1335 702
1286 712
1725 668
1555 649
1482 688
1417 698
1370 692
1297 672
1262 708
1870 644
1582 680
1503 670
1436 690
1376 693
1820 640
1709 641
1505 677
1355 683
1249 700
1183 697
1877 578
1753 648
1547 652
1306 680
1222 653
1893 620
1510 652
1178 688
1888 597
1703 595
1213 664
1490 609
1402 618
1287 627
1211 646
1055 662
1598 577
1461 609
1343 597
1139 620
932 659
1640 531
1423 563
1260 570
1172 604
1093 630
990 615
929 638
861 660
1562 450
1074 545
981 585
835 613
792 631
1264 441
993 551
892 583
816 590
726 591
692 568
1573 269
1253 354
894 499
772 542
996 230
810 395
672 428
538 544
478 484
446 574
540 328
429 368
307 502
291 505
