816 187
844 176
805 188
768 191
845 180
798 186
752 183
730 190
845 166
783 155
752 179
726 184
692 185
840 162
791 142
745 179
703 178
680 187
650 191
852 156
761 165
737 178
684 181
659 182
632 186
619 189
792 136
733 153
689 159
660 171
623 184
601 183
585 181
570 183
788 137
705 150
660 166
635 157
595 171
589 172
560 186
554 183
543 189
726 122
658 143
603 161
585 154
556 168
539 180
526 183
511 181
511 183
500 184
602 84
558 104
545 145
516 157
497 170
490 163
477 181
472 177
472 188
470 190
423 75
409 137
419 149
422 159
428 159
419 177
418 169
430 179
425 187
421 187
246 112
311 115
312 135
349 156
355 176
369 168
369 180
384 181
385 182
384 182
164 100
192 149
266 161
280 158
296 176
318 170
324 186
334 183
338 187
62 115
147 104
199 133
223 170
254 172
272 174
288 186
300 184
316 192
1 128
76 150
140 164
190 174
220 177
243 173
247 186
275 183
77 133
125 170
160 170
186 182
211 188
236 188
73 173
103 176
138 180
169 181
190 180
0 177
32 181
70 157
116 184
152 181
169 187
9 180
43 173
85 180
114 182
39 178
73 187
