848 171
810 190
782 191
833 182
794 189
768 191
835 170
790 182
762 163
725 186
839 175
782 177
753 176
710 165
690 187
853 170
791 178
750 169
706 182
687 181
656 184
807 157
772 163
717 167
675 179
656 183
636 178
617 182
762 145
705 166
657 161
624 176
607 173
593 185
580 188
567 188
751 65
661 132
640 152
600 167
568 165
564 155
542 181
528 185
528 189
739 78
634 114
601 132
565 155
531 171
527 170
510 173
507 179
496 186
495 181
555 73
501 121
496 140
483 116
471 164
473 170
457 169
450 184
457 185
454 167
341 50
366 135
372 155
385 165
399 169
396 167
396 171
407 181
413 179
410 183
42 68
221 119
279 151
301 153
324 157
336 175
342 182
347 180
367 179
365 180
138 89
211 151
231 168
269 165
283 175
300 182
313 184
326 181
334 187
4 83
82 146
150 153
185 159
230 177
252 183
267 186
277 181
296 170
46 150
110 162
156 177
190 173
222 182
230 180
257 185
58 161
98 178
137 174
174 175
198 184
215 191
36 175
87 179
132 184
147 189
176 189
47 183
75 182
103 187
138 190
11 176
57 180
77 186
11 188
43 190
13 181
