822 185
835 178
799 187
835 183
788 185
765 181
739 191
842 173
816 177
766 177
738 186
714 188
825 172
777 176
747 179
720 183
678 189
654 189
797 157
750 166
705 178
689 174
656 187
635 190
789 163
730 173
690 165
661 173
638 182
609 185
592 189
803 143
751 138
703 163
653 172
634 174
601 180
586 188
566 188
557 189
775 137
671 157
636 158
601 167
581 165
559 172
552 177
537 187
520 187
664 103
611 143
579 152
542 164
544 161
520 171
505 180
505 185
492 185
492 186
541 109
528 143
511 156
495 163
480 173
479 176
460 181
467 176
458 168
460 191
427 116
402 147
417 149
425 153
414 174
429 179
426 181
419 177
427 186
426 189
225 99
288 123
323 138
336 160
347 157
358 170
368 168
384 185
386 183
383 188
4 47
145 130
231 147
275 156
303 164
314 166
329 182
335 181
342 166
357 182
101 130
165 153
206 165
236 166
262 179
291 172
295 186
310 185
320 182
15 138
86 160
128 162
177 174
205 177
242 180
256 180
272 186
284 184
61 169
113 172
165 182
197 184
215 188
236 190
44 141
105 180
141 178
162 187
185 188
209 191
27 167
95 181
121 182
148 181
172 182
40 171
78 179
106 185
137 187
22 186
70 169
101 188
17 163
50 181
8 184
