1908 423
1875 409
1796 416
1904 390
1730 431
1661 420
1816 397
1727 406
1654 412
1856 374
1721 401
1758 377
1635 391
1472 395
1418 416
1403 418
1825 319
1547 380
1428 410
1348 409
1308 400
1289 411
1711 319
1457 371
1341 331
1252 401
1230 421
1309 334
1228 381
1186 409
1152 413
1113 420
1307 214
1136 342
1091 397
1104 401
1069 422
947 235
931 285
931 319
934 385
950 392
950 411
941 406
960 424
654 305
842 404
845 398
856 374
494 339
556 350
603 375
691 406
729 419
279 350
486 386
560 393
656 429
125 333
289 381
425 398
535 425
4 358
136 375
212 380
321 385
391 403
108 382
203 404
287 407
352 421
394 430
132 406
208 414
271 420
77 394
156 425
74 417
61 418
