442 427
428 427
413 428
377 427
510 424
492 419
474 420
458 421
441 424
424 421
407 419
392 423
375 420
354 423
510 414
496 411
476 411
456 412
441 414
423 415
403 414
390 414
370 414
349 414
515 407
497 403
478 403
463 403
441 394
422 401
404 401
388 403
370 402
351 400
513 393
493 392
475 383
456 392
437 393
423 390
397 390
383 393
363 390
339 394
533 379
514 379
496 380
472 381
452 383
435 383
411 381
394 384
373 383
356 378
526 360
508 371
485 366
464 370
445 368
423 367
403 367
379 368
357 371
335 367
533 356
507 353
489 355
466 354
445 354
425 352
401 357
375 354
359 350
334 358
537 344
517 345
489 339
466 347
443 341
424 344
395 344
376 347
356 335
333 341
551 329
528 331
500 330
481 333
452 326
428 326
409 331
386 326
360 325
337 330
559 313
536 310
510 309
483 307
462 312
435 312
414 307
384 310
357 315
331 315
556 294
527 294
501 296
476 294
446 288
424 296
401 295
375 299
346 294
319 296
556 274
529 271
501 269
475 274
447 272
416 268
386 266
357 268
326 275
302 275
578 246
548 248
516 250
484 251
454 240
424 252
393 248
365 249
334 246
310 250
584 222
553 227
522 223
490 223
459 220
427 223
397 219
365 224
336 227
298 225
595 189
556 197
519 189
482 187
452 188
415 193
387 188
352 192
311 196
285 195
592 153
555 151
518 154
486 150
451 156
415 153
380 162
342 157
302 155
263 156
616 109
576 105
536 115
498 114
462 115
425 108
380 117
346 116
307 109
268 109
640 61
592 58
551 54
510 61
475 56
423 59
379 61
334 66
301 62
249 58
693 5
501 7
347 1
252 2
