1641 681
1559 690
1479 689
1874 635
1752 661
1657 665
1569 675
1499 673
1400 682
1351 695
1285 686
1883 636
1772 653
1642 644
1563 666
1474 663
1394 663
1318 686
1732 640
1603 632
1502 656
1416 660
1184 688
1743 624
1493 645
1392 658
1127 665
1816 565
1659 586
1427 626
1296 643
1241 654
1159 668
1035 664
1227 622
1120 630
1081 665
1006 656
1604 557
1470 560
1332 599
1217 621
1047 622
1433 534
1268 570
1162 595
1068 620
981 623
892 641
856 648
1820 413
1559 468
1301 427
1063 570
797 627
1838 292
1294 460
1070 492
853 578
724 588
672 627
1383 271
913 422
826 464
731 449
936 106
586 361
453 522
373 569
315 44
104 512
